1 1696691604275
2 1696691604356
3 1696691604363
4 1696691604395
5 1696691604427
6 1696691604462
7 1696691604495
8 1696691604533
9 1696691604563
10 1696691604622
11 1696691604687
12 1696691604743
13 1696691604807
14 1696691604868
15 1696691604934
16 1696691604996
17 1696691605055
18 1696691605115
19 1696691605174
20 1696691605236
21 1696691605294
22 1696691605362
23 1696691605410
24 1696691605473
25 1696691605531
26 1696691605591
27 1696691605663
28 1696691605713
29 1696691605781
30 1696691605847
31 1696691605895
32 1696691605964
33 1696691606022
34 1696691606083
35 1696691606141
36 1696691606202
37 1696691606264
38 1696691606322
39 1696691606388
40 1696691606446
41 1696691606502
42 1696691606564
43 1696691606619
44 1696691606687
45 1696691606739
46 1696691606811
47 1696691606881
48 1696691606924
49 1696691606992
50 1696691607044
51 1696691607104
52 1696691607168
53 1696691607224
54 1696691607282
55 1696691607348
56 1696691607408
57 1696691607465
58 1696691607533
59 1696691607593
60 1696691607646
61 1696691607713
62 1696691607768
63 1696691607830
64 1696691607887
65 1696691607950
66 1696691608017
67 1696691608087
68 1696691608141
69 1696691608195
70 1696691608251
71 1696691608316
72 1696691608377
73 1696691608434
74 1696691608495
75 1696691608560
76 1696691608637
77 1696691608676
78 1696691608740
79 1696691608797
80 1696691608854
81 1696691608920
82 1696691608985
83 1696691609043
84 1696691609104
85 1696691609160
86 1696691609220
87 1696691609285
88 1696691609346
89 1696691609399
90 1696691609462
91 1696691609529
92 1696691609590
93 1696691609644
94 1696691609703
95 1696691609769
96 1696691609829
97 1696691609883
98 1696691609942
99 1696691610014
100 1696691610078
101 1696691610128
102 1696691610187
103 1696691610253
104 1696691610314
105 1696691610368
106 1696691610427
107 1696691610494
108 1696691610556
109 1696691610612
110 1696691610671
111 1696691610736
112 1696691610797
113 1696691610852
114 1696691610911
115 1696691610977
116 1696691611041
117 1696691611096
118 1696691611155
119 1696691611219
120 1696691611281
121 1696691611336
122 1696691611395
123 1696691611462
124 1696691611525
125 1696691611580
126 1696691611640
127 1696691611704
128 1696691611768
129 1696691611819
130 1696691611879
131 1696691611945
132 1696691612006
133 1696691612061
134 1696691612123
135 1696691612189
136 1696691612257
137 1696691612304
138 1696691612363
139 1696691612428
140 1696691612492
141 1696691612545
142 1696691612607
143 1696691612671
144 1696691612734
145 1696691612789
146 1696691612847
147 1696691612909
148 1696691612974
149 1696691613030
150 1696691613087
151 1696691613154
152 1696691613218
153 1696691613273
154 1696691613330
155 1696691613394
156 1696691613457
157 1696691613512
158 1696691613571
159 1696691613641
160 1696691613704
161 1696691613758
162 1696691613817
163 1696691613878
164 1696691613937
165 1696691613995
166 1696691614057
167 1696691614119
168 1696691614186
169 1696691614239
170 1696691614299
171 1696691614363
172 1696691614426
173 1696691614480
174 1696691614539
175 1696691614601
176 1696691614666
177 1696691614725
178 1696691614782
179 1696691614844
180 1696691614908
181 1696691614963
182 1696691615023
183 1696691615089
184 1696691615150
185 1696691615209
186 1696691615266
187 1696691615327
188 1696691615389
189 1696691615448
190 1696691615509
191 1696691615569
192 1696691615634
193 1696691615688
194 1696691615750
195 1696691615815
196 1696691615878
197 1696691615933
198 1696691615990
199 1696691616051
200 1696691616113
201 1696691616175
202 1696691616240
203 1696691616300
204 1696691616356
205 1696691616415
206 1696691616477
207 1696691616540
208 1696691616604
209 1696691616655
210 1696691616716
211 1696691616781
212 1696691616852
213 1696691616899
214 1696691616959
215 1696691617025
216 1696691617086
217 1696691617139
218 1696691617199
219 1696691617265
220 1696691617330
221 1696691617385
222 1696691617443
223 1696691617506
224 1696691617570
225 1696691617625
226 1696691617683
227 1696691617744
228 1696691617810
229 1696691617869
230 1696691617929
231 1696691617993
232 1696691618054
233 1696691618108
234 1696691618167
235 1696691618233
236 1696691618293
237 1696691618352
238 1696691618412
239 1696691618485
240 1696691618539
241 1696691618592
242 1696691618651
243 1696691618717
244 1696691618791
245 1696691618836
246 1696691618897
247 1696691618960
248 1696691619023
249 1696691619077
250 1696691619135
251 1696691619200
252 1696691619262
253 1696691619317
254 1696691619379
255 1696691619444
256 1696691619509
257 1696691619561
258 1696691619619
259 1696691619681
260 1696691619743
261 1696691619801
262 1696691619861
263 1696691619930
264 1696691619995
265 1696691620045
266 1696691620103
267 1696691620168
268 1696691620231
269 1696691620286
270 1696691620343
271 1696691620412
272 1696691620475
273 1696691620531
274 1696691620593
275 1696691620652
276 1696691620713
277 1696691620767
278 1696691620828
279 1696691620895
280 1696691620958
281 1696691621012
282 1696691621072
283 1696691621138
284 1696691621198
285 1696691621253
286 1696691621311
287 1696691621375
288 1696691621444
289 1696691621498
290 1696691621556
291 1696691621620
292 1696691621682
293 1696691621738
294 1696691621795
295 1696691621856
296 1696691621922
297 1696691621986
298 1696691622041
299 1696691622100
300 1696691622165
301 1696691622225
302 1696691622299
303 1696691622340
304 1696691622401
305 1696691622464
306 1696691622539
307 1696691622585
308 1696691622645
309 1696691622710
310 1696691622776
311 1696691622824
312 1696691622889
313 1696691622949
314 1696691623024
315 1696691623068
316 1696691623128
317 1696691623204
318 1696691623255
319 1696691623309
320 1696691623368
321 1696691623433
322 1696691623495
323 1696691623553
324 1696691623615
325 1696691623677
326 1696691623738
327 1696691623793
328 1696691623854
329 1696691623917
330 1696691623979
331 1696691624033
332 1696691624101
333 1696691624161
334 1696691624221
335 1696691624277
336 1696691624339
337 1696691624401
338 1696691624478
339 1696691624516
340 1696691624581
341 1696691624647
342 1696691624706
343 1696691624761
344 1696691624820
345 1696691624886
346 1696691624947
347 1696691625002
348 1696691625063
349 1696691625131
350 1696691625190
351 1696691625246
352 1696691625306
353 1696691625368
354 1696691625430
355 1696691625486
356 1696691625546
357 1696691625615
358 1696691625682
359 1696691625730
360 1696691625790
361 1696691625854
362 1696691625913
363 1696691625970
364 1696691626030
365 1696691626092
366 1696691626157
367 1696691626214
368 1696691626274
369 1696691626337
370 1696691626398
371 1696691626454
372 1696691626514
373 1696691626577
374 1696691626638
375 1696691626698
376 1696691626760
377 1696691626832
378 1696691626880
379 1696691626936
380 1696691626999
381 1696691627060
382 1696691627121
383 1696691627181
384 1696691627243
385 1696691627305
386 1696691627371
387 1696691627420
388 1696691627482
389 1696691627546
390 1696691627606
391 1696691627660
392 1696691627727
393 1696691627797
394 1696691627851
395 1696691627904
396 1696691627966
397 1696691628030
398 1696691628091
399 1696691628145
400 1696691628213
401 1696691628274
402 1696691628335
403 1696691628388
404 1696691628449
405 1696691628515
406 1696691628579
407 1696691628629
408 1696691628688
409 1696691628770
410 1696691628819
411 1696691628873
412 1696691628935
413 1696691628998
414 1696691629061
415 1696691629112
416 1696691629174
417 1696691629238
418 1696691629301
419 1696691629357
420 1696691629421
421 1696691629481
422 1696691629542
423 1696691629597
424 1696691629658
425 1696691629721
426 1696691629780
427 1696691629840
428 1696691629900
429 1696691629965
430 1696691630027
431 1696691630082
432 1696691630144
433 1696691630205
434 1696691630265
435 1696691630325
436 1696691630390
437 1696691630450
438 1696691630507
439 1696691630564
440 1696691630630
441 1696691630690
442 1696691630752
443 1696691630812
444 1696691630872
445 1696691630934
446 1696691630995
447 1696691631049
448 1696691631109
449 1696691631174
450 1696691631236
451 1696691631290
452 1696691631353
453 1696691631422
454 1696691631479
455 1696691631533
456 1696691631594
457 1696691631657
458 1696691631719
459 1696691631773
460 1696691631834
461 1696691631903
462 1696691631963
463 1696691632017
464 1696691632078
465 1696691632142
466 1696691632204
467 1696691632257
468 1696691632319
469 1696691632385
470 1696691632447
471 1696691632501
472 1696691632563
473 1696691632633
474 1696691632687
475 1696691632741
476 1696691632802
477 1696691632866
478 1696691632929
479 1696691632985
480 1696691633047
481 1696691633110
482 1696691633170
483 1696691633225
484 1696691633286
485 1696691633349
486 1696691633410
487 1696691633471
488 1696691633531
489 1696691633597
490 1696691633654
491 1696691633713
492 1696691633774
493 1696691633832
494 1696691633893
495 1696691633953
496 1696691634019
497 1696691634078
498 1696691634138
499 1696691634193
500 1696691634257
501 1696691634318
502 1696691634379
503 1696691634433
504 1696691634502
505 1696691634562
506 1696691634623
507 1696691634678
508 1696691634743
509 1696691634802
510 1696691634863
511 1696691634917
512 1696691634982
513 1696691635048
514 1696691635108
515 1696691635161
516 1696691635221
517 1696691635287
518 1696691635348
519 1696691635401
520 1696691635461
521 1696691635530
522 1696691635592
523 1696691635645
524 1696691635706
525 1696691635769
526 1696691635831
527 1696691635886
528 1696691635949
529 1696691636010
530 1696691636075
531 1696691636129
532 1696691636194
533 1696691636264
534 1696691636315
535 1696691636374
536 1696691636434
537 1696691636494
538 1696691636556
539 1696691636614
540 1696691636681
541 1696691636739
542 1696691636800
543 1696691636852
544 1696691636912
545 1696691636976
546 1696691637037
547 1696691637124
548 1696691637157
549 1696691637218
550 1696691637282
551 1696691637341
552 1696691637402
553 1696691637458
554 1696691637520
555 1696691637587
556 1696691637647
557 1696691637702
558 1696691637764
559 1696691637826
560 1696691637887
561 1696691637942
562 1696691638006
563 1696691638067
564 1696691638130
565 1696691638186
566 1696691638251
567 1696691638311
568 1696691638372
569 1696691638426
570 1696691638490
571 1696691638549
572 1696691638610
573 1696691638670
574 1696691638735
575 1696691638793
576 1696691638855
577 1696691638910
578 1696691638975
579 1696691639035
580 1696691639096
581 1696691639153
582 1696691639219
583 1696691639278
584 1696691639338
585 1696691639393
586 1696691639456
587 1696691639519
588 1696691639580
589 1696691639634
590 1696691639703
591 1696691639763
592 1696691639823
593 1696691639878
594 1696691639943
595 1696691640003
596 1696691640064
597 1696691640118
598 1696691640187
599 1696691640247
600 1696691640308
601 1696691640362
602 1696691640424
603 1696691640487
604 1696691640548
605 1696691640602
606 1696691640663
607 1696691640732
608 1696691640792
609 1696691640846
610 1696691640908
611 1696691640971
612 1696691641031
613 1696691641085
614 1696691641149
615 1696691641211
616 1696691641287
617 1696691641330
618 1696691641391
619 1696691641455
620 1696691641516
621 1696691641569
622 1696691641632
623 1696691641694
624 1696691641768
625 1696691641813
626 1696691641876
627 1696691641938
628 1696691642000
629 1696691642054
630 1696691642116
631 1696691642179
632 1696691642241
633 1696691642298
634 1696691642360
635 1696691642426
636 1696691642489
637 1696691642538
638 1696691642600
639 1696691642663
640 1696691642724
641 1696691642787
642 1696691642846
643 1696691642910
644 1696691642968
645 1696691643022
646 1696691643085
647 1696691643148
648 1696691643208
649 1696691643264
650 1696691643331
651 1696691643399
652 1696691643452
653 1696691643505
654 1696691643567
655 1696691643630
656 1696691643692
657 1696691643746
658 1696691643808
659 1696691643883
660 1696691643934
661 1696691643991
662 1696691644051
663 1696691644115
664 1696691644175
665 1696691644231
666 1696691644291
667 1696691644359
668 1696691644426
669 1696691644474
670 1696691644537
671 1696691644602
672 1696691644664
673 1696691644714
674 1696691644774
675 1696691644838
676 1696691644903
677 1696691644959
678 1696691645020
679 1696691645091
680 1696691645143
681 1696691645200
682 1696691645260
683 1696691645322
684 1696691645387
685 1696691645443
686 1696691645506
687 1696691645577
688 1696691645627
689 1696691645682
690 1696691645747
691 1696691645807
692 1696691645867
693 1696691645926
694 1696691645992
695 1696691646059
696 1696691646112
697 1696691646166
698 1696691646228
699 1696691646290
700 1696691646351
701 1696691646407
702 1696691646474
703 1696691646535
704 1696691646596
705 1696691646650
706 1696691646713
707 1696691646775
708 1696691646836
709 1696691646890
710 1696691646960
711 1696691647018
712 1696691647081
713 1696691647134
714 1696691647199
715 1696691647259
716 1696691647320
717 1696691647374
718 1696691647439
719 1696691647508
720 1696691647565
721 1696691647618
722 1696691647680
723 1696691647742
724 1696691647814
725 1696691647858
726 1696691647919
727 1696691647983
728 1696691648048
729 1696691648102
730 1696691648164
731 1696691648230
732 1696691648302
733 1696691648342
734 1696691648402
735 1696691648468
736 1696691648536
737 1696691648586
738 1696691648645
739 1696691648709
740 1696691648769
741 1696691648829
742 1696691648891
743 1696691648951
744 1696691649013
745 1696691649070
746 1696691649133
747 1696691649198
748 1696691649260
749 1696691649310
750 1696691649372
751 1696691649435
752 1696691649497
753 1696691649554
754 1696691649615
755 1696691649678
756 1696691649740
757 1696691649795
758 1696691649854
759 1696691649920
760 1696691649981
761 1696691650037
762 1696691650099
763 1696691650163
764 1696691650224
765 1696691650278
766 1696691650339
767 1696691650402
768 1696691650466
769 1696691650519
770 1696691650582
771 1696691650648
772 1696691650708
773 1696691650762
774 1696691650823
775 1696691650887
776 1696691650949
777 1696691651003
778 1696691651062
779 1696691651135
780 1696691651198
781 1696691651248
782 1696691651308
783 1696691651371
784 1696691651435
785 1696691651487
786 1696691651547
787 1696691651611
788 1696691651677
789 1696691651731
790 1696691651791
791 1696691651857
792 1696691651921
793 1696691651971
794 1696691652031
795 1696691652090
796 1696691652155
797 1696691652219
798 1696691652278
799 1696691652334
800 1696691652400
801 1696691652459
802 1696691652526
803 1696691652575
804 1696691652636
805 1696691652710
806 1696691652759
807 1696691652818
808 1696691652884
809 1696691652943
810 1696691653006
811 1696691653058
812 1696691653121
813 1696691653183
814 1696691653254
815 1696691653302
816 1696691653364
817 1696691653428
818 1696691653489
819 1696691653544
820 1696691653604
821 1696691653669
822 1696691653733
823 1696691653787
824 1696691653849
825 1696691653912
826 1696691653974
827 1696691654027
828 1696691654088
829 1696691654152
830 1696691654211
831 1696691654271
832 1696691654334
833 1696691654396
834 1696691654457
835 1696691654511
836 1696691654572
837 1696691654636
838 1696691654697
839 1696691654755
840 1696691654817
841 1696691654878
842 1696691654953
843 1696691654995
844 1696691655055
845 1696691655121
846 1696691655181
847 1696691655237
848 1696691655300
849 1696691655364
850 1696691655425
851 1696691655481
852 1696691655541
853 1696691655603
854 1696691655665
855 1696691655720
856 1696691655780
857 1696691655847
858 1696691655910
859 1696691655963
860 1696691656024
861 1696691656088
862 1696691656148
863 1696691656204
864 1696691656266
865 1696691656331
866 1696691656392
867 1696691656448
868 1696691656513
869 1696691656572
870 1696691656633
871 1696691656687
872 1696691656749
873 1696691656811
874 1696691656884
875 1696691656931
876 1696691656992
877 1696691657056
878 1696691657115
879 1696691657171
880 1696691657234
881 1696691657295
882 1696691657357
883 1696691657415
884 1696691657480
885 1696691657541
886 1696691657600
887 1696691657655
888 1696691657720
889 1696691657780
890 1696691657839
891 1696691657899
892 1696691657964
893 1696691658024
894 1696691658085
895 1696691658139
896 1696691658203
897 1696691658264
898 1696691658331
899 1696691658379
900 1696691658447
901 1696691658515
902 1696691658565
903 1696691658623
904 1696691658688
905 1696691658749
906 1696691658809
907 1696691658863
908 1696691658931
909 1696691658993
910 1696691659058
911 1696691659107
912 1696691659172
913 1696691659232
914 1696691659293
915 1696691659347
916 1696691659409
917 1696691659477
918 1696691659537
919 1696691659592
920 1696691659654
921 1696691659715
922 1696691659780
923 1696691659831
924 1696691659891
925 1696691659955
926 1696691660025
927 1696691660076
928 1696691660138
929 1696691660200
930 1696691660269
931 1696691660315
932 1696691660375
933 1696691660439
934 1696691660509
935 1696691660560
936 1696691660625
937 1696691660686
938 1696691660749
939 1696691660800
940 1696691660861
941 1696691660925
942 1696691660985
943 1696691661044
944 1696691661104
945 1696691661167
946 1696691661229
947 1696691661284
948 1696691661345
949 1696691661408
950 1696691661469
951 1696691661527
952 1696691661590
953 1696691661651
954 1696691661714
955 1696691661767
956 1696691661832
957 1696691661892
958 1696691661953
959 1696691662007
960 1696691662072
961 1696691662142
962 1696691662197
963 1696691662254
964 1696691662313
965 1696691662376
966 1696691662437
967 1696691662493
968 1696691662554
969 1696691662620
970 1696691662681
971 1696691662737
972 1696691662796
973 1696691662861
974 1696691662921
975 1696691662977
976 1696691663037
977 1696691663105
978 1696691663166
979 1696691663219
980 1696691663280
981 1696691663344
982 1696691663405
983 1696691663460
984 1696691663519
985 1696691663583
986 1696691663651
987 1696691663705
988 1696691663768
989 1696691663836
990 1696691663894
991 1696691663943
992 1696691664004
993 1696691664068
994 1696691664142
995 1696691664187
996 1696691664248
997 1696691664311
998 1696691664383
999 1696691664428
1000 1696691664488
1001 1696691664552
1002 1696691664612
1003 1696691664671
1004 1696691664733
1005 1696691664797
1006 1696691664859
1007 1696691664911
1008 1696691664973
1009 1696691665035
1010 1696691665098
1011 1696691665151
1012 1696691665215
1013 1696691665281
1014 1696691665340
1015 1696691665395
1016 1696691665455
1017 1696691665532
1018 1696691665585
1019 1696691665636
1020 1696691665701
1021 1696691665765
1022 1696691665831
1023 1696691665879
1024 1696691665939
1025 1696691666004
1026 1696691666068
1027 1696691666120
1028 1696691666180
1029 1696691666248
1030 1696691666309
1031 1696691666364
1032 1696691666423
1033 1696691666488
1034 1696691666550
1035 1696691666604
1036 1696691666663
1037 1696691666732
1038 1696691666801
1039 1696691666848
1040 1696691666907
1041 1696691666973
1042 1696691667034
1043 1696691667089
1044 1696691667146
1045 1696691667207
1046 1696691667277
1047 1696691667352
1048 1696691667391
1049 1696691667451
1050 1696691667517
1051 1696691667576
1052 1696691667638
1053 1696691667691
1054 1696691667753
1055 1696691667820
1056 1696691667887
1057 1696691667935
1058 1696691667996
1059 1696691668061
1060 1696691668122
1061 1696691668176
1062 1696691668235
1063 1696691668312
1064 1696691668367
1065 1696691668420
1066 1696691668482
1067 1696691668542
1068 1696691668602
1069 1696691668660
1070 1696691668724
1071 1696691668785
1072 1696691668853
1073 1696691668904
1074 1696691668967
1075 1696691669029
1076 1696691669091
1077 1696691669143
1078 1696691669204
1079 1696691669268
1080 1696691669343
1081 1696691669388
1082 1696691669449
1083 1696691669513
1084 1696691669575
1085 1696691669628
1086 1696691669689
1087 1696691669754
1088 1696691669815
1089 1696691669872
1090 1696691669934
1091 1696691669998
1092 1696691670062
1093 1696691670112
1094 1696691670172
1095 1696691670237
1096 1696691670309
1097 1696691670352
1098 1696691670421
1099 1696691670481
1100 1696691670542
1101 1696691670595
1102 1696691670657
1103 1696691670720
1104 1696691670785
1105 1696691670835
1106 1696691670901
1107 1696691670964
1108 1696691671030
1109 1696691671080
1110 1696691671141
1111 1696691671205
1112 1696691671266
1113 1696691671320
1114 1696691671381
1115 1696691671457
1116 1696691671520
1117 1696691671564
1118 1696691671624
1119 1696691671689
1120 1696691671750
1121 1696691671804
1122 1696691671863
1123 1696691671928
1124 1696691671993
1125 1696691672049
1126 1696691672108
1127 1696691672172
1128 1696691672234
1129 1696691672290
1130 1696691672350
1131 1696691672414
1132 1696691672477
1133 1696691672533
1134 1696691672595
1135 1696691672657
1136 1696691672718
1137 1696691672772
1138 1696691672837
1139 1696691672896
1140 1696691672958
1141 1696691673016
1142 1696691673078
1143 1696691673152
1144 1696691673203
1145 1696691673257
1146 1696691673319
1147 1696691673380
1148 1696691673443
1149 1696691673501
1150 1696691673565
1151 1696691673636
1152 1696691673684
1153 1696691673740
1154 1696691673801
1155 1696691673864
1156 1696691673924
1157 1696691673981
1158 1696691674049
1159 1696691674109
1160 1696691674170
1161 1696691674224
1162 1696691674285
1163 1696691674348
1164 1696691674410
1165 1696691674465
1166 1696691674529
1167 1696691674592
1168 1696691674670
1169 1696691674709
1170 1696691674768
1171 1696691674833
1172 1696691674894
1173 1696691674950
1174 1696691675008
1175 1696691675089
1176 1696691675137
1177 1696691675197
1178 1696691675257
1179 1696691675324
1180 1696691675371
1181 1696691675431
1182 1696691675492
1183 1696691675557
1184 1696691675622
1185 1696691675677
1186 1696691675739
1187 1696691675800
1188 1696691675861
1189 1696691675916
1190 1696691675981
1191 1696691676041
1192 1696691676105
1193 1696691676160
1194 1696691676223
1195 1696691676285
1196 1696691676344
1197 1696691676400
1198 1696691676465
1199 1696691676526
1200 1696691676586
1201 1696691676645
1202 1696691676709
1203 1696691676776
1204 1696691676830
1205 1696691676884
1206 1696691676946
1207 1696691677009
1208 1696691677070
1209 1696691677125
1210 1696691677194
1211 1696691677253
1212 1696691677314
1213 1696691677369
1214 1696691677430
1215 1696691677494
1216 1696691677553
1217 1696691677609
1218 1696691677677
1219 1696691677737
1220 1696691677798
1221 1696691677853
1222 1696691677915
1223 1696691677976
1224 1696691678037
1225 1696691678093
1226 1696691678155
1227 1696691678221
1228 1696691678283
1229 1696691678336
1230 1696691678397
1231 1696691678462
1232 1696691678529
1233 1696691678577
1234 1696691678637
1235 1696691678714
1236 1696691678771
1237 1696691678821
1238 1696691678882
1239 1696691678944
1240 1696691679007
1241 1696691679061
1242 1696691679122
1243 1696691679185
1244 1696691679256
1245 1696691679305
1246 1696691679366
1247 1696691679438
1248 1696691679491
1249 1696691679545
1250 1696691679604
1251 1696691679670
1252 1696691679730
1253 1696691679790
1254 1696691679849
1255 1696691679922
1256 1696691679975
1257 1696691680029
1258 1696691680090
1259 1696691680154
1260 1696691680215
1261 1696691680274
1262 1696691680334
1263 1696691680398
1264 1696691680459
1265 1696691680513
1266 1696691680574
1267 1696691680637
1268 1696691680699
1269 1696691680752
1270 1696691680817
1271 1696691680883
1272 1696691680943
1273 1696691680998
1274 1696691681059
1275 1696691681121
1276 1696691681187
1277 1696691681240
1278 1696691681303
1279 1696691681366
1280 1696691681426
1281 1696691681481
1282 1696691681542
1283 1696691681606
1284 1696691681666
1285 1696691681722
1286 1696691681784
1287 1696691681856
1288 1696691681911
1289 1696691681965
1290 1696691682026
1291 1696691682089
1292 1696691682151
1293 1696691682206
1294 1696691682264
1295 1696691682324
1296 1696691682394
1297 1696691682455
1298 1696691682512
1299 1696691682568
1300 1696691682630
1301 1696691682693
1302 1696691682756
1303 1696691682809
1304 1696691682874
1305 1696691682942
1306 1696691682999
1307 1696691683053
1308 1696691683114
1309 1696691683179
1310 1696691683238
1311 1696691683293
1312 1696691683355
1313 1696691683429
1314 1696691683487
1315 1696691683538
1316 1696691683598
1317 1696691683662
1318 1696691683723
1319 1696691683777
1320 1696691683837
1321 1696691683916
1322 1696691683966
1323 1696691684021
1324 1696691684080
1325 1696691684155
1326 1696691684208
1327 1696691684261
1328 1696691684321
1329 1696691684386
1330 1696691684456
1331 1696691684505
1332 1696691684565
1333 1696691684631
1334 1696691684691
1335 1696691684745
1336 1696691684804
1337 1696691684866
1338 1696691684931
1339 1696691684996
1340 1696691685054
1341 1696691685111
1342 1696691685170
1343 1696691685233
1344 1696691685293
1345 1696691685353
1346 1696691685413
1347 1696691685473
1348 1696691685535
1349 1696691685608
1350 1696691685659
1351 1696691685713
1352 1696691685773
1353 1696691685838
1354 1696691685899
1355 1696691685953
1356 1696691686019
1357 1696691686082
1358 1696691686144
1359 1696691686197
1360 1696691686260
1361 1696691686322
1362 1696691686384
1363 1696691686436
1364 1696691686498
1365 1696691686572
1366 1696691686627
1367 1696691686681
1368 1696691686743
1369 1696691686806
1370 1696691686867
1371 1696691686920
1372 1696691686982
1373 1696691687058
1374 1696691687119
1375 1696691687165
1376 1696691687226
1377 1696691687291
1378 1696691687351
1379 1696691687406
1380 1696691687467
1381 1696691687540
1382 1696691687595
1383 1696691687649
1384 1696691687710
1385 1696691687774
1386 1696691687835
1387 1696691687889
1388 1696691687949
1389 1696691688016
1390 1696691688084
1391 1696691688133
1392 1696691688194
1393 1696691688278
1394 1696691688324
1395 1696691688373
1396 1696691688433
1397 1696691688499
1398 1696691688559
1399 1696691688617
1400 1696691688677
1401 1696691688752
1402 1696691688812
1403 1696691688858
1404 1696691688917
1405 1696691688983
1406 1696691689055
1407 1696691689098
1408 1696691689162
1409 1696691689237
1410 1696691689296
1411 1696691689342
1412 1696691689401
1413 1696691689467
1414 1696691689527
1415 1696691689583
1416 1696691689645
1417 1696691689711
1418 1696691689775
1419 1696691689827
1420 1696691689885
1421 1696691689948
1422 1696691690011
1423 1696691690066
1424 1696691690130
1425 1696691690194
1426 1696691690265
1427 1696691690309
1428 1696691690370
1429 1696691690433
1430 1696691690496
1431 1696691690549
1432 1696691690609
1433 1696691690683
1434 1696691690743
1435 1696691690795
1436 1696691690853
1437 1696691690918
1438 1696691690980
1439 1696691691035
1440 1696691691093
1441 1696691691157
1442 1696691691224
1443 1696691691278
1444 1696691691337
1445 1696691691401
1446 1696691691463
1447 1696691691518
1448 1696691691577
1449 1696691691643
1450 1696691691704
1451 1696691691762
1452 1696691691822
1453 1696691691894
1454 1696691691948
1455 1696691692002
1456 1696691692061
1457 1696691692125
1458 1696691692188
1459 1696691692246
1460 1696691692305
1461 1696691692371
1462 1696691692434
1463 1696691692486
1464 1696691692546
1465 1696691692609
1466 1696691692672
1467 1696691692726
1468 1696691692789
1469 1696691692857
1470 1696691692915
1471 1696691692970
1472 1696691693029
1473 1696691693094
1474 1696691693156
1475 1696691693210
1476 1696691693273
1477 1696691693339
1478 1696691693408
1479 1696691693454
1480 1696691693513
1481 1696691693579
1482 1696691693639
1483 1696691693694
1484 1696691693753
1485 1696691693823
1486 1696691693884
1487 1696691693938
1488 1696691693997
1489 1696691694061
1490 1696691694124
1491 1696691694178
1492 1696691694238
1493 1696691694304
1494 1696691694368
1495 1696691694422
1496 1696691694481
1497 1696691694547
1498 1696691694608
1499 1696691694662
1500 1696691694721
1501 1696691694787
1502 1696691694852
1503 1696691694907
1504 1696691694965
1505 1696691695031
1506 1696691695092
1507 1696691695146
1508 1696691695205
1509 1696691695272
1510 1696691695332
1511 1696691695390
1512 1696691695450
1513 1696691695523
1514 1696691695585
1515 1696691695631
1516 1696691695689
1517 1696691695755
1518 1696691695816
1519 1696691695874
1520 1696691695934
1521 1696691696000
1522 1696691696069
1523 1696691696115
1524 1696691696173
1525 1696691696240
1526 1696691696305
1527 1696691696354
1528 1696691696417
1529 1696691696494
1530 1696691696557
1531 1696691696598
1532 1696691696658
1533 1696691696724
1534 1696691696784
1535 1696691696838
1536 1696691696898
1537 1696691696968
1538 1696691697029
1539 1696691697083
1540 1696691697142
1541 1696691697208
1542 1696691697269
1543 1696691697323
1544 1696691697381
1545 1696691697446
1546 1696691697512
1547 1696691697586
1548 1696691697628
1549 1696691697685
1550 1696691697748
1551 1696691697812
1552 1696691697872
1553 1696691697926
1554 1696691697991
1555 1696691698054
1556 1696691698116
1557 1696691698170
1558 1696691698231
1559 1696691698292
1560 1696691698351
1561 1696691698412
1562 1696691698480
1563 1696691698547
1564 1696691698597
1565 1696691698653
1566 1696691698713
1567 1696691698774
1568 1696691698839
1569 1696691698899
1570 1696691698959
1571 1696691699023
1572 1696691699079
1573 1696691699137
1574 1696691699202
1575 1696691699264
1576 1696691699324
1577 1696691699378
1578 1696691699440
1579 1696691699505
1580 1696691699567
1581 1696691699622
1582 1696691699684
1583 1696691699757
1584 1696691699808
1585 1696691699862
1586 1696691699923
1587 1696691699986
1588 1696691700053
1589 1696691700106
1590 1696691700167
1591 1696691700231
1592 1696691700297
1593 1696691700346
1594 1696691700406
1595 1696691700472
1596 1696691700543
1597 1696691700590
1598 1696691700650
1599 1696691700718
1600 1696691700779
1601 1696691700831
1602 1696691700890
1603 1696691700956
1604 1696691701018
1605 1696691701071
1606 1696691701134
1607 1696691701210
1608 1696691701269
1609 1696691701315
1610 1696691701374
1611 1696691701441
1612 1696691701503
1613 1696691701555
1614 1696691701619
1615 1696691701684
1616 1696691701744
1617 1696691701798
1618 1696691701860
1619 1696691701923
1620 1696691701984
1621 1696691702039
1622 1696691702098
1623 1696691702175
1624 1696691702230
1625 1696691702284
1626 1696691702344
1627 1696691702407
1628 1696691702467
1629 1696691702523
1630 1696691702583
1631 1696691702658
1632 1696691702711
1633 1696691702768
1634 1696691702828
1635 1696691702891
1636 1696691702951
1637 1696691703008
1638 1696691703068
1639 1696691703131
1640 1696691703198
1641 1696691703251
1642 1696691703313
1643 1696691703378
1644 1696691703437
1645 1696691703491
1646 1696691703551
1647 1696691703616
1648 1696691703675
1649 1696691703734
1650 1696691703794
1651 1696691703856
1652 1696691703919
1653 1696691703980
1654 1696691704039
1655 1696691704100
1656 1696691704160
1657 1696691704219
1658 1696691704282
1659 1696691704343
1660 1696691704407
1661 1696691704458
1662 1696691704523
1663 1696691704583
1664 1696691704639
1665 1696691704700
1666 1696691704769
1667 1696691704830
1668 1696691704888
1669 1696691704942
1670 1696691705007
1671 1696691705068
1672 1696691705128
1673 1696691705182
1674 1696691705253
1675 1696691705312
1676 1696691705372
1677 1696691705426
1678 1696691705490
1679 1696691705551
1680 1696691705613
1681 1696691705667
1682 1696691705729
1683 1696691705796
1684 1696691705858
1685 1696691705910
1686 1696691705971
1687 1696691706036
1688 1696691706096
1689 1696691706151
1690 1696691706211
1691 1696691706279
1692 1696691706342
1693 1696691706395
1694 1696691706456
1695 1696691706523
1696 1696691706580
1697 1696691706635
1698 1696691706696
1699 1696691706760
1700 1696691706825
1701 1696691706879
1702 1696691706941
1703 1696691707003
1704 1696691707064
1705 1696691707119
1706 1696691707182
1707 1696691707255
1708 1696691707304
1709 1696691707363
1710 1696691707424
1711 1696691707496
1712 1696691707558
1713 1696691707602
1714 1696691707665
1715 1696691707728
1716 1696691707790
1717 1696691707846
1718 1696691707908
1719 1696691707972
1720 1696691708041
1721 1696691708087
1722 1696691708150
1723 1696691708212
1724 1696691708273
1725 1696691708328
1726 1696691708394
1727 1696691708465
1728 1696691708517
1729 1696691708571
1730 1696691708633
1731 1696691708695
1732 1696691708757
1733 1696691708811
1734 1696691708873
1735 1696691708947
1736 1696691709001
1737 1696691709055
1738 1696691709116
1739 1696691709180
1740 1696691709241
1741 1696691709295
1742 1696691709356
1743 1696691709424
1744 1696691709485
1745 1696691709539
1746 1696691709599
1747 1696691709664
1748 1696691709725
1749 1696691709781
1750 1696691709841
1751 1696691709903
1752 1696691709968
1753 1696691710023
1754 1696691710084
1755 1696691710148
1756 1696691710209
1757 1696691710263
1758 1696691710324
1759 1696691710389
1760 1696691710452
1761 1696691710507
1762 1696691710568
1763 1696691710632
1764 1696691710693
1765 1696691710746
1766 1696691710806
1767 1696691710870
1768 1696691710933
1769 1696691710992
1770 1696691711050
1771 1696691711116
1772 1696691711177
1773 1696691711232
1774 1696691711291
1775 1696691711355
1776 1696691711418
1777 1696691711472
1778 1696691711535
1779 1696691711611
1780 1696691711661
1781 1696691711716
1782 1696691711775
1783 1696691711838
1784 1696691711900
1785 1696691711957
1786 1696691712019
1787 1696691712085
1788 1696691712146
1789 1696691712200
1790 1696691712260
1791 1696691712324
1792 1696691712385
1793 1696691712440
1794 1696691712498
1795 1696691712563
1796 1696691712629
1797 1696691712695
1798 1696691712745
1799 1696691712803
1800 1696691712867
1801 1696691712940
1802 1696691712989
1803 1696691713047
1804 1696691713110
1805 1696691713172
1806 1696691713233
1807 1696691713287
1808 1696691713349
1809 1696691713412
1810 1696691713473
1811 1696691713528
1812 1696691713593
1813 1696691713655
1814 1696691713717
1815 1696691713771
1816 1696691713834
1817 1696691713895
1818 1696691713957
1819 1696691714010
1820 1696691714072
1821 1696691714142
1822 1696691714210
1823 1696691714255
1824 1696691714317
1825 1696691714380
1826 1696691714443
1827 1696691714495
1828 1696691714554
1829 1696691714624
1830 1696691714684
1831 1696691714745
1832 1696691714804
1833 1696691714864
1834 1696691714925
1835 1696691714979
1836 1696691715044
1837 1696691715105
1838 1696691715163
1839 1696691715222
1840 1696691715289
1841 1696691715356
1842 1696691715409
1843 1696691715463
1844 1696691715525
1845 1696691715588
1846 1696691715649
1847 1696691715707
1848 1696691715768
1849 1696691715833
1850 1696691715894
1851 1696691715947
1852 1696691716008
1853 1696691716073
1854 1696691716133
1855 1696691716191
1856 1696691716251
1857 1696691716324
1858 1696691716386
1859 1696691716431
1860 1696691716492
1861 1696691716556
1862 1696691716617
1863 1696691716671
1864 1696691716734
1865 1696691716794
1866 1696691716854
1867 1696691716914
1868 1696691716974
1869 1696691717040
1870 1696691717102
1871 1696691717157
1872 1696691717221
1873 1696691717285
1874 1696691717346
1875 1696691717401
1876 1696691717460
1877 1696691717524
1878 1696691717586
1879 1696691717641
1880 1696691717704
1881 1696691717776
1882 1696691717838
1883 1696691717883
1884 1696691717945
1885 1696691718007
1886 1696691718070
1887 1696691718123
1888 1696691718184
1889 1696691718248
1890 1696691718314
1891 1696691718368
1892 1696691718430
1893 1696691718503
1894 1696691718553
1895 1696691718607
1896 1696691718671
1897 1696691718732
1898 1696691718798
1899 1696691718851
1900 1696691718913
1901 1696691718985
1902 1696691719053
1903 1696691719091
1904 1696691719152
1905 1696691719217
1906 1696691719289
1907 1696691719336
1908 1696691719397
1909 1696691719460
1910 1696691719523
1911 1696691719576
1912 1696691719637
1913 1696691719700
1914 1696691719760
1915 1696691719819
1916 1696691719880
1917 1696691719945
1918 1696691720006
1919 1696691720060
1920 1696691720122
1921 1696691720184
1922 1696691720245
1923 1696691720300
1924 1696691720366
1925 1696691720431
1926 1696691720490
1927 1696691720544
1928 1696691720606
1929 1696691720669
1930 1696691720730
1931 1696691720784
1932 1696691720844
1933 1696691720914
1934 1696691720974
1935 1696691721030
1936 1696691721093
1937 1696691721153
1938 1696691721214
1939 1696691721268
1940 1696691721331
1941 1696691721397
1942 1696691721458
1943 1696691721512
1944 1696691721573
1945 1696691721637
1946 1696691721698
1947 1696691721752
1948 1696691721813
1949 1696691721877
1950 1696691721940
1951 1696691721996
1952 1696691722059
1953 1696691722120
1954 1696691722182
1955 1696691722236
1956 1696691722299
1957 1696691722361
1958 1696691722425
1959 1696691722479
1960 1696691722541
1961 1696691722605
1962 1696691722666
1963 1696691722722
1964 1696691722782
1965 1696691722843
1966 1696691722903
1967 1696691722965
1968 1696691723029
1969 1696691723087
1970 1696691723150
1971 1696691723204
1972 1696691723266
1973 1696691723329
1974 1696691723390
1975 1696691723444
1976 1696691723511
1977 1696691723574
1978 1696691723634
1979 1696691723688
1980 1696691723750
1981 1696691723813
1982 1696691723873
1983 1696691723928
1984 1696691723994
1985 1696691724057
1986 1696691724118
1987 1696691724172
1988 1696691724234
1989 1696691724297
1990 1696691724358
1991 1696691724412
1992 1696691724472
1993 1696691724541
1994 1696691724604
1995 1696691724656
1996 1696691724717
1997 1696691724781
1998 1696691724842
1999 1696691724896
2000 1696691724957
2001 1696691725026
2002 1696691725085
2003 1696691725140
2004 1696691725201
2005 1696691725267
2006 1696691725326
2007 1696691725381
2008 1696691725443
2009 1696691725506
2010 1696691725570
2011 1696691725624
2012 1696691725689
2013 1696691725763
2014 1696691725810
2015 1696691725864
2016 1696691725925
2017 1696691725989
2018 1696691726051
2019 1696691726108
2020 1696691726168
2021 1696691726232
2022 1696691726302
2023 1696691726349
2024 1696691726413
2025 1696691726473
2026 1696691726539
2027 1696691726592
2028 1696691726657
2029 1696691726717
2030 1696691726786
2031 1696691726832
2032 1696691726897
2033 1696691726958
2034 1696691727016
2035 1696691727072
2036 1696691727141
2037 1696691727201
2038 1696691727263
2039 1696691727317
2040 1696691727379
2041 1696691727440
2042 1696691727506
2043 1696691727556
2044 1696691727615
2045 1696691727681
2046 1696691727746
2047 1696691727832
2048 1696691727865
2049 1696691727920
2050 1696691727984
2051 1696691728046
2052 1696691728107
2053 1696691728164
2054 1696691728230
2055 1696691728297
2056 1696691728359
2057 1696691728404
2058 1696691728469
2059 1696691728529
2060 1696691728590
2061 1696691728644
2062 1696691728710
2063 1696691728784
2064 1696691728834
2065 1696691728888
2066 1696691728948
2067 1696691729013
2068 1696691729074
2069 1696691729128
2070 1696691729193
2071 1696691729259
2072 1696691729319
2073 1696691729373
2074 1696691729433
2075 1696691729498
2076 1696691729561
2077 1696691729613
2078 1696691729674
2079 1696691729740
2080 1696691729803
2081 1696691729857
2082 1696691729919
2083 1696691729980
2084 1696691730043
2085 1696691730096
2086 1696691730157
2087 1696691730221
2088 1696691730288
2089 1696691730341
2090 1696691730401
2091 1696691730474
2092 1696691730543
2093 1696691730583
2094 1696691730639
2095 1696691730709
2096 1696691730774
2097 1696691730825
2098 1696691730884
2099 1696691730950
2100 1696691731011
2101 1696691731065
2102 1696691731124
2103 1696691731189
2104 1696691731250
2105 1696691731309
2106 1696691731369
2107 1696691731435
2108 1696691731496
2109 1696691731550
2110 1696691731608
2111 1696691731673
2112 1696691731735
2113 1696691731793
2114 1696691731852
2115 1696691731917
2116 1696691731979
2117 1696691732033
2118 1696691732092
2119 1696691732158
2120 1696691732218
2121 1696691732273
2122 1696691732337
2123 1696691732410
2124 1696691732463
2125 1696691732518
2126 1696691732577
2127 1696691732642
2128 1696691732703
2129 1696691732757
2130 1696691732819
2131 1696691732889
2132 1696691732948
2133 1696691733006
2134 1696691733066
2135 1696691733126
2136 1696691733182
2137 1696691733241
2138 1696691733306
2139 1696691733371
2140 1696691733431
2141 1696691733485
2142 1696691733546
2143 1696691733610
2144 1696691733669
2145 1696691733727
2146 1696691733787
2147 1696691733850
2148 1696691733915
2149 1696691733969
2150 1696691734033
2151 1696691734101
2152 1696691734155
2153 1696691734209
2154 1696691734272
2155 1696691734336
2156 1696691734400
2157 1696691734453
2158 1696691734516
2159 1696691734579
2160 1696691734642
2161 1696691734693
2162 1696691734754
2163 1696691734817
2164 1696691734879
2165 1696691734937
2166 1696691735002
2167 1696691735061
2168 1696691735123
2169 1696691735177
2170 1696691735239
2171 1696691735302
2172 1696691735363
2173 1696691735417
2174 1696691735483
2175 1696691735546
2176 1696691735607
2177 1696691735660
2178 1696691735722
2179 1696691735786
2180 1696691735847
2181 1696691735905
2182 1696691735968
2183 1696691736028
2184 1696691736087
2185 1696691736144
2186 1696691736206
2187 1696691736269
2188 1696691736331
2189 1696691736385
2190 1696691736447
2191 1696691736515
2192 1696691736584
2193 1696691736629
2194 1696691736690
2195 1696691736752
2196 1696691736814
2197 1696691736869
2198 1696691736931
2199 1696691737004
2200 1696691737059
2201 1696691737114
2202 1696691737175
2203 1696691737237
2204 1696691737299
2205 1696691737353
2206 1696691737413
2207 1696691737479
2208 1696691737552
2209 1696691737597
2210 1696691737658
2211 1696691737726
2212 1696691737783
2213 1696691737837
2214 1696691737896
2215 1696691737956
2216 1696691738016
2217 1696691738086
2218 1696691738146
2219 1696691738206
2220 1696691738269
2221 1696691738321
2222 1696691738382
2223 1696691738446
2224 1696691738508
2225 1696691738565
2226 1696691738626
2227 1696691738690
2228 1696691738752
2229 1696691738805
2230 1696691738864
2231 1696691738930
2232 1696691738991
2233 1696691739048
2234 1696691739109
2235 1696691739173
2236 1696691739235
2237 1696691739290
2238 1696691739349
2239 1696691739415
2240 1696691739475
2241 1696691739530
2242 1696691739593
2243 1696691739659
2244 1696691739719
2245 1696691739774
2246 1696691739834
2247 1696691739899
2248 1696691739959
2249 1696691740014
2250 1696691740074
2251 1696691740143
2252 1696691740211
2253 1696691740258
2254 1696691740317
2255 1696691740383
2256 1696691740443
2257 1696691740499
2258 1696691740559
2259 1696691740622
2260 1696691740687
2261 1696691740742
2262 1696691740803
2263 1696691740864
2264 1696691740927
2265 1696691740982
2266 1696691741041
2267 1696691741107
2268 1696691741171
2269 1696691741226
2270 1696691741285
2271 1696691741351
2272 1696691741414
2273 1696691741465
2274 1696691741525
2275 1696691741588
2276 1696691741651
2277 1696691741709
2278 1696691741770
2279 1696691741835
2280 1696691741896
2281 1696691741949
2282 1696691742009
2283 1696691742074
2284 1696691742136
2285 1696691742189
2286 1696691742253
2287 1696691742326
2288 1696691742388
2289 1696691742433
2290 1696691742493
2291 1696691742557
2292 1696691742619
2293 1696691742674
2294 1696691742737
2295 1696691742804
2296 1696691742862
2297 1696691742924
2298 1696691742977
2299 1696691743037
2300 1696691743103
2301 1696691743163
2302 1696691743224
2303 1696691743281
2304 1696691743342
2305 1696691743407
2306 1696691743472
2307 1696691743522
2308 1696691743580
2309 1696691743645
2310 1696691743707
2311 1696691743766
2312 1696691743825
2313 1696691743890
2314 1696691743951
2315 1696691744007
2316 1696691744065
2317 1696691744130
2318 1696691744192
2319 1696691744246
2320 1696691744315
2321 1696691744381
2322 1696691744430
2323 1696691744495
2324 1696691744556
2325 1696691744615
2326 1696691744673
2327 1696691744728
2328 1696691744794
2329 1696691744866
2330 1696691744915
2331 1696691744972
2332 1696691745040
2333 1696691745097
2334 1696691745153
2335 1696691745214
2336 1696691745279
2337 1696691745344
2338 1696691745398
2339 1696691745463
2340 1696691745520
2341 1696691745577
2342 1696691745642
2343 1696691745704
2344 1696691745763
2345 1696691745817
2346 1696691745887
2347 1696691745948
2348 1696691746001
2349 1696691746061
2350 1696691746121
2351 1696691746180
2352 1696691746243
2353 1696691746308
2354 1696691746368
2355 1696691746424
2356 1696691746484
2357 1696691746544
2358 1696691746605
2359 1696691746670
2360 1696691746740
2361 1696691746785
2362 1696691746845
2363 1696691746910
2364 1696691746974
2365 1696691747042
2366 1696691747089
2367 1696691747155
2368 1696691747216
2369 1696691747269
2370 1696691747335
2371 1696691747396
2372 1696691747453
2373 1696691747513
2374 1696691747585
2375 1696691747650
2376 1696691747699
2377 1696691747754
2378 1696691747819
2379 1696691747881
2380 1696691747943
2381 1696691747999
2382 1696691748057
2383 1696691748118
2384 1696691748183
2385 1696691748245
2386 1696691748297
2387 1696691748357
2388 1696691748418
2389 1696691748482
2390 1696691748542
2391 1696691748601
2392 1696691748661
2393 1696691748721
2394 1696691748780
2395 1696691748847
2396 1696691748902
2397 1696691748966
2398 1696691749026
2399 1696691749089
2400 1696691749149
2401 1696691749210
2402 1696691749268
2403 1696691749329
2404 1696691749385
2405 1696691749445
2406 1696691749508
2407 1696691749569
2408 1696691749629
2409 1696691749697
2410 1696691749758
2411 1696691749809
2412 1696691749875
2413 1696691749938
2414 1696691749995
2415 1696691750054
2416 1696691750119
2417 1696691750174
2418 1696691750233
2419 1696691750299
2420 1696691750359
2421 1696691750414
2422 1696691750475
2423 1696691750545
2424 1696691750616
2425 1696691750658
2426 1696691750717
2427 1696691750778
2428 1696691750838
2429 1696691750898
2430 1696691750957
2431 1696691751017
2432 1696691751081
2433 1696691751141
2434 1696691751202
2435 1696691751270
2436 1696691751327
2437 1696691751382
2438 1696691751447
2439 1696691751505
2440 1696691751566
2441 1696691751630
2442 1696691751695
2443 1696691751746
2444 1696691751807
2445 1696691751867
2446 1696691751926
2447 1696691751985
2448 1696691752045
2449 1696691752109
2450 1696691752175
2451 1696691752238
2452 1696691752289
2453 1696691752355
2454 1696691752417
2455 1696691752475
2456 1696691752531
2457 1696691752594
2458 1696691752654
2459 1696691752717
2460 1696691752779
2461 1696691752841
2462 1696691752893
2463 1696691752954
2464 1696691753019
2465 1696691753081
2466 1696691753137
2467 1696691753198
2468 1696691753257
2469 1696691753317
2470 1696691753377
2471 1696691753437
2472 1696691753497
2473 1696691753557
2474 1696691753617
2475 1696691753688
2476 1696691753747
2477 1696691753807
2478 1696691753861
2479 1696691753921
2480 1696691753981
2481 1696691754041
2482 1696691754109
2483 1696691754166
2484 1696691754240
2485 1696691754289
2486 1696691754350
2487 1696691754414
2488 1696691754466
2489 1696691754532
2490 1696691754586
2491 1696691754647
2492 1696691754720
2493 1696691754785
2494 1696691754832
2495 1696691754894
2496 1696691754954
2497 1696691755015
2498 1696691755075
2499 1696691755135
2500 1696691755195
2501 1696691755255
2502 1696691755315
2503 1696691755380
2504 1696691755440
2505 1696691755500
2506 1696691755554
2507 1696691755616
2508 1696691755679
2509 1696691755745
2510 1696691755799
2511 1696691755860
2512 1696691755924
2513 1696691755983
2514 1696691756038
2515 1696691756098
2516 1696691756163
2517 1696691756224
2518 1696691756284
2519 1696691756343
2520 1696691756410
2521 1696691756468
2522 1696691756523
2523 1696691756582
2524 1696691756646
2525 1696691756708
2526 1696691756775
2527 1696691756826
2528 1696691756891
2529 1696691756952
2530 1696691757011
2531 1696691757067
2532 1696691757131
2533 1696691757193
2534 1696691757247
2535 1696691757311
2536 1696691757375
2537 1696691757435
2538 1696691757491
2539 1696691757551
2540 1696691757615
2541 1696691757676
2542 1696691757731
2543 1696691757790
2544 1696691757854
2545 1696691757920
2546 1696691757982
2547 1696691758052
2548 1696691758094
2549 1696691758155
2550 1696691758220
2551 1696691758280
2552 1696691758345
2553 1696691758399
2554 1696691758458
2555 1696691758531
2556 1696691758589
2557 1696691758638
2558 1696691758704
2559 1696691758777
2560 1696691758818
2561 1696691758882
2562 1696691758942
2563 1696691759015
2564 1696691759069
2565 1696691759125
2566 1696691759188
2567 1696691759247
2568 1696691759305
2569 1696691759368
2570 1696691759431
2571 1696691759500
2572 1696691759549
2573 1696691759606
2574 1696691759671
2575 1696691759734
2576 1696691759796
2577 1696691759849
2578 1696691759914
2579 1696691759974
2580 1696691760034
2581 1696691760090
2582 1696691760150
2583 1696691760209
2584 1696691760278
2585 1696691760332
2586 1696691760389
2587 1696691760471
2588 1696691760514
2589 1696691760574
2590 1696691760641
2591 1696691760700
2592 1696691760755
2593 1696691760814
2594 1696691760876
2595 1696691760945
2596 1696691761005
2597 1696691761062
2598 1696691761125
2599 1696691761185
2600 1696691761241
2601 1696691761298
2602 1696691761361
2603 1696691761424
2604 1696691761490
2605 1696691761543
2606 1696691761605
2607 1696691761668
2608 1696691761729
2609 1696691761783
2610 1696691761844
2611 1696691761907
2612 1696691761969
2613 1696691762027
2614 1696691762088
2615 1696691762152
2616 1696691762213
2617 1696691762266
2618 1696691762327
2619 1696691762391
2620 1696691762453
2621 1696691762511
2622 1696691762576
2623 1696691762636
2624 1696691762714
2625 1696691762757
2626 1696691762816
2627 1696691762877
2628 1696691762935
2629 1696691762990
2630 1696691763056
2631 1696691763125
2632 1696691763179
2633 1696691763235
2634 1696691763296
2635 1696691763361
2636 1696691763421
2637 1696691763475
2638 1696691763540
2639 1696691763604
2640 1696691763665
2641 1696691763720
2642 1696691763780
2643 1696691763841
2644 1696691763905
2645 1696691763959
2646 1696691764020
2647 1696691764096
2648 1696691764148
2649 1696691764203
2650 1696691764266
2651 1696691764327
2652 1696691764388
2653 1696691764443
2654 1696691764505
2655 1696691764568
2656 1696691764633
2657 1696691764692
2658 1696691764752
2659 1696691764807
2660 1696691764872
2661 1696691764932
2662 1696691764991
2663 1696691765054
2664 1696691765111
2665 1696691765175
2666 1696691765230
2667 1696691765297
2668 1696691765369
2669 1696691765429
2670 1696691765470
2671 1696691765530
2672 1696691765590
2673 1696691765654
2674 1696691765714
2675 1696691765775
