1 1703948409630 1 101 5.254776 1 102 5.090564
2 1703948409877 2 101 5.053030 2 102 5.043646
3 1703948410122 3 101 5.034263 3 102 5.137481
4 1703948410374 1 101 5.231317 1 102 5.062413
5 1703948410619 2 101 5.099947 2 102 5.067105
6 1703948410864 3 101 5.010804 3 102 5.146865
7 1703948411110 1 101 5.254776 1 102 5.048338
8 1703948411356 2 101 5.085872 2 102 5.053030
9 1703948411603 3 101 5.010804 3 102 5.170324
10 1703948411849 1 101 5.226625 1 102 5.053030
11 1703948412093 2 101 5.076488 2 102 5.067105
12 1703948412343 3 101 5.038954 3 102 5.142173
13 1703948412590 1 101 5.226625 1 102 5.062413
14 1703948412834 2 101 5.076488 2 102 5.076488
15 1703948413076 3 101 5.034263 3 102 5.109331
16 1703948413323 1 101 5.198474 1 102 5.020187
17 1703948413572 2 101 5.090564 2 102 5.053030
18 1703948413819 3 101 5.006112 3 102 5.142173
19 1703948414067 1 101 5.231317 1 102 5.053030
20 1703948414309 2 101 5.076488 2 102 5.024879
21 1703948414553 3 101 5.010804 3 102 5.160940
22 1703948414805 1 101 5.240700 1 102 5.076488
23 1703948415052 2 101 5.085872 2 102 5.053030
24 1703948415296 3 101 5.015495 3 102 5.123406
25 1703948415543 1 101 5.226625 1 102 5.076488
26 1703948415791 2 101 5.085872 2 102 5.043646
27 1703948416035 3 101 5.010804 3 102 5.132790
28 1703948416283 1 101 5.212550 1 102 5.057721
29 1703948416533 2 101 5.099947 2 102 5.048338
30 1703948416778 3 101 5.010804 3 102 5.160940
31 1703948417032 1 101 5.259467 1 102 5.062413
32 1703948417276 2 101 5.095255 2 102 5.067105
33 1703948417521 3 101 5.034263 3 102 5.123406
34 1703948417770 1 101 5.221933 1 102 5.062413
35 1703948418015 2 101 5.085872 2 102 5.038954
36 1703948418263 3 101 5.034263 3 102 5.146865
37 1703948418513 1 101 5.231317 1 102 5.048338
38 1703948418763 2 101 5.057721 2 102 5.020187
39 1703948419006 3 101 5.057721 3 102 5.156249
40 1703948419251 1 101 5.212550 1 102 5.071796
41 1703948419497 2 101 5.071796 2 102 5.057721
42 1703948419744 3 101 5.015495 3 102 5.132790
43 1703948419991 1 101 5.226625 1 102 5.043646
44 1703948420238 2 101 5.090564 2 102 5.053030
45 1703948420484 3 101 5.020187 3 102 5.132790
46 1703948420731 1 101 5.245392 1 102 5.090564
47 1703948420976 2 101 5.090564 2 102 5.090564
48 1703948421223 3 101 5.034263 3 102 5.132790
49 1703948421475 1 101 5.245392 1 102 5.038954
50 1703948421721 2 101 5.057721 2 102 5.076488
51 1703948421973 3 101 5.038954 3 102 5.142173
52 1703948422224 1 101 5.236008 1 102 5.071796
53 1703948422469 2 101 5.057721 2 102 5.043646
54 1703948422715 3 101 4.996728 3 102 5.137481
55 1703948422962 1 101 5.221933 1 102 5.043646
56 1703948423209 2 101 5.071796 2 102 5.076488
57 1703948423460 3 101 5.015495 3 102 5.132790
58 1703948423715 1 101 5.259467 1 102 5.053030
59 1703948423964 2 101 5.067105 2 102 5.062413
60 1703948424213 3 101 5.020187 3 102 5.151556
61 1703948424458 1 101 5.221933 1 102 5.048338
62 1703948424704 2 101 5.048338 2 102 5.062413
63 1703948424953 3 101 5.048338 3 102 5.156249
64 1703948425201 1 101 5.236008 1 102 5.095255
65 1703948425447 2 101 5.076488 2 102 5.043646
66 1703948425696 3 101 5.006112 3 102 5.146865
67 1703948425945 1 101 5.240700 1 102 5.038954
68 1703948426193 2 101 5.090564 2 102 5.081180
69 1703948426438 3 101 4.982653 3 102 5.156249
70 1703948426692 1 101 5.245392 1 102 5.053030
71 1703948426937 2 101 5.090564 2 102 5.029571
72 1703948427181 3 101 5.010804 3 102 5.146865
73 1703948427424 1 101 5.236008 1 102 5.043646
74 1703948427671 2 101 5.057721 2 102 5.038954
75 1703948427918 3 101 4.996728 3 102 5.128098
76 1703948428162 1 101 5.231317 1 102 5.067105
77 1703948428403 2 101 5.090564 2 102 5.062413
78 1703948428648 3 101 5.001420 3 102 5.132790
79 1703948428895 1 101 5.259467 1 102 5.048338
80 1703948429141 2 101 5.104639 2 102 5.053030
81 1703948429386 3 101 5.043646 3 102 5.137481
82 1703948429632 1 101 5.198474 1 102 5.043646
83 1703948429879 2 101 5.099947 2 102 5.034263
84 1703948430126 3 101 5.034263 3 102 5.175015
85 1703948430376 1 101 5.212550 1 102 5.057721
86 1703948430625 2 101 5.048338 2 102 5.062413
87 1703948430872 3 101 5.020187 3 102 5.160940
88 1703948431118 1 101 5.245392 1 102 5.043646
89 1703948431368 2 101 5.085872 2 102 5.062413
90 1703948431614 3 101 5.001420 3 102 5.151556
91 1703948431861 1 101 5.212550 1 102 5.062413
92 1703948432106 2 101 5.053030 2 102 5.062413
93 1703948432357 3 101 4.987345 3 102 5.142173
94 1703948432602 1 101 5.231317 1 102 5.062413
95 1703948432849 2 101 5.099947 2 102 5.071796
96 1703948433095 3 101 4.996728 3 102 5.132790
97 1703948433340 1 101 5.203166 1 102 5.095255
98 1703948433588 2 101 5.085872 2 102 5.057721
99 1703948433833 3 101 4.987345 3 102 5.160940
100 1703948434081 1 101 5.273542 1 102 5.076488
101 1703948434326 2 101 5.053030 2 102 5.029571
102 1703948434575 3 101 5.029571 3 102 5.137481
103 1703948434820 1 101 5.236008 1 102 5.062413
104 1703948435066 2 101 5.071796 2 102 5.048338
105 1703948435312 3 101 5.001420 3 102 5.142173
106 1703948435566 1 101 5.184399 1 102 5.053030
107 1703948435815 2 101 5.062413 2 102 5.038954
108 1703948436066 3 101 5.029571 3 102 5.151556
109 1703948436315 1 101 5.226625 1 102 5.071796
110 1703948436563 2 101 5.067105 2 102 5.048338
111 1703948436810 3 101 5.024879 3 102 5.118714
112 1703948437058 1 101 5.236008 1 102 5.057721
113 1703948437306 2 101 5.062413 2 102 5.095255
114 1703948437555 3 101 5.048338 3 102 5.156249
115 1703948437803 1 101 5.212550 1 102 5.067105
116 1703948438050 2 101 5.085872 2 102 5.076488
117 1703948438299 3 101 5.010804 3 102 5.142173
118 1703948438546 1 101 5.240700 1 102 5.071796
119 1703948438793 2 101 5.095255 2 102 5.062413
120 1703948439040 3 101 5.029571 3 102 5.156249
121 1703948439286 1 101 5.240700 1 102 5.043646
122 1703948439533 2 101 5.081180 2 102 5.038954
123 1703948439785 3 101 5.006112 3 102 5.146865
124 1703948440035 1 101 5.221933 1 102 5.057721
125 1703948440282 2 101 5.081180 2 102 5.034263
126 1703948440529 3 101 4.996728 3 102 5.114023
127 1703948440774 1 101 5.217241 1 102 5.071796
128 1703948441021 2 101 5.081180 2 102 5.020187
129 1703948441271 3 101 4.996728 3 102 5.118714
130 1703948441516 1 101 5.245392 1 102 5.081180
131 1703948441763 2 101 5.090564 2 102 5.043646
132 1703948442009 3 101 5.006112 3 102 5.156249
133 1703948442255 1 101 5.207858 1 102 5.062413
134 1703948442501 2 101 5.090564 2 102 5.071796
135 1703948442747 3 101 5.010804 3 102 5.156249
136 1703948442993 1 101 5.245392 1 102 5.071796
137 1703948443240 2 101 5.090564 2 102 5.067105
138 1703948443485 3 101 5.043646 3 102 5.146865
139 1703948443731 1 101 5.264159 1 102 5.076488
140 1703948443978 2 101 5.057721 2 102 5.057721
141 1703948444225 3 101 4.996728 3 102 5.160940
142 1703948444477 1 101 5.231317 1 102 5.062413
143 1703948444728 2 101 5.053030 2 102 5.034263
144 1703948444977 3 101 5.024879 3 102 5.165632
145 1703948445220 1 101 5.212550 1 102 5.067105
146 1703948445462 2 101 5.076488 2 102 5.048338
147 1703948445708 3 101 5.029571 3 102 5.118714
148 1703948445953 1 101 5.231317 1 102 5.081180
149 1703948446205 2 101 5.057721 2 102 5.048338
150 1703948446453 3 101 5.010804 3 102 5.142173
151 1703948446700 1 101 5.226625 1 102 5.076488
152 1703948446943 2 101 5.067105 2 102 5.062413
153 1703948447188 3 101 5.024879 3 102 5.146865
154 1703948447433 1 101 5.250083 1 102 5.057721
155 1703948447677 2 101 5.076488 2 102 5.071796
156 1703948447920 3 101 5.010804 3 102 5.132790
157 1703948448166 1 101 5.240700 1 102 5.085872
158 1703948448410 2 101 5.071796 2 102 5.057721
159 1703948448659 3 101 5.034263 3 102 5.128098
160 1703948448906 1 101 5.226625 1 102 5.062413
161 1703948449150 2 101 5.062413 2 102 5.057721
162 1703948449397 3 101 4.996728 3 102 5.123406
163 1703948449645 1 101 5.240700 1 102 5.057721
164 1703948449889 2 101 5.081180 2 102 5.085872
165 1703948450135 3 101 4.992037 3 102 5.137481
166 1703948450383 1 101 5.236008 1 102 5.071796
167 1703948450630 2 101 5.062413 2 102 5.067105
168 1703948450878 3 101 5.029571 3 102 5.146865
169 1703948451128 1 101 5.245392 1 102 5.071796
170 1703948451377 2 101 5.038954 2 102 5.029571
171 1703948451631 3 101 4.992037 3 102 5.118714
172 1703948451880 1 101 5.259467 1 102 5.057721
173 1703948452125 2 101 5.076488 2 102 5.053030
174 1703948452370 3 101 5.020187 3 102 5.156249
175 1703948452616 1 101 5.240700 1 102 5.081180
176 1703948452863 2 101 5.053030 2 102 5.062413
177 1703948453111 3 101 5.010804 3 102 5.118714
178 1703948453361 1 101 5.245392 1 102 5.053030
179 1703948453612 2 101 5.062413 2 102 5.071796
180 1703948453860 3 101 4.996728 3 102 5.170324
181 1703948454105 1 101 5.217241 1 102 5.062413
182 1703948454357 2 101 5.081180 2 102 5.048338
183 1703948455712 3 101 5.053030 3 102 5.175015
184 1703948455958 1 101 5.207858 1 102 5.081180
185 1703948456205 2 101 5.062413 2 102 5.048338
186 1703948456455 3 101 4.973269 3 102 5.137481
187 1703948456701 1 101 5.236008 1 102 5.024879
188 1703948456950 2 101 5.104639 2 102 5.053030
189 1703948457200 3 101 5.038954 3 102 5.123406
190 1703948457444 1 101 5.217241 1 102 5.053030
191 1703948458261 2 101 5.062413 2 102 5.038954
192 1703948458505 3 101 5.020187 3 102 5.146865
193 1703948458747 1 101 5.231317 1 102 5.048338
194 1703948458994 2 101 5.076488 2 102 5.062413
195 1703948459243 3 101 5.001420 3 102 5.132790
196 1703948459490 1 101 5.245392 1 102 5.048338
197 1703948459737 2 101 5.062413 2 102 5.034263
198 1703948459981 3 101 4.996728 3 102 5.165632
199 1703948460233 1 101 5.221933 1 102 5.067105
200 1703948460482 2 101 5.104639 2 102 5.034263
201 1703948460729 3 101 5.010804 3 102 5.128098
202 1703948460976 1 101 5.217241 1 102 5.029571
203 1703948461223 2 101 5.071796 2 102 5.067105
204 1703948461467 3 101 5.048338 3 102 5.142173
205 1703948461714 1 101 5.245392 1 102 5.081180
206 1703948461961 2 101 5.076488 2 102 5.062413
207 1703948462209 3 101 5.024879 3 102 5.132790
208 1703948462452 1 101 5.231317 1 102 5.057721
209 1703948462699 2 101 5.076488 2 102 5.062413
210 1703948463515 3 101 5.024879 3 102 5.118714
211 1703948463760 1 101 5.236008 1 102 5.057721
212 1703948464005 2 101 5.090564 2 102 5.006112
213 1703948464251 3 101 5.010804 3 102 5.142173
214 1703948464493 1 101 5.254776 1 102 5.076488
215 1703948464738 2 101 5.076488 2 102 5.048338
216 1703948464979 3 101 5.010804 3 102 5.151556
217 1703948465232 1 101 5.212550 1 102 5.043646
218 1703948465475 2 101 5.071796 2 102 5.081180
219 1703948465720 3 101 5.001420 3 102 5.142173
220 1703948465965 1 101 5.217241 1 102 5.062413
221 1703948466209 2 101 5.081180 2 102 5.034263
222 1703948466457 3 101 5.006112 3 102 5.142173
223 1703948466704 1 101 5.212550 1 102 5.076488
224 1703948466949 2 101 5.053030 2 102 5.071796
225 1703948467196 3 101 5.020187 3 102 5.114023
226 1703948467446 1 101 5.198474 1 102 5.067105
227 1703948467691 2 101 5.057721 2 102 5.062413
228 1703948467935 3 101 5.034263 3 102 5.118714
229 1703948468181 1 101 5.212550 1 102 5.067105
230 1703948468425 2 101 5.071796 2 102 5.034263
231 1703948468669 3 101 4.992037 3 102 5.128098
232 1703948468917 1 101 5.212550 1 102 5.053030
233 1703948469163 2 101 5.076488 2 102 5.062413
234 1703948469407 3 101 5.038954 3 102 5.132790
235 1703948469655 1 101 5.231317 1 102 5.062413
236 1703948469903 2 101 5.095255 2 102 5.062413
237 1703948470146 3 101 4.977962 3 102 5.156249
238 1703948470395 1 101 5.250083 1 102 5.057721
239 1703948470641 2 101 5.067105 2 102 5.067105
240 1703948470885 3 101 5.029571 3 102 5.170324
241 1703948471134 1 101 5.221933 1 102 5.076488
242 1703948471380 2 101 5.076488 2 102 5.062413
243 1703948471624 3 101 5.001420 3 102 5.160940
244 1703948471870 1 101 5.198474 1 102 5.057721
245 1703948472115 2 101 5.090564 2 102 5.057721
246 1703948472361 3 101 5.015495 3 102 5.128098
247 1703948472605 1 101 5.240700 1 102 5.067105
248 1703948472849 2 101 5.081180 2 102 5.010804
249 1703948473093 3 101 4.982653 3 102 5.123406
250 1703948473340 1 101 5.226625 1 102 5.085872
251 1703948473584 2 101 5.090564 2 102 5.024879
252 1703948473827 3 101 5.015495 3 102 5.142173
253 1703948474079 1 101 5.231317 1 102 5.048338
254 1703948474324 2 101 5.071796 2 102 5.038954
255 1703948474571 3 101 5.038954 3 102 5.146865
256 1703948474819 1 101 5.226625 1 102 5.020187
257 1703948475063 2 101 5.062413 2 102 5.043646
258 1703948475310 3 101 5.024879 3 102 5.123406
259 1703948475555 1 101 5.245392 1 102 5.057721
260 1703948475800 2 101 5.043646 2 102 5.062413
261 1703948476043 3 101 5.001420 3 102 5.137481
262 1703948476289 1 101 5.236008 1 102 5.057721
263 1703948476538 2 101 5.053030 2 102 5.076488
264 1703948476781 3 101 5.006112 3 102 5.142173
265 1703948477026 1 101 5.221933 1 102 5.038954
266 1703948477268 2 101 5.038954 2 102 5.053030
267 1703948477511 3 101 5.038954 3 102 5.151556
268 1703948477755 1 101 5.226625 1 102 5.071796
269 1703948478000 2 101 5.057721 2 102 5.062413
270 1703948478245 3 101 5.024879 3 102 5.151556
271 1703948478489 1 101 5.236008 1 102 5.067105
272 1703948478735 2 101 5.104639 2 102 5.034263
273 1703948478978 3 101 5.020187 3 102 5.132790
274 1703948479224 1 101 5.236008 1 102 5.053030
275 1703948479469 2 101 5.076488 2 102 5.038954
276 1703948479710 3 101 5.029571 3 102 5.128098
277 1703948479959 1 101 5.226625 1 102 5.053030
278 1703948480202 2 101 5.057721 2 102 5.015495
279 1703948480451 3 101 4.987345 3 102 5.142173
280 1703948480696 1 101 5.217241 1 102 5.062413
281 1703948480939 2 101 5.076488 2 102 5.048338
282 1703948481180 3 101 4.982653 3 102 5.132790
283 1703948481426 1 101 5.221933 1 102 5.081180
284 1703948481674 2 101 5.076488 2 102 5.057721
285 1703948481918 3 101 5.015495 3 102 5.142173
286 1703948482164 1 101 5.231317 1 102 5.048338
287 1703948482412 2 101 5.090564 2 102 5.085872
288 1703948482656 3 101 5.010804 3 102 5.128098
289 1703948482903 1 101 5.226625 1 102 5.067105
290 1703948483148 2 101 5.090564 2 102 5.067105
291 1703948483393 3 101 4.992037 3 102 5.114023
292 1703948483642 1 101 5.207858 1 102 5.053030
293 1703948483887 2 101 5.076488 2 102 5.024879
294 1703948484131 3 101 4.992037 3 102 5.132790
295 1703948484376 1 101 5.236008 1 102 5.010804
296 1703948484621 2 101 5.114023 2 102 5.081180
297 1703948484870 3 101 4.996728 3 102 5.123406
298 1703948485114 1 101 5.226625 1 102 5.053030
299 1703948485360 2 101 5.062413 2 102 5.024879
300 1703948485608 3 101 4.996728 3 102 5.132790
301 1703948485855 1 101 5.193782 1 102 5.071796
302 1703948486100 2 101 5.057721 2 102 5.043646
303 1703948486346 3 101 5.001420 3 102 5.123406
304 1703948486596 1 101 5.221933 1 102 5.038954
305 1703948486844 2 101 5.085872 2 102 5.034263
306 1703948487089 3 101 5.001420 3 102 5.128098
307 1703948487333 1 101 5.236008 1 102 5.062413
308 1703948487578 2 101 5.095255 2 102 5.001420
309 1703948487829 3 101 5.010804 3 102 5.132790
310 1703948488077 1 101 5.231317 1 102 5.053030
311 1703948488325 2 101 5.071796 2 102 5.034263
312 1703948488572 3 101 4.996728 3 102 5.118714
313 1703948488816 1 101 5.250083 1 102 5.024879
314 1703948489060 2 101 5.062413 2 102 5.062413
315 1703948489306 3 101 4.982653 3 102 5.104639
316 1703948489555 1 101 5.221933 1 102 5.090564
317 1703948489804 2 101 5.085872 2 102 5.067105
318 1703948490051 3 101 4.987345 3 102 5.123406
319 1703948490300 1 101 5.217241 1 102 5.038954
320 1703948490547 2 101 5.095255 2 102 5.029571
321 1703948490795 3 101 5.015495 3 102 5.128098
322 1703948491039 1 101 5.226625 1 102 5.071796
323 1703948491286 2 101 5.085872 2 102 5.043646
324 1703948491534 3 101 4.992037 3 102 5.109331
325 1703948491778 1 101 5.203166 1 102 5.057721
326 1703948492025 2 101 5.076488 2 102 5.043646
327 1703948492269 3 101 5.020187 3 102 5.146865
328 1703948492512 1 101 5.226625 1 102 5.090564
329 1703948492758 2 101 5.095255 2 102 5.024879
330 1703948493002 3 101 5.010804 3 102 5.151556
331 1703948493246 1 101 5.240700 1 102 5.048338
332 1703948493495 2 101 5.076488 2 102 5.071796
333 1703948493746 3 101 5.015495 3 102 5.132790
334 1703948493993 1 101 5.236008 1 102 5.053030
335 1703948494235 2 101 5.071796 2 102 5.057721
336 1703948494479 3 101 4.992037 3 102 5.118714
337 1703948494723 1 101 5.250083 1 102 5.090564
338 1703948494969 2 101 5.085872 2 102 5.024879
339 1703948495212 3 101 4.982653 3 102 5.142173
340 1703948495456 1 101 5.221933 1 102 5.024879
341 1703948495703 2 101 5.076488 2 102 5.020187
342 1703948495949 3 101 5.015495 3 102 5.114023
343 1703948496193 1 101 5.240700 1 102 5.062413
344 1703948496441 2 101 5.081180 2 102 5.062413
345 1703948496687 3 101 4.982653 3 102 5.170324
346 1703948496932 1 101 5.221933 1 102 5.067105
347 1703948497184 2 101 5.076488 2 102 5.043646
348 1703948497429 3 101 4.996728 3 102 5.132790
349 1703948497672 1 101 5.198474 1 102 5.099947
350 1703948497915 2 101 5.081180 2 102 5.010804
351 1703948498158 3 101 5.010804 3 102 5.142173
352 1703948498406 1 101 5.245392 1 102 5.076488
353 1703948498652 2 101 5.071796 2 102 5.062413
354 1703948498895 3 101 5.034263 3 102 5.132790
355 1703948499140 1 101 5.240700 1 102 5.048338
356 1703948500491 2 101 5.081180 2 102 5.095255
357 1703948500738 3 101 5.020187 3 102 5.123406
358 1703948500985 1 101 5.212550 1 102 5.034263
359 1703948501229 2 101 5.104639 2 102 5.067105
360 1703948501478 3 101 4.996728 3 102 5.146865
361 1703948501725 1 101 5.217241 1 102 5.071796
362 1703948501968 2 101 5.071796 2 102 5.048338
363 1703948502215 3 101 5.034263 3 102 5.142173
364 1703948502459 1 101 5.231317 1 102 5.038954
365 1703948502706 2 101 5.095255 2 102 5.048338
366 1703948502948 3 101 4.982653 3 102 5.142173
367 1703948503193 1 101 5.236008 1 102 5.057721
368 1703948503441 2 101 5.081180 2 102 5.057721
369 1703948503687 3 101 5.034263 3 102 5.118714
370 1703948503940 1 101 5.221933 1 102 5.029571
371 1703948504183 2 101 5.114023 2 102 5.034263
372 1703948504432 3 101 5.015495 3 102 5.085872
373 1703948504678 1 101 5.212550 1 102 5.043646
374 1703948504925 2 101 5.099947 2 102 5.020187
375 1703948505173 3 101 5.010804 3 102 5.118714
376 1703948505418 1 101 5.212550 1 102 5.062413
377 1703948505666 2 101 5.071796 2 102 5.062413
378 1703948505913 3 101 5.001420 3 102 5.118714
379 1703948506162 1 101 5.236008 1 102 5.057721
380 1703948506410 2 101 5.057721 2 102 5.067105
381 1703948506656 3 101 5.029571 3 102 5.137481
382 1703948506902 1 101 5.231317 1 102 5.081180
383 1703948507149 2 101 5.071796 2 102 5.015495
384 1703948507394 3 101 5.006112 3 102 5.132790
385 1703948507642 1 101 5.236008 1 102 5.029571
386 1703948507889 2 101 5.053030 2 102 5.062413
387 1703948508133 3 101 4.996728 3 102 5.137481
388 1703948508382 1 101 5.207858 1 102 5.057721
389 1703948508627 2 101 5.090564 2 102 5.048338
390 1703948508873 3 101 5.029571 3 102 5.109331
391 1703948509123 1 101 5.236008 1 102 5.043646
392 1703948509367 2 101 5.071796 2 102 5.067105
393 1703948509611 3 101 5.024879 3 102 5.146865
394 1703948509856 1 101 5.221933 1 102 5.048338
395 1703948510100 2 101 5.062413 2 102 5.020187
396 1703948510347 3 101 4.977962 3 102 5.137481
397 1703948510596 1 101 5.198474 1 102 5.057721
398 1703948510842 2 101 5.081180 2 102 5.015495
399 1703948511087 3 101 5.034263 3 102 5.132790
400 1703948511333 1 101 5.226625 1 102 5.071796
401 1703948511576 2 101 5.057721 2 102 5.053030
402 1703948511821 3 101 5.029571 3 102 5.132790
403 1703948512066 1 101 5.221933 1 102 5.048338
404 1703948512310 2 101 5.071796 2 102 5.034263
405 1703948512560 3 101 4.996728 3 102 5.137481
406 1703948512805 1 101 5.226625 1 102 5.038954
407 1703948513052 2 101 5.062413 2 102 5.062413
408 1703948513299 3 101 5.001420 3 102 5.123406
409 1703948514566 1 101 5.221933 1 102 5.053030
410 1703948514812 2 101 5.062413 2 102 5.038954
411 1703948515058 3 101 5.029571 3 102 5.123406
412 1703948515307 1 101 5.217241 1 102 5.048338
413 1703948515549 2 101 5.029571 2 102 5.020187
414 1703948515790 3 101 5.020187 3 102 5.118714
415 1703948516036 1 101 5.221933 1 102 5.062413
416 1703948516282 2 101 5.081180 2 102 5.029571
417 1703948516524 3 101 5.006112 3 102 5.118714
418 1703948516771 1 101 5.217241 1 102 5.076488
419 1703948517016 2 101 5.067105 2 102 5.006112
420 1703948517261 3 101 5.024879 3 102 5.132790
421 1703948517508 1 101 5.250083 1 102 5.071796
422 1703948517755 2 101 5.076488 2 102 5.053030
423 1703948518000 3 101 5.001420 3 102 5.109331
424 1703948518246 1 101 5.236008 1 102 5.067105
425 1703948518494 2 101 5.090564 2 102 5.029571
426 1703948518739 3 101 4.996728 3 102 5.137481
427 1703948518985 1 101 5.226625 1 102 5.057721
428 1703948519230 2 101 5.076488 2 102 5.048338
429 1703948519477 3 101 5.024879 3 102 5.090564
430 1703948519724 1 101 5.217241 1 102 5.038954
431 1703948519969 2 101 5.067105 2 102 5.020187
432 1703948520215 3 101 5.034263 3 102 5.095255
433 1703948520461 1 101 5.231317 1 102 5.076488
434 1703948520721 2 101 5.076488 2 102 5.057721
435 1703948520969 3 101 5.038954 3 102 5.156249
436 1703948521215 1 101 5.184399 1 102 5.085872
437 1703948521464 2 101 5.076488 2 102 5.053030