1 1703948411196
2 1703948411273
3 1703948411277
4 1703948411305
5 1703948411334
6 1703948411365
7 1703948411398
8 1703948411430
9 1703948411465
10 1703948411497
11 1703948411534
12 1703948411569
13 1703948411598
14 1703948411638
15 1703948411666
16 1703948411698
17 1703948411738
18 1703948411770
19 1703948411804
20 1703948411836
21 1703948411868
22 1703948411904
23 1703948411936
24 1703948411999
25 1703948412058
26 1703948412110
27 1703948412150
28 1703948412190
29 1703948412231
30 1703948412263
31 1703948412295
32 1703948412330
33 1703948412366
34 1703948412399
35 1703948412434
36 1703948412466
37 1703948412498
38 1703948412534
39 1703948412564
40 1703948412599
41 1703948412632
42 1703948412663
43 1703948412698
44 1703948412729
45 1703948412765
46 1703948412798
47 1703948412830
48 1703948412867
49 1703948412898
50 1703948412938
51 1703948412967
52 1703948412997
53 1703948413033
54 1703948413065
55 1703948413101
56 1703948413133
57 1703948413165
58 1703948413201
59 1703948413233
60 1703948413270
61 1703948413301
62 1703948413333
63 1703948413369
64 1703948413401
65 1703948413437
66 1703948413469
67 1703948413501
68 1703948413539
69 1703948413570
70 1703948413605
71 1703948413637
72 1703948413669
73 1703948413705
74 1703948413737
75 1703948413776
76 1703948413805
77 1703948413837
78 1703948413873
79 1703948413905
80 1703948413941
81 1703948413973
82 1703948414006
83 1703948414042
84 1703948414073
85 1703948414109
86 1703948414141
87 1703948414174
88 1703948414210
89 1703948414241
90 1703948414277
91 1703948414310
92 1703948414342
93 1703948414378
94 1703948414410
95 1703948414446
96 1703948414478
97 1703948414510
98 1703948414546
99 1703948414578
100 1703948414614
101 1703948414646
102 1703948414678
103 1703948414713
104 1703948414746
105 1703948414782
106 1703948414814
107 1703948414846
108 1703948414882
109 1703948414913
110 1703948414949
111 1703948414981
112 1703948415013
113 1703948415049
114 1703948415081
115 1703948415117
116 1703948415149
117 1703948415181
118 1703948415217
119 1703948415249
120 1703948415285
121 1703948415325
122 1703948415365
123 1703948415405
124 1703948415445
125 1703948415485
126 1703948415525
127 1703948415565
128 1703948415605
129 1703948415645
130 1703948415685
131 1703948415725
132 1703948415765
133 1703948415805
134 1703948415849
135 1703948415889
136 1703948415929
137 1703948415969
138 1703948416009
139 1703948416049
140 1703948416089
141 1703948416129
142 1703948416169
143 1703948416209
144 1703948416249
145 1703948416289
146 1703948416329
147 1703948416373
148 1703948416413
149 1703948416453
150 1703948416493
151 1703948416533
152 1703948416573
153 1703948416613
154 1703948416653
155 1703948416693
156 1703948416733
157 1703948416773
158 1703948416813
159 1703948416853
160 1703948416893
161 1703948416937
162 1703948416977
163 1703948417017
164 1703948417057
165 1703948417097
166 1703948417137
167 1703948417177
168 1703948417217
169 1703948417257
170 1703948417297
171 1703948417337
172 1703948417377
173 1703948417417
174 1703948417457
175 1703948417501
176 1703948417541
177 1703948417581
178 1703948417621
179 1703948417661
180 1703948417701
181 1703948417742
182 1703948417781
183 1703948417822
184 1703948417863
185 1703948417901
186 1703948417941
187 1703948417982
188 1703948418022
189 1703948418065
190 1703948418106
191 1703948418146
192 1703948418186
193 1703948418225
194 1703948418265
195 1703948418306
196 1703948418346
197 1703948418386
198 1703948418426
199 1703948418466
200 1703948418507
201 1703948418545
202 1703948418585
203 1703948418631
204 1703948418671
205 1703948418709
206 1703948418750
207 1703948418790
208 1703948418831
209 1703948418870
210 1703948418909
211 1703948418950
212 1703948418991
213 1703948419029
214 1703948419069
215 1703948419110
216 1703948419155
217 1703948419194
218 1703948419233
219 1703948419274
220 1703948419314
221 1703948419354
222 1703948419394
223 1703948419434
224 1703948419474
225 1703948419513
226 1703948419553
227 1703948419593
228 1703948419634
229 1703948419674
230 1703948419719
231 1703948419758
232 1703948419798
233 1703948419838
234 1703948419877
235 1703948419918
236 1703948419959
237 1703948419998
238 1703948420037
239 1703948420078
240 1703948420118
241 1703948420158
242 1703948420199
243 1703948420238
244 1703948420282
245 1703948420322
246 1703948420362
247 1703948420402
248 1703948420442
249 1703948420482
250 1703948420522
251 1703948420562
252 1703948420603
253 1703948420643
254 1703948420682
255 1703948420722
256 1703948420763
257 1703948420803
258 1703948420845
259 1703948420886
260 1703948420928
261 1703948420968
262 1703948421007
263 1703948421047
264 1703948421087
265 1703948421127
266 1703948421166
267 1703948421206
268 1703948421246
269 1703948421286
270 1703948421327
271 1703948421367
272 1703948421411
273 1703948421451
274 1703948421491
275 1703948421532
276 1703948421571
277 1703948421611
278 1703948421650
279 1703948421689
280 1703948421729
281 1703948421769
282 1703948421809
283 1703948421851
284 1703948421890
285 1703948421934
286 1703948421975
287 1703948422014
288 1703948422054
289 1703948422094
290 1703948422134
291 1703948422175
292 1703948422214
293 1703948422255
294 1703948422294
295 1703948422333
296 1703948422374
297 1703948422414
298 1703948422456
299 1703948422498
300 1703948422540
301 1703948422578
302 1703948422617
303 1703948422658
304 1703948422700
305 1703948422738
306 1703948422778
307 1703948422818
308 1703948422859
309 1703948422899
310 1703948422940
311 1703948422978
312 1703948423017
313 1703948423063
314 1703948423104
315 1703948423144
316 1703948423184
317 1703948423225
318 1703948423264
319 1703948423302
320 1703948423343
321 1703948423382
322 1703948423423
323 1703948423462
324 1703948423503
325 1703948423542
326 1703948423583
327 1703948423627
328 1703948423666
329 1703948423707
330 1703948423748
331 1703948423787
332 1703948423826
333 1703948423866
334 1703948423907
335 1703948423947
336 1703948423987
337 1703948424027
338 1703948424068
339 1703948424106
340 1703948424145
341 1703948424192
342 1703948424232
343 1703948424270
344 1703948424310
345 1703948424350
346 1703948424390
347 1703948424432
348 1703948424472
349 1703948424512
350 1703948424552
351 1703948424590
352 1703948424631
353 1703948424670
354 1703948424715
355 1703948424755
356 1703948424796
357 1703948424835
358 1703948424875
359 1703948424916
360 1703948424956
361 1703948424996
362 1703948425036
363 1703948425075
364 1703948425115
365 1703948425156
366 1703948425196
367 1703948425236
368 1703948425279
369 1703948425320
370 1703948425360
371 1703948425399
372 1703948425439
373 1703948425480
374 1703948425520
375 1703948425559
376 1703948425600
377 1703948425639
378 1703948425679
379 1703948425719
380 1703948425759
381 1703948425800
382 1703948425843
383 1703948425885
384 1703948425925
385 1703948425964
386 1703948426001
387 1703948426041
388 1703948426081
389 1703948426121
390 1703948426164
391 1703948426204
392 1703948426244
393 1703948426284
394 1703948426324
395 1703948426364
396 1703948426408
397 1703948426448
398 1703948426488
399 1703948426526
400 1703948426567
401 1703948426607
402 1703948426648
403 1703948426687
404 1703948426728
405 1703948426768
406 1703948426807
407 1703948426847
408 1703948426887
409 1703948426928
410 1703948426972
411 1703948427012
412 1703948427051
413 1703948427092
414 1703948427132
415 1703948427172
416 1703948427212
417 1703948427252
418 1703948427291
419 1703948427331
420 1703948427371
421 1703948427412
422 1703948427452
423 1703948427492
424 1703948427536
425 1703948427576
426 1703948427616
427 1703948427655
428 1703948427696
429 1703948427736
430 1703948427776
431 1703948427816
432 1703948427855
433 1703948427895
434 1703948427936
435 1703948427975
436 1703948428015
437 1703948428060
438 1703948428100
439 1703948428139
440 1703948428179
441 1703948428220
442 1703948428260
443 1703948428299
444 1703948428340
445 1703948428380
446 1703948428420
447 1703948428460
448 1703948428499
449 1703948428540
450 1703948428580
451 1703948428623
452 1703948428664
453 1703948428704
454 1703948428744
455 1703948428783
456 1703948428824
457 1703948428864
458 1703948428904
459 1703948428944
460 1703948428984
461 1703948429024
462 1703948429064
463 1703948429103
464 1703948429144
465 1703948429188
466 1703948429228
467 1703948429268
468 1703948429307
469 1703948429348
470 1703948429388
471 1703948429428
472 1703948429468
473 1703948429508
474 1703948429548
475 1703948429588
476 1703948429628
477 1703948429668
478 1703948429707
479 1703948429752
480 1703948429792
481 1703948429832
482 1703948429872
483 1703948429913
484 1703948429952
485 1703948429991
486 1703948430032
487 1703948430072
488 1703948430112
489 1703948430152
490 1703948430192
491 1703948430231
492 1703948430272
493 1703948430316
494 1703948430356
495 1703948430395
496 1703948430435
497 1703948430476
498 1703948430516
499 1703948430555
500 1703948430596
501 1703948430636
502 1703948430676
503 1703948430716
504 1703948430756
505 1703948430796
506 1703948430840
507 1703948430880
508 1703948430919
509 1703948430959
510 1703948431000
511 1703948431039
512 1703948431080
513 1703948431120
514 1703948431160
515 1703948431200
516 1703948431240
517 1703948431280
518 1703948431320
519 1703948431360
520 1703948431404
521 1703948431444
522 1703948431484
523 1703948431524
524 1703948431563
525 1703948431604
526 1703948431644
527 1703948431684
528 1703948431724
529 1703948431764
530 1703948431804
531 1703948431844
532 1703948431885
533 1703948431924
534 1703948431968
535 1703948432008
536 1703948432048
537 1703948432088
538 1703948432128
539 1703948432168
540 1703948432208
541 1703948432248
542 1703948432288
543 1703948432328
544 1703948432368
545 1703948432406
546 1703948432447
547 1703948432490
548 1703948432532
549 1703948432572
550 1703948432612
551 1703948432652
552 1703948432692
553 1703948432732
554 1703948432771
555 1703948432811
556 1703948432851
557 1703948432891
558 1703948432931
559 1703948432971
560 1703948433011
561 1703948433051
562 1703948433095
563 1703948433136
564 1703948433176
565 1703948433214
566 1703948433254
567 1703948433295
568 1703948433335
569 1703948433375
570 1703948433415
571 1703948433455
572 1703948433495
573 1703948433535
574 1703948433575
575 1703948433620
576 1703948433658
577 1703948433698
578 1703948433740
579 1703948433780
580 1703948433820
581 1703948433859
582 1703948433898
583 1703948433939
584 1703948433980
585 1703948434019
586 1703948434059
587 1703948434099
588 1703948434139
589 1703948434183
590 1703948434223
591 1703948434263
592 1703948434303
593 1703948434343
594 1703948434383
595 1703948434423
596 1703948434463
597 1703948434503
598 1703948434543
599 1703948434583
600 1703948434623
601 1703948434662
602 1703948434703
603 1703948434747
604 1703948434787
605 1703948434826
606 1703948434867
607 1703948434907
608 1703948434947
609 1703948434987
610 1703948435027
611 1703948435068
612 1703948435109
613 1703948435146
614 1703948435186
615 1703948435228
616 1703948435268
617 1703948435311
618 1703948435351
619 1703948435392
620 1703948435431
621 1703948435472
622 1703948435511
623 1703948435552
624 1703948435592
625 1703948435631
626 1703948435671
627 1703948435711
628 1703948435751
629 1703948435792
630 1703948435831
631 1703948435875
632 1703948435915
633 1703948435955
634 1703948435995
635 1703948436035
636 1703948436076
637 1703948436115
638 1703948436156
639 1703948436196
640 1703948436235
641 1703948436275
642 1703948436316
643 1703948436355
644 1703948436400
645 1703948436440
646 1703948436479
647 1703948436520
648 1703948436560
649 1703948436600
650 1703948436640
651 1703948436680
652 1703948436720
653 1703948436760
654 1703948436800
655 1703948436840
656 1703948436879
657 1703948436919
658 1703948436965
659 1703948437004
660 1703948437044
661 1703948437086
662 1703948437124
663 1703948437164
664 1703948437204
665 1703948437244
666 1703948437282
667 1703948437322
668 1703948437363
669 1703948437403
670 1703948437443
671 1703948437483
672 1703948437527
673 1703948437568
674 1703948437607
675 1703948437647
676 1703948437687
677 1703948437727
678 1703948437767
679 1703948437807
680 1703948437847
681 1703948437887
682 1703948437927
683 1703948437967
684 1703948438007
685 1703948438048
686 1703948438091
687 1703948438131
688 1703948438172
689 1703948438211
690 1703948438251
691 1703948438292
692 1703948438332
693 1703948438371
694 1703948438411
695 1703948438451
696 1703948438491
697 1703948438531
698 1703948438571
699 1703948438611
700 1703948438655
701 1703948438695
702 1703948438735
703 1703948438775
704 1703948438815
705 1703948438855
706 1703948438895
707 1703948438935
708 1703948438975
709 1703948439015
710 1703948439054
711 1703948439095
712 1703948439135
713 1703948439178
714 1703948439219
715 1703948439258
716 1703948439301
717 1703948439341
718 1703948439378
719 1703948439419
720 1703948439460
721 1703948439499
722 1703948439539
723 1703948439579
724 1703948439618
725 1703948439659
726 1703948439701
727 1703948439743
728 1703948439783
729 1703948439823
730 1703948439863
731 1703948439903
732 1703948439945
733 1703948439985
734 1703948440024
735 1703948440065
736 1703948440104
737 1703948440143
738 1703948440183
739 1703948440223
740 1703948440263
741 1703948440307
742 1703948440348
743 1703948440388
744 1703948440428
745 1703948440468
746 1703948440508
747 1703948440548
748 1703948440588
749 1703948440628
750 1703948440668
751 1703948440708
752 1703948440748
753 1703948440789
754 1703948440828
755 1703948440872
756 1703948440912
757 1703948440952
758 1703948440992
759 1703948441033
760 1703948441072
761 1703948441112
762 1703948441152
763 1703948441192
764 1703948441232
765 1703948441272
766 1703948441313
767 1703948441352
768 1703948441392
769 1703948441436
770 1703948441476
771 1703948441516
772 1703948441556
773 1703948441596
774 1703948441636
775 1703948441677
776 1703948441717
777 1703948441757
778 1703948441798
779 1703948441835
780 1703948441875
781 1703948441914
782 1703948441959
783 1703948442000
784 1703948442041
785 1703948442080
786 1703948442120
787 1703948442160
788 1703948442200
789 1703948442240
790 1703948442280
791 1703948442320
792 1703948442361
793 1703948442401
794 1703948442438
795 1703948442478
796 1703948442526
797 1703948442566
798 1703948442606
799 1703948442642
800 1703948442682
801 1703948442723
802 1703948442764
803 1703948442805
804 1703948442845
805 1703948442885
806 1703948442924
807 1703948442965
808 1703948443005
809 1703948443044
810 1703948443088
811 1703948443127
812 1703948443167
813 1703948443208
814 1703948443248
815 1703948443288
816 1703948443328
817 1703948443368
818 1703948443409
819 1703948443448
820 1703948443488
821 1703948443529
822 1703948443568
823 1703948443608
824 1703948443652
825 1703948443692
826 1703948443733
827 1703948443772
828 1703948443812
829 1703948443852
830 1703948443892
831 1703948443933
832 1703948443972
833 1703948444013
834 1703948444052
835 1703948444092
836 1703948444132
837 1703948444172
838 1703948444216
839 1703948444256
840 1703948444296
841 1703948444336
842 1703948444376
843 1703948444416
844 1703948444457
845 1703948444496
846 1703948444536
847 1703948444575
848 1703948444615
849 1703948444655
850 1703948444695
851 1703948444739
852 1703948444778
853 1703948444819
854 1703948444859
855 1703948444899
856 1703948444939
857 1703948444979
858 1703948445018
859 1703948445059
860 1703948445099
861 1703948445139
862 1703948445179
863 1703948445219
864 1703948445258
865 1703948445305
866 1703948445345
867 1703948445383
868 1703948445422
869 1703948445464
870 1703948445504
871 1703948445543
872 1703948445583
873 1703948445624
874 1703948445663
875 1703948445703
876 1703948445744
877 1703948445784
878 1703948445824
879 1703948445867
880 1703948445907
881 1703948445948
882 1703948445988
883 1703948446028
884 1703948446068
885 1703948446108
886 1703948446148
887 1703948446188
888 1703948446228
889 1703948446268
890 1703948446308
891 1703948446348
892 1703948446388
893 1703948446432
894 1703948446472
895 1703948446512
896 1703948446552
897 1703948446592
898 1703948446632
899 1703948446672
900 1703948446712
901 1703948446752
902 1703948446792
903 1703948446832
904 1703948446872
905 1703948446912
906 1703948446952
907 1703948446997
908 1703948447037
909 1703948447078
910 1703948447117
911 1703948447157
912 1703948447196
913 1703948447235
914 1703948447275
915 1703948447315
916 1703948447355
917 1703948447395
918 1703948447435
919 1703948447475
920 1703948447519
921 1703948447560
922 1703948447599
923 1703948447639
924 1703948447678
925 1703948447719
926 1703948447759
927 1703948447799
928 1703948447839
929 1703948447881
930 1703948447921
931 1703948447959
932 1703948447998
933 1703948448039
934 1703948448085
935 1703948448125
936 1703948448162
937 1703948448202
938 1703948448243
939 1703948448284
940 1703948448324
941 1703948448363
942 1703948448404
943 1703948448444
944 1703948448484
945 1703948448524
946 1703948448563
947 1703948448603
948 1703948448648
949 1703948448688
950 1703948448728
951 1703948448767
952 1703948448808
953 1703948448848
954 1703948448887
955 1703948448928
956 1703948448967
957 1703948449008
958 1703948449048
959 1703948449087
960 1703948449128
961 1703948449168
962 1703948449212
963 1703948449252
964 1703948449292
965 1703948449332
966 1703948449371
967 1703948449411
968 1703948449451
969 1703948449491
970 1703948449531
971 1703948449571
972 1703948449612
973 1703948449652
974 1703948449691
975 1703948449735
976 1703948449775
977 1703948449816
978 1703948449856
979 1703948449895
980 1703948449934
981 1703948449977
982 1703948450017
983 1703948450055
984 1703948450095
985 1703948450137
986 1703948450177
987 1703948450217
988 1703948450257
989 1703948450301
990 1703948450341
991 1703948450381
992 1703948450419
993 1703948450459
994 1703948450499
995 1703948450539
996 1703948450580
997 1703948450621
998 1703948450661
999 1703948450700
1000 1703948450741
1001 1703948450780
1002 1703948450820
1003 1703948450865
1004 1703948450905
1005 1703948450945
1006 1703948450984
1007 1703948451024
1008 1703948451064
1009 1703948451104
1010 1703948451144
1011 1703948451184
1012 1703948451224
1013 1703948451265
1014 1703948451304
1015 1703948451345
1016 1703948451384
1017 1703948451428
1018 1703948451468
1019 1703948451508
1020 1703948451548
1021 1703948451589
1022 1703948451628
1023 1703948451668
1024 1703948451708
1025 1703948451748
1026 1703948451789
1027 1703948451828
1028 1703948451868
1029 1703948451909
1030 1703948451948
1031 1703948451992
1032 1703948452032
1033 1703948452073
1034 1703948452113
1035 1703948452152
1036 1703948452192
1037 1703948452232
1038 1703948452272
1039 1703948452313
1040 1703948452352
1041 1703948452392
1042 1703948452433
1043 1703948452472
1044 1703948452512
1045 1703948452555
1046 1703948452596
1047 1703948452637
1048 1703948452678
1049 1703948452715
1050 1703948452755
1051 1703948452797
1052 1703948452836
1053 1703948452877
1054 1703948452916
1055 1703948452956
1056 1703948452996
1057 1703948453036
1058 1703948453080
1059 1703948453121
1060 1703948453160
1061 1703948453200
1062 1703948453240
1063 1703948453279
1064 1703948453319
1065 1703948453360
1066 1703948453399
1067 1703948453440
1068 1703948453480
1069 1703948453519
1070 1703948453561
1071 1703948453599
1072 1703948453643
1073 1703948453683
1074 1703948453724
1075 1703948453764
1076 1703948453804
1077 1703948453844
1078 1703948453883
1079 1703948453923
1080 1703948453964
1081 1703948454004
1082 1703948454044
1083 1703948454084
1084 1703948454124
1085 1703948454164
1086 1703948454208
1087 1703948454248
1088 1703948454287
1089 1703948454328
1090 1703948454368
1091 1703948454408
1092 1703948454448
1093 1703948454488
1094 1703948454528
1095 1703948454569
1096 1703948454609
1097 1703948454649
1098 1703948454689
1099 1703948454729
1100 1703948454773
1101 1703948454813
1102 1703948454853
1103 1703948454893
1104 1703948454933
1105 1703948454973
1106 1703948455013
1107 1703948455053
1108 1703948455093
1109 1703948455133
1110 1703948455173
1111 1703948455213
1112 1703948455253
1113 1703948455293
1114 1703948455337
1115 1703948455377
1116 1703948455417
1117 1703948455457
1118 1703948455497
1119 1703948455537
1120 1703948455577
1121 1703948455617
1122 1703948455657
1123 1703948455697
1124 1703948455737
1125 1703948455777
1126 1703948455815
1127 1703948455861
1128 1703948455900
1129 1703948455941
1130 1703948455981
1131 1703948456020
1132 1703948456060
1133 1703948456100
1134 1703948456140
1135 1703948456180
1136 1703948456220
1137 1703948456260
1138 1703948456301
1139 1703948456341
1140 1703948456381
1141 1703948456425
1142 1703948456465
1143 1703948456506
1144 1703948456544
1145 1703948456584
1146 1703948456625
1147 1703948456665
1148 1703948456705
1149 1703948456745
1150 1703948456784
1151 1703948456825
1152 1703948456865
1153 1703948456904
1154 1703948456944
1155 1703948456988
1156 1703948457028
1157 1703948457068
1158 1703948457109
1159 1703948457149
1160 1703948457189
1161 1703948457229
1162 1703948457268
1163 1703948457308
1164 1703948457348
1165 1703948457388
1166 1703948457428
1167 1703948457469
1168 1703948457509
1169 1703948457553
1170 1703948457593
1171 1703948457632
1172 1703948457672
1173 1703948457710
1174 1703948457751
1175 1703948457793
1176 1703948457833
1177 1703948457873
1178 1703948457913
1179 1703948457952
1180 1703948457992
1181 1703948458031
1182 1703948458072
1183 1703948458116
1184 1703948458156
1185 1703948458196
1186 1703948458236
1187 1703948458276
1188 1703948458316
1189 1703948458356
1190 1703948458396
1191 1703948458436
1192 1703948458476
1193 1703948458515
1194 1703948458555
1195 1703948458595
1196 1703948458640
1197 1703948458679
1198 1703948458720
1199 1703948458760
1200 1703948458799
1201 1703948458840
1202 1703948458880
1203 1703948458921
1204 1703948458961
1205 1703948458999
1206 1703948459039
1207 1703948459079
1208 1703948459120
1209 1703948459160
1210 1703948459205
1211 1703948459245
1212 1703948459285
1213 1703948459325
1214 1703948459365
1215 1703948459405
1216 1703948459445
1217 1703948459485
1218 1703948459526
1219 1703948459565
1220 1703948459605
1221 1703948459645
1222 1703948459685
1223 1703948459725
1224 1703948459770
1225 1703948459808
1226 1703948459848
1227 1703948459889
1228 1703948459928
1229 1703948459969
1230 1703948460009
1231 1703948460049
1232 1703948460088
1233 1703948460128
1234 1703948460169
1235 1703948460209
1236 1703948460249
1237 1703948460288
1238 1703948460332
1239 1703948460372
1240 1703948460413
1241 1703948460453
1242 1703948460493
1243 1703948460533
1244 1703948460573
1245 1703948460613
1246 1703948460652
1247 1703948460693
1248 1703948460733
1249 1703948460772
1250 1703948460812
1251 1703948460852
1252 1703948460897
1253 1703948460937
1254 1703948460977
1255 1703948461017
1256 1703948461056
1257 1703948461097
1258 1703948461137
1259 1703948461177
1260 1703948461217
1261 1703948461257
1262 1703948461297
1263 1703948461337
1264 1703948461377
1265 1703948461421
1266 1703948461461
1267 1703948461501
1268 1703948461541
1269 1703948461581
1270 1703948461621
1271 1703948461661
1272 1703948461700
1273 1703948461741
1274 1703948461781
1275 1703948461821
1276 1703948461861
1277 1703948461901
1278 1703948461941
1279 1703948461985
1280 1703948462025
1281 1703948462065
1282 1703948462105
1283 1703948462145
1284 1703948462185
1285 1703948462224
1286 1703948462264
1287 1703948462304
1288 1703948462344
1289 1703948462384
1290 1703948462424
1291 1703948462464
1292 1703948462504
1293 1703948462548
1294 1703948462587
1295 1703948462627
1296 1703948462668
1297 1703948462709
1298 1703948462749
1299 1703948462789
1300 1703948462829
1301 1703948462869
1302 1703948462909
1303 1703948462948
1304 1703948462988
1305 1703948463029
1306 1703948463069
1307 1703948463113
1308 1703948463153
1309 1703948463193
1310 1703948463233
1311 1703948463273
1312 1703948463313
1313 1703948463353
1314 1703948463393
1315 1703948463433
1316 1703948463473
1317 1703948463513
1318 1703948463553
1319 1703948463593
1320 1703948463632
1321 1703948463677
1322 1703948463717
1323 1703948463757
1324 1703948463797
1325 1703948463837
1326 1703948463877
1327 1703948463915
1328 1703948463957
1329 1703948463998
1330 1703948464037
1331 1703948464077
1332 1703948464116
1333 1703948464156
1334 1703948464201
1335 1703948464241
1336 1703948464282
1337 1703948464321
1338 1703948464362
1339 1703948464401
1340 1703948464441
1341 1703948464481
1342 1703948464521
1343 1703948464561
1344 1703948464601
1345 1703948464641
1346 1703948464681
1347 1703948464722
1348 1703948464764
1349 1703948464804
1350 1703948464844
1351 1703948464884
1352 1703948464925
1353 1703948464965
1354 1703948465005
1355 1703948465043
1356 1703948465084
1357 1703948465125
1358 1703948465165
1359 1703948465204
1360 1703948465244
1361 1703948465284
1362 1703948465329
1363 1703948465369
1364 1703948465409
1365 1703948465449
1366 1703948465489
1367 1703948465528
1368 1703948465568
1369 1703948465608
1370 1703948465649
1371 1703948465688
1372 1703948465728
1373 1703948465768
1374 1703948465808
1375 1703948465847
1376 1703948465892
1377 1703948465932
1378 1703948465972
1379 1703948466012
1380 1703948466052
1381 1703948466092
1382 1703948466132
1383 1703948466172
1384 1703948466212
1385 1703948466252
1386 1703948466292
1387 1703948466333
1388 1703948466372
1389 1703948466412
1390 1703948466456
1391 1703948466496
1392 1703948466536
1393 1703948466576
1394 1703948466616
1395 1703948466657
1396 1703948466696
1397 1703948466736
1398 1703948466776
1399 1703948466815
1400 1703948466855
1401 1703948466898
1402 1703948466937
1403 1703948466979
1404 1703948467020
1405 1703948467061
1406 1703948467101
1407 1703948467141
1408 1703948467181
1409 1703948467220
1410 1703948467260
1411 1703948467299
1412 1703948467340
1413 1703948467380
1414 1703948467420
1415 1703948467460
1416 1703948467500
1417 1703948467545
1418 1703948467584
1419 1703948467624
1420 1703948467664
1421 1703948467704
1422 1703948467744
1423 1703948467784
1424 1703948467825
1425 1703948467865
1426 1703948467905
1427 1703948467944
1428 1703948467983
1429 1703948468023
1430 1703948468064
1431 1703948468108
1432 1703948468150
1433 1703948468188
1434 1703948468227
1435 1703948468268
1436 1703948468310
1437 1703948468348
1438 1703948468388
1439 1703948468428
1440 1703948468468
1441 1703948468508
1442 1703948468548
1443 1703948468588
1444 1703948468628
1445 1703948468672
1446 1703948468712
1447 1703948468751
1448 1703948468792
1449 1703948468834
1450 1703948468874
1451 1703948468912
1452 1703948468951
1453 1703948468992
1454 1703948469032
1455 1703948469072
1456 1703948469112
1457 1703948469153
1458 1703948469193
1459 1703948469237
1460 1703948469277
1461 1703948469317
1462 1703948469357
1463 1703948469396
1464 1703948469437
1465 1703948469476
1466 1703948469516
1467 1703948469556
1468 1703948469597
1469 1703948469637
1470 1703948469676
1471 1703948469715
1472 1703948469760
1473 1703948469802
1474 1703948469841
1475 1703948469881
1476 1703948469920
1477 1703948469960
1478 1703948470000
1479 1703948470041
1480 1703948470081
1481 1703948470122
1482 1703948470161
1483 1703948470201
1484 1703948470241
1485 1703948470281
1486 1703948470325
1487 1703948470365
1488 1703948470405
1489 1703948470445
1490 1703948470485
1491 1703948470526
1492 1703948470563
1493 1703948470603
1494 1703948470646
1495 1703948470686
1496 1703948470725
1497 1703948470765
1498 1703948470805
1499 1703948470845
1500 1703948470888
1501 1703948470928
1502 1703948470968
1503 1703948471008
1504 1703948471048
1505 1703948471089
1506 1703948471129
1507 1703948471170
1508 1703948471209
1509 1703948471249
1510 1703948471289
1511 1703948471329
1512 1703948471369
1513 1703948471409
1514 1703948471453
1515 1703948471493
1516 1703948471533
1517 1703948471573
1518 1703948471613
1519 1703948471654
1520 1703948471693
1521 1703948471733
1522 1703948471773
1523 1703948471813
1524 1703948471853
1525 1703948471893
1526 1703948471933
1527 1703948471973
1528 1703948472018
1529 1703948472057
1530 1703948472097
1531 1703948472137
1532 1703948472177
1533 1703948472217
1534 1703948472257
1535 1703948472297
1536 1703948472337
1537 1703948472377
1538 1703948472417
1539 1703948472457
1540 1703948472497
1541 1703948472541
1542 1703948472582
1543 1703948472621
1544 1703948472662
1545 1703948472699
1546 1703948472740
1547 1703948472781
1548 1703948472820
1549 1703948472863
1550 1703948472902
1551 1703948472942
1552 1703948472981
1553 1703948473021
1554 1703948473062
1555 1703948473107
1556 1703948473147
1557 1703948473187
1558 1703948473226
1559 1703948473265
1560 1703948473306
1561 1703948473345
1562 1703948473385
1563 1703948473424
1564 1703948473464
1565 1703948473505
1566 1703948473545
1567 1703948473586
1568 1703948473625
1569 1703948473669
1570 1703948473709
1571 1703948473749
1572 1703948473789
1573 1703948473829
1574 1703948473869
1575 1703948473909
1576 1703948473949
1577 1703948473989
1578 1703948474029
1579 1703948474069
1580 1703948474110
1581 1703948474149
1582 1703948474189
1583 1703948474233
1584 1703948474273
1585 1703948474313
1586 1703948474353
1587 1703948474393
1588 1703948474433
1589 1703948474472
1590 1703948474512
1591 1703948474554
1592 1703948474594
1593 1703948474634
1594 1703948474672
1595 1703948474712
1596 1703948474756
1597 1703948474796
1598 1703948474836
1599 1703948474876
1600 1703948474916
1601 1703948474956
1602 1703948474996
1603 1703948475037
1604 1703948475077
1605 1703948475116
1606 1703948475156
1607 1703948475196
1608 1703948475236
1609 1703948475277
1610 1703948475321
1611 1703948475361
1612 1703948475401
1613 1703948475440
1614 1703948475480
1615 1703948475521
1616 1703948475561
1617 1703948475600
1618 1703948475640
1619 1703948475680
1620 1703948475720
1621 1703948475761
1622 1703948475800
1623 1703948475841
1624 1703948475883
1625 1703948475924
1626 1703948475964
1627 1703948476004
1628 1703948476044
1629 1703948476084
1630 1703948476124
1631 1703948476165
1632 1703948476205
1633 1703948476244
1634 1703948476284
1635 1703948476325
1636 1703948476364
1637 1703948476404
1638 1703948476450
1639 1703948476488
1640 1703948476528
1641 1703948476568
1642 1703948476608
1643 1703948476650
1644 1703948476688
1645 1703948476727
1646 1703948476769
1647 1703948476809
1648 1703948476848
1649 1703948476889
1650 1703948476929
1651 1703948476969
1652 1703948477013
1653 1703948477053
1654 1703948477092
1655 1703948477132
1656 1703948477172
1657 1703948477213
1658 1703948477253
1659 1703948477293
1660 1703948477333
1661 1703948477372
1662 1703948477413
1663 1703948477453
1664 1703948477493
1665 1703948477533
1666 1703948477576
1667 1703948477616
1668 1703948477658
1669 1703948477699
1670 1703948477738
1671 1703948477778
1672 1703948477818
1673 1703948477856
1674 1703948477896
1675 1703948477937
1676 1703948477977
1677 1703948478017
1678 1703948478057
1679 1703948478101
1680 1703948478141
1681 1703948478181
1682 1703948478221
1683 1703948478261
1684 1703948478301
1685 1703948478341
1686 1703948478381
1687 1703948478421
1688 1703948478462
1689 1703948478500
1690 1703948478540
1691 1703948478580
1692 1703948478621
1693 1703948478665
1694 1703948478705
1695 1703948478745
1696 1703948478785
1697 1703948478825
1698 1703948478865
1699 1703948478905
1700 1703948478945
1701 1703948478986
1702 1703948479025
1703 1703948479065
1704 1703948479105
1705 1703948479145
1706 1703948479185
1707 1703948479229
1708 1703948479269
1709 1703948479309
1710 1703948479349
1711 1703948479389
1712 1703948479429
1713 1703948479470
1714 1703948479509
1715 1703948479549
1716 1703948479589
1717 1703948479629
1718 1703948479669
1719 1703948479709
1720 1703948479749
1721 1703948479793
1722 1703948479833
1723 1703948479873
1724 1703948479913
1725 1703948479953
1726 1703948479994
1727 1703948480033
1728 1703948480073
1729 1703948480113
1730 1703948480153
1731 1703948480194
1732 1703948480233
1733 1703948480273
1734 1703948480313
1735 1703948480357
1736 1703948480397
1737 1703948480437
1738 1703948480478
1739 1703948480518
1740 1703948480559
1741 1703948480597
1742 1703948480636
1743 1703948480676
1744 1703948480716
1745 1703948480756
1746 1703948480796
1747 1703948480837
1748 1703948480881
1749 1703948480922
1750 1703948480961
1751 1703948481001
1752 1703948481041
1753 1703948481082
1754 1703948481121
1755 1703948481161
1756 1703948481201
1757 1703948481241
1758 1703948481281
1759 1703948481321
1760 1703948481361
1761 1703948481401
1762 1703948481445
1763 1703948481485
1764 1703948481525
1765 1703948481565
1766 1703948481606
1767 1703948481646
1768 1703948481685
1769 1703948481726
1770 1703948481765
1771 1703948481805
1772 1703948481845
1773 1703948481885
1774 1703948481925
1775 1703948481965
1776 1703948482009
1777 1703948482049
1778 1703948482089
1779 1703948482130
1780 1703948482169
1781 1703948482208
1782 1703948482248
1783 1703948482288
1784 1703948482329
1785 1703948482369
1786 1703948482409
1787 1703948482449
1788 1703948482488
1789 1703948482528
1790 1703948482574
1791 1703948482614
1792 1703948482652
1793 1703948482691
1794 1703948482731
1795 1703948482772
1796 1703948482814
1797 1703948482853
1798 1703948482892
1799 1703948482932
1800 1703948482974
1801 1703948483014
1802 1703948483053
1803 1703948483092
1804 1703948483136
1805 1703948483178
1806 1703948483218
1807 1703948483255
1808 1703948483296
1809 1703948483338
1810 1703948483378
1811 1703948483418
1812 1703948483458
1813 1703948483498
1814 1703948483538
1815 1703948483578
1816 1703948483618
1817 1703948483662
1818 1703948483702
1819 1703948483740
1820 1703948483780
1821 1703948483820
1822 1703948483862
1823 1703948483902
1824 1703948483942
1825 1703948483980
1826 1703948484020
1827 1703948484061
1828 1703948484100
1829 1703948484140
1830 1703948484180
1831 1703948484225
1832 1703948484265
1833 1703948484303
1834 1703948484343
1835 1703948484383
1836 1703948484424
1837 1703948484464
1838 1703948484506
1839 1703948484546
1840 1703948484586
1841 1703948484626
1842 1703948484667
1843 1703948484704
1844 1703948484746
1845 1703948484790
1846 1703948484830
1847 1703948484870
1848 1703948484910
1849 1703948484950
1850 1703948484990
1851 1703948485030
1852 1703948485070
1853 1703948485110
1854 1703948485150
1855 1703948485189
1856 1703948485230
1857 1703948485271
1858 1703948485310
1859 1703948485354
1860 1703948485395
1861 1703948485434
1862 1703948485474
1863 1703948485514
1864 1703948485554
1865 1703948485594
1866 1703948485635
1867 1703948485672
1868 1703948485712
1869 1703948485754
1870 1703948485795
1871 1703948485834
1872 1703948485878
1873 1703948485918
1874 1703948485958
1875 1703948485998
1876 1703948486036
1877 1703948486077
1878 1703948486117
1879 1703948486157
1880 1703948486196
1881 1703948486235
1882 1703948486275
1883 1703948486316
1884 1703948486359
1885 1703948486398
1886 1703948486442
1887 1703948486482
1888 1703948486522
1889 1703948486562
1890 1703948486602
1891 1703948486641
1892 1703948486679
1893 1703948486720
1894 1703948486761
1895 1703948486801
1896 1703948486841
1897 1703948486881
1898 1703948486921
1899 1703948486961
1900 1703948487005
1901 1703948487045
1902 1703948487085
1903 1703948487125
1904 1703948487164
1905 1703948487205
1906 1703948487245
1907 1703948487285
1908 1703948487325
1909 1703948487365
1910 1703948487405
1911 1703948487445
1912 1703948487485
1913 1703948487525
1914 1703948487569
1915 1703948487610
1916 1703948487649
1917 1703948487689
1918 1703948487729
1919 1703948487769
1920 1703948487809
1921 1703948487849
1922 1703948487889
1923 1703948487929
1924 1703948487969
1925 1703948488009
1926 1703948488049
1927 1703948488089
1928 1703948488133
1929 1703948488173
1930 1703948488213
1931 1703948488253
1932 1703948488293
1933 1703948488333
1934 1703948488373
1935 1703948488413
1936 1703948488453
1937 1703948488493
1938 1703948488533
1939 1703948488573
1940 1703948488613
1941 1703948488654
1942 1703948488698
1943 1703948488738
1944 1703948488778
1945 1703948488818
1946 1703948488858
1947 1703948488898
1948 1703948488939
1949 1703948488978
1950 1703948489018
1951 1703948489058
1952 1703948489098
1953 1703948489138
1954 1703948489178
1955 1703948489222
1956 1703948489262
1957 1703948489302
1958 1703948489343
1959 1703948489382
1960 1703948489422
1961 1703948489463
1962 1703948489502
1963 1703948489542
1964 1703948489582
1965 1703948489622
1966 1703948489662
1967 1703948489701
1968 1703948489740
1969 1703948489785
1970 1703948489825
1971 1703948489865
1972 1703948489906
1973 1703948489946
1974 1703948489986
1975 1703948490027
1976 1703948490065
1977 1703948490106
1978 1703948490145
1979 1703948490184
1980 1703948490224
1981 1703948490264
1982 1703948490304
1983 1703948490348
1984 1703948490390
1985 1703948490429
1986 1703948490468
1987 1703948490508
1988 1703948490548
1989 1703948490590
1990 1703948490628
1991 1703948490668
1992 1703948490709
1993 1703948490750
1994 1703948490790
1995 1703948490830
1996 1703948490868
1997 1703948490913
1998 1703948490953
1999 1703948490993
2000 1703948491034
2001 1703948491074
2002 1703948491113
2003 1703948491154
2004 1703948491192
2005 1703948491233
2006 1703948491272
2007 1703948491313
2008 1703948491353
2009 1703948491393
2010 1703948491433
2011 1703948491477
2012 1703948491517
2013 1703948491558
2014 1703948491597
2015 1703948491637
2016 1703948491678
2017 1703948491717
2018 1703948491757
2019 1703948491797
2020 1703948491837
2021 1703948491877
2022 1703948491917
2023 1703948491957
2024 1703948492002
2025 1703948492042
2026 1703948492082
2027 1703948492120
2028 1703948492160
2029 1703948492201
2030 1703948492241
2031 1703948492281
2032 1703948492320
2033 1703948492361
2034 1703948492400
2035 1703948492440
2036 1703948492482
2037 1703948492521
2038 1703948492564
2039 1703948492605
2040 1703948492646
2041 1703948492686
2042 1703948492727
2043 1703948492766
2044 1703948492804
2045 1703948492843
2046 1703948492885
2047 1703948492925
2048 1703948492965
2049 1703948493005
2050 1703948493045
2051 1703948493084
2052 1703948493129
2053 1703948493169
2054 1703948493209
2055 1703948493248
2056 1703948493289
2057 1703948493328
2058 1703948493369
2059 1703948493410
2060 1703948493449
2061 1703948493489
2062 1703948493530
2063 1703948493569
2064 1703948493608
2065 1703948493653
2066 1703948493692
2067 1703948493732
2068 1703948493773
2069 1703948493812
2070 1703948493853
2071 1703948493894
2072 1703948493933
2073 1703948493972
2074 1703948494013
2075 1703948494054
2076 1703948494094
2077 1703948494132
2078 1703948494173
2079 1703948494213
2080 1703948494257
2081 1703948494297
2082 1703948494337
2083 1703948494377
2084 1703948494417
2085 1703948494457
2086 1703948494498
2087 1703948494536
2088 1703948494576
2089 1703948494617
2090 1703948494659
2091 1703948494699
2092 1703948494738
2093 1703948494782
2094 1703948494822
2095 1703948494862
2096 1703948494902
2097 1703948494940
2098 1703948494980
2099 1703948495021
2100 1703948495061
2101 1703948495101
2102 1703948495141
2103 1703948495181
2104 1703948495221
2105 1703948495261
2106 1703948495301
2107 1703948495345
2108 1703948495385
2109 1703948495426
2110 1703948495466
2111 1703948495505
2112 1703948495546
2113 1703948495585
2114 1703948495625
2115 1703948495666
2116 1703948495706
2117 1703948495746
2118 1703948495785
2119 1703948495826
2120 1703948495865
2121 1703948495910
2122 1703948495950
2123 1703948495990
2124 1703948496030
2125 1703948496069
2126 1703948496110
2127 1703948496150
2128 1703948496189
2129 1703948496230
2130 1703948496270
2131 1703948496310
2132 1703948496349
2133 1703948496389
2134 1703948496429
2135 1703948496475
2136 1703948496514
2137 1703948496554
2138 1703948496593
2139 1703948496634
2140 1703948496674
2141 1703948496714
2142 1703948496753
2143 1703948496794
2144 1703948496834
2145 1703948496873
2146 1703948496913
2147 1703948496954
2148 1703948496998
2149 1703948497037
2150 1703948497078
2151 1703948497118
2152 1703948497158
2153 1703948497198
2154 1703948497238
2155 1703948497276
2156 1703948497317
2157 1703948497357
2158 1703948497397
2159 1703948497437
2160 1703948497476
2161 1703948497516
2162 1703948497563
2163 1703948497601
2164 1703948497641
2165 1703948497680
2166 1703948497721
2167 1703948497761
2168 1703948497801
2169 1703948497841
2170 1703948497881
2171 1703948497921
2172 1703948497961
2173 1703948498000
2174 1703948498041
2175 1703948498081
2176 1703948498126
2177 1703948498166
2178 1703948498204
2179 1703948498244
2180 1703948498285
2181 1703948498325
2182 1703948498366
2183 1703948498405
2184 1703948498445
2185 1703948498485
2186 1703948498524
2187 1703948498564
2188 1703948498605
2189 1703948498645
2190 1703948498690
2191 1703948498729
2192 1703948498769
2193 1703948498809
2194 1703948498849
2195 1703948498889
2196 1703948498930
2197 1703948498968
2198 1703948499008
2199 1703948499050
2200 1703948499089
2201 1703948499128
2202 1703948499171
2203 1703948499208
2204 1703948499252
2205 1703948499293
2206 1703948499332
2207 1703948499373
2208 1703948499413
2209 1703948499453
2210 1703948499493
2211 1703948499535
2212 1703948499574
2213 1703948499614
2214 1703948499654
2215 1703948499694
2216 1703948499734
2217 1703948499774
2218 1703948499818
2219 1703948499858
2220 1703948499898
2221 1703948499938
2222 1703948499978
2223 1703948500018
2224 1703948500058
2225 1703948500098
2226 1703948500138
2227 1703948500178
2228 1703948500218
2229 1703948500257
2230 1703948500297
2231 1703948500341
2232 1703948500382
2233 1703948500422
2234 1703948500462
2235 1703948500502
2236 1703948500542
2237 1703948500582
2238 1703948500622
2239 1703948500663
2240 1703948500702
2241 1703948500742
2242 1703948500782
2243 1703948500822
2244 1703948500862
2245 1703948500906
2246 1703948500946
2247 1703948500987
2248 1703948501026
2249 1703948501066
2250 1703948501106
2251 1703948501146
2252 1703948501186
2253 1703948501226
2254 1703948501266
2255 1703948501306
2256 1703948501346
2257 1703948501386
2258 1703948501425
2259 1703948501469
2260 1703948501510
2261 1703948501549
2262 1703948501589
2263 1703948501629
2264 1703948501669
2265 1703948501709
2266 1703948501749
2267 1703948501789
2268 1703948501829
2269 1703948501869
2270 1703948501909
2271 1703948501949
2272 1703948501989
2273 1703948502033
2274 1703948502073
2275 1703948502113
2276 1703948502153
2277 1703948502193
2278 1703948502232
2279 1703948502273
2280 1703948502312
2281 1703948502353
2282 1703948502393
2283 1703948502433
2284 1703948502473
2285 1703948502512
2286 1703948502553
2287 1703948502599
2288 1703948502640
2289 1703948502676
2290 1703948502718
2291 1703948502759
2292 1703948502798
2293 1703948502836
2294 1703948502876
2295 1703948502917
2296 1703948502958
2297 1703948502998
2298 1703948503037
2299 1703948503076
2300 1703948503121
2301 1703948503162
2302 1703948503202
2303 1703948503241
2304 1703948503281
2305 1703948503321
2306 1703948503361
2307 1703948503401
2308 1703948503441
2309 1703948503481
2310 1703948503521
2311 1703948503562
2312 1703948503601
2313 1703948503641
2314 1703948503685
2315 1703948503725
2316 1703948503765
2317 1703948503805
2318 1703948503845
2319 1703948503885
2320 1703948503925
2321 1703948503965
2322 1703948504005
2323 1703948504044
2324 1703948504086
2325 1703948504126
2326 1703948504166
2327 1703948504205
2328 1703948504249
2329 1703948504289
2330 1703948504329
2331 1703948504369
2332 1703948504409
2333 1703948504450
2334 1703948504489
2335 1703948504529
2336 1703948504569
2337 1703948504610
2338 1703948504650
2339 1703948504689
2340 1703948504729
2341 1703948504773
2342 1703948504813
2343 1703948504853
2344 1703948504893
2345 1703948504933
2346 1703948504973
2347 1703948505013
2348 1703948505053
2349 1703948505093
2350 1703948505133
2351 1703948505173
2352 1703948505213
2353 1703948505253
2354 1703948505293
2355 1703948505333
2356 1703948505379
2357 1703948505419
2358 1703948505459
2359 1703948505497
2360 1703948505537
2361 1703948505577
2362 1703948505617
2363 1703948505658
2364 1703948505697
2365 1703948505737
2366 1703948505777
2367 1703948505817
2368 1703948505858
2369 1703948505902
2370 1703948505942
2371 1703948505982
2372 1703948506022
2373 1703948506062
2374 1703948506102
2375 1703948506141
2376 1703948506183
2377 1703948506222
2378 1703948506261
2379 1703948506301
2380 1703948506341
2381 1703948506381
2382 1703948506421
2383 1703948506465
2384 1703948506505
2385 1703948506546
2386 1703948506585
2387 1703948506625
2388 1703948506665
2389 1703948506705
2390 1703948506744
2391 1703948506784
2392 1703948506825
2393 1703948506867
2394 1703948506907
2395 1703948506946
2396 1703948506987
2397 1703948507031
2398 1703948507071
2399 1703948507111
2400 1703948507151
2401 1703948507191
2402 1703948507231
2403 1703948507270
2404 1703948507309
2405 1703948507349
2406 1703948507389
2407 1703948507429
2408 1703948507469
2409 1703948507509
2410 1703948507549
2411 1703948507593
2412 1703948507633
2413 1703948507674
2414 1703948507714
2415 1703948507752
2416 1703948507792
2417 1703948507832
2418 1703948507872
2419 1703948507912
2420 1703948507952
2421 1703948507992
2422 1703948508032
2423 1703948508072
2424 1703948508116
2425 1703948508156
2426 1703948508196
2427 1703948508236
2428 1703948508276
2429 1703948508316
2430 1703948508356
2431 1703948508396
2432 1703948508436
2433 1703948508476
2434 1703948508516
2435 1703948508556
2436 1703948508596
2437 1703948508636
2438 1703948508680
2439 1703948508720
2440 1703948508760
2441 1703948508800
2442 1703948508840
2443 1703948508880
2444 1703948508920
2445 1703948508960
2446 1703948509000
2447 1703948509040
2448 1703948509080
2449 1703948509120
2450 1703948509160
2451 1703948509200
2452 1703948509244
2453 1703948509284
2454 1703948509324
2455 1703948509364
2456 1703948509404
2457 1703948509444
2458 1703948509484
2459 1703948509524
2460 1703948509564
2461 1703948509604
2462 1703948509644
2463 1703948509684
2464 1703948509724
2465 1703948509764
2466 1703948509808
2467 1703948509848
2468 1703948509888
2469 1703948509928
2470 1703948509968
2471 1703948510008
2472 1703948510048
2473 1703948510088
2474 1703948510128
2475 1703948510168
2476 1703948510208
2477 1703948510248
2478 1703948510288
2479 1703948510328
2480 1703948510372
2481 1703948510412
2482 1703948510453
2483 1703948510494
2484 1703948510534
2485 1703948510574
2486 1703948510613
2487 1703948510652
2488 1703948510692
2489 1703948510733
2490 1703948510774
2491 1703948510813
2492 1703948510853
2493 1703948510893
2494 1703948510937
2495 1703948510977
2496 1703948511017
2497 1703948511057
2498 1703948511097
2499 1703948511137
2500 1703948511177
2501 1703948511217
2502 1703948511257
2503 1703948511297
2504 1703948511337
2505 1703948511377
2506 1703948511417
2507 1703948511461
2508 1703948511502
2509 1703948511542
2510 1703948511581
2511 1703948511620
2512 1703948511661
2513 1703948511702
2514 1703948511741
2515 1703948511781
2516 1703948511821
2517 1703948511861
2518 1703948511901
2519 1703948511941
2520 1703948511981
2521 1703948512027
2522 1703948512065
2523 1703948512104
2524 1703948512146
2525 1703948512186
2526 1703948512225
2527 1703948512265
2528 1703948512305
2529 1703948512346
2530 1703948512385
2531 1703948512425
2532 1703948512467
2533 1703948512505
2534 1703948512545
2535 1703948512590
2536 1703948512629
2537 1703948512669
2538 1703948512709
2539 1703948512749
2540 1703948512790
2541 1703948512829
2542 1703948512870
2543 1703948512909
2544 1703948512948
2545 1703948512989
2546 1703948513031
2547 1703948513070
2548 1703948513110
2549 1703948513154
2550 1703948513194
2551 1703948513234
2552 1703948513274
2553 1703948513314
2554 1703948513354
2555 1703948513394
2556 1703948513434
2557 1703948513474
2558 1703948513514
2559 1703948513554
2560 1703948513595
2561 1703948513634
2562 1703948513674
2563 1703948513718
2564 1703948513759
2565 1703948513798
2566 1703948513838
2567 1703948513878
2568 1703948513918
2569 1703948513958
2570 1703948513998
2571 1703948514040
2572 1703948514079
2573 1703948514118
2574 1703948514158
2575 1703948514198
2576 1703948514243
2577 1703948514282
2578 1703948514321
2579 1703948514360
2580 1703948514400
2581 1703948514440
2582 1703948514480
2583 1703948514520
2584 1703948514560
2585 1703948514603
2586 1703948514643
2587 1703948514683
2588 1703948514723
2589 1703948514763
2590 1703948514807
2591 1703948514847
2592 1703948514887
2593 1703948514925
2594 1703948514965
2595 1703948515006
2596 1703948515045
2597 1703948515086
2598 1703948515125
2599 1703948515165
2600 1703948515206
2601 1703948515245
2602 1703948515286
2603 1703948515326
2604 1703948515369
2605 1703948515409
2606 1703948515449
2607 1703948515490
2608 1703948515529
2609 1703948515569
2610 1703948515610
2611 1703948515650
2612 1703948515690
2613 1703948515729
2614 1703948515769
2615 1703948515810
2616 1703948515849
2617 1703948515893
2618 1703948515934
2619 1703948515974
2620 1703948516014
2621 1703948516053
2622 1703948516093
2623 1703948516133
2624 1703948516174
2625 1703948516213
2626 1703948516253
2627 1703948516293
2628 1703948516333
2629 1703948516373
2630 1703948516414
2631 1703948516453
2632 1703948516498
2633 1703948516537
2634 1703948516577
2635 1703948516617
2636 1703948516659
2637 1703948516697
2638 1703948516737
2639 1703948516778
2640 1703948516819
2641 1703948516857
2642 1703948516897
2643 1703948516937
2644 1703948516977
2645 1703948517022
2646 1703948517061
2647 1703948517101
2648 1703948517142
2649 1703948517182
2650 1703948517222
2651 1703948517263
2652 1703948517303
2653 1703948517342
2654 1703948517382
2655 1703948517423
2656 1703948517462
2657 1703948517502
2658 1703948517543
2659 1703948517587
2660 1703948517627
2661 1703948517667
2662 1703948517706
2663 1703948517746
2664 1703948517787
2665 1703948517826
2666 1703948517866
2667 1703948517906
2668 1703948517946
2669 1703948517986
2670 1703948518027
2671 1703948518066
2672 1703948518106
2673 1703948518151
2674 1703948518190
2675 1703948518230
2676 1703948518270
2677 1703948518310
2678 1703948518350
2679 1703948518390
2680 1703948518431
2681 1703948518470
2682 1703948518510
2683 1703948518551
2684 1703948518589
2685 1703948518628
2686 1703948518668
2687 1703948518712
2688 1703948518753
2689 1703948518794
2690 1703948518833
2691 1703948518873
2692 1703948518914
2693 1703948518954
2694 1703948518993
2695 1703948519034
2696 1703948519074
2697 1703948519114
2698 1703948519154
2699 1703948519193
2700 1703948519237
2701 1703948519278
2702 1703948519318
2703 1703948519358
2704 1703948519399
2705 1703948519439
2706 1703948519479
2707 1703948519519
2708 1703948519559
2709 1703948519599
2710 1703948519639
2711 1703948519679
2712 1703948519719
2713 1703948519760
2714 1703948519803
2715 1703948519843
2716 1703948519883
2717 1703948519923
2718 1703948519963
2719 1703948520003
2720 1703948520044
2721 1703948520083
2722 1703948520123
2723 1703948520163
2724 1703948520203
2725 1703948520241
2726 1703948520282
2727 1703948520321
2728 1703948520365
2729 1703948520407
2730 1703948520447
2731 1703948520487
2732 1703948520528
2733 1703948520565
2734 1703948520605
2735 1703948520645
2736 1703948520685
2737 1703948520726
2738 1703948520766
2739 1703948520806
2740 1703948520846
2741 1703948520886
2742 1703948520931
2743 1703948520972
2744 1703948521011
2745 1703948521050
2746 1703948521091
2747 1703948521131
2748 1703948521170
2749 1703948521211
