1 1703948002026 3 101 5.015495 3 102 5.193782
2 1703948002275 1 101 5.128098 1 102 5.123406
3 1703948002524 2 101 5.114023 2 102 4.996728
4 1703948002777 3 101 5.043646 3 102 5.203166
5 1703948003022 1 101 5.142173 1 102 5.109331
6 1703948003269 2 101 5.081180 2 102 4.992037
7 1703948003524 3 101 5.071796 3 102 5.203166
8 1703948003775 1 101 5.123406 1 102 5.109331
9 1703948004029 2 101 5.109331 2 102 4.996728
10 1703948004278 3 101 5.024879 3 102 5.193782
11 1703948004528 1 101 5.090564 1 102 5.128098
12 1703948004777 2 101 5.095255 2 102 4.973269
13 1703948005024 3 101 5.048338 3 102 5.212550
14 1703948005278 1 101 5.085872 1 102 5.132790
15 1703948005530 2 101 5.090564 2 102 4.982653
16 1703948005781 3 101 5.024879 3 102 5.212550
17 1703948006031 1 101 5.104639 1 102 5.128098
18 1703948006283 2 101 5.109331 2 102 4.996728
19 1703948006530 3 101 5.029571 3 102 5.184399
20 1703948006780 1 101 5.109331 1 102 5.114023
21 1703948007027 2 101 5.128098 2 102 5.001420
22 1703948007274 3 101 5.043646 3 102 5.217241
23 1703948007522 1 101 5.118714 1 102 5.104639
24 1703948007771 2 101 5.128098 2 102 5.010804
25 1703948008019 3 101 5.010804 3 102 5.193782
26 1703948008267 1 101 5.132790 1 102 5.123406
27 1703948008531 2 101 5.114023 2 102 5.006112
28 1703948008796 3 101 5.043646 3 102 5.193782
29 1703948009052 1 101 5.081180 1 102 5.128098
30 1703948009298 2 101 5.109331 2 102 4.996728
31 1703948009542 3 101 5.034263 3 102 5.203166
32 1703948009786 1 101 5.118714 1 102 5.128098
33 1703948010032 2 101 5.123406 2 102 5.006112
34 1703948010278 3 101 5.038954 3 102 5.189091
35 1703948010527 1 101 5.099947 1 102 5.118714
36 1703948010770 2 101 5.099947 2 102 4.992037
37 1703948011015 3 101 5.029571 3 102 5.193782
38 1703948011262 1 101 5.151556 1 102 5.132790
39 1703948011515 2 101 5.099947 2 102 4.996728
40 1703948011763 3 101 5.034263 3 102 5.207858
41 1703948012009 1 101 5.085872 1 102 5.132790
42 1703948012255 2 101 5.104639 2 102 4.987345
43 1703948012508 3 101 5.024879 3 102 5.221933
44 1703948012757 1 101 5.099947 1 102 5.146865
45 1703948013003 2 101 5.099947 2 102 5.010804
46 1703948013250 3 101 5.053030 3 102 5.207858
47 1703948013495 1 101 5.128098 1 102 5.118714
48 1703948014312 2 101 5.104639 2 102 5.001420
49 1703948014558 3 101 5.029571 3 102 5.212550
50 1703948014803 1 101 5.076488 1 102 5.137481
51 1703948015047 2 101 5.114023 2 102 4.987345
52 1703948015289 3 101 5.038954 3 102 5.203166
53 1703948015535 1 101 5.160940 1 102 5.118714
54 1703948015779 2 101 5.095255 2 102 5.015495
55 1703948016026 3 101 5.043646 3 102 5.217241
56 1703948016274 1 101 5.104639 1 102 5.132790
57 1703948017217 2 101 5.114023 2 102 5.010804
58 1703948017462 3 101 5.053030 3 102 5.207858
59 1703948017710 1 101 5.076488 1 102 5.109331
60 1703948017958 2 101 5.118714 2 102 5.006112
61 1703948018206 3 101 5.029571 3 102 5.198474
62 1703948018454 1 101 5.114023 1 102 5.118714
63 1703948018702 2 101 5.118714 2 102 5.020187
64 1703948018950 3 101 5.001420 3 102 5.245392
65 1703948019198 1 101 5.114023 1 102 5.137481
66 1703948019445 2 101 5.114023 2 102 4.996728
67 1703948019694 3 101 5.029571 3 102 5.203166
68 1703948019945 1 101 5.085872 1 102 5.123406
69 1703948020192 2 101 5.109331 2 102 5.001420
70 1703948021010 3 101 5.029571 3 102 5.184399
71 1703948021255 1 101 5.104639 1 102 5.142173
72 1703948021503 2 101 5.128098 2 102 5.010804
73 1703948021756 3 101 5.048338 3 102 5.207858
74 1703948022004 1 101 5.114023 1 102 5.123406
75 1703948022252 2 101 5.114023 2 102 4.977962
76 1703948022499 3 101 5.043646 3 102 5.203166
77 1703948022750 1 101 5.118714 1 102 5.118714
78 1703948022999 2 101 5.095255 2 102 4.987345
79 1703948023250 3 101 5.020187 3 102 5.212550
80 1703948023496 1 101 5.099947 1 102 5.132790
81 1703948023751 2 101 5.137481 2 102 5.001420
82 1703948023999 3 101 5.057721 3 102 5.184399
83 1703948024246 1 101 5.123406 1 102 5.128098
84 1703948024496 2 101 5.123406 2 102 4.982653
85 1703948024743 3 101 5.043646 3 102 5.207858
86 1703948024992 1 101 5.109331 1 102 5.123406
87 1703948025238 2 101 5.095255 2 102 5.001420
88 1703948025486 3 101 5.010804 3 102 5.221933
89 1703948025744 1 101 5.137481 1 102 5.151556
90 1703948025996 2 101 5.085872 2 102 4.996728
91 1703948026246 3 101 5.015495 3 102 5.184399
92 1703948026495 1 101 5.085872 1 102 5.137481
93 1703948026740 2 101 5.104639 2 102 5.001420
94 1703948026988 3 101 5.010804 3 102 5.203166
95 1703948027234 1 101 5.123406 1 102 5.123406
96 1703948027480 2 101 5.137481 2 102 5.020187
97 1703948027727 3 101 5.024879 3 102 5.189091
98 1703948027974 1 101 5.090564 1 102 5.128098
99 1703948028218 2 101 5.099947 2 102 5.010804
100 1703948028465 3 101 5.029571 3 102 5.189091
101 1703948028712 1 101 5.118714 1 102 5.132790
102 1703948028956 2 101 5.099947 2 102 4.973269
103 1703948029203 3 101 5.029571 3 102 5.231317
104 1703948029452 1 101 5.132790 1 102 5.109331
105 1703948029704 2 101 5.099947 2 102 5.020187
106 1703948029951 3 101 5.024879 3 102 5.179707
107 1703948030196 1 101 5.095255 1 102 5.114023
108 1703948030444 2 101 5.118714 2 102 4.987345
109 1703948030691 3 101 5.043646 3 102 5.217241
110 1703948030940 1 101 5.114023 1 102 5.146865
111 1703948031186 2 101 5.109331 2 102 5.001420
112 1703948031431 3 101 5.057721 3 102 5.193782
113 1703948031681 1 101 5.090564 1 102 5.132790
114 1703948031926 2 101 5.099947 2 102 4.982653
115 1703948032173 3 101 5.029571 3 102 5.193782
116 1703948032416 1 101 5.118714 1 102 5.128098
117 1703948032661 2 101 5.128098 2 102 4.982653
118 1703948032910 3 101 5.024879 3 102 5.203166
119 1703948033155 1 101 5.099947 1 102 5.118714
120 1703948033399 2 101 5.114023 2 102 4.996728
121 1703948033644 3 101 5.048338 3 102 5.221933
122 1703948033895 1 101 5.109331 1 102 5.118714
123 1703948034140 2 101 5.118714 2 102 4.982653
124 1703948034386 3 101 5.020187 3 102 5.207858
125 1703948034642 1 101 5.099947 1 102 5.142173
126 1703948034887 2 101 5.099947 2 102 5.006112
127 1703948035138 3 101 5.020187 3 102 5.198474
128 1703948035384 1 101 5.128098 1 102 5.118714
129 1703948035630 2 101 5.104639 2 102 5.006112
130 1703948035875 3 101 5.024879 3 102 5.221933
131 1703948036124 1 101 5.114023 1 102 5.132790
132 1703948036369 2 101 5.128098 2 102 5.006112
133 1703948036613 3 101 5.057721 3 102 5.207858
134 1703948036861 1 101 5.076488 1 102 5.114023
135 1703948037109 2 101 5.090564 2 102 5.006112
136 1703948037354 3 101 5.067105 3 102 5.203166
137 1703948037600 1 101 5.109331 1 102 5.132790
138 1703948037850 2 101 5.081180 2 102 5.024879
139 1703948039116 3 101 5.038954 3 102 5.198474
140 1703948039361 1 101 5.095255 1 102 5.146865
141 1703948039608 2 101 5.090564 2 102 5.006112
142 1703948039856 3 101 5.043646 3 102 5.236008
143 1703948040100 1 101 5.095255 1 102 5.128098
144 1703948040348 2 101 5.104639 2 102 5.001420
145 1703948040598 3 101 5.057721 3 102 5.203166
146 1703948040843 1 101 5.090564 1 102 5.146865
147 1703948041091 2 101 5.114023 2 102 4.992037
148 1703948041341 3 101 5.057721 3 102 5.207858
149 1703948041590 1 101 5.109331 1 102 5.156249
150 1703948041835 2 101 5.099947 2 102 4.982653
151 1703948042083 3 101 5.020187 3 102 5.189091
152 1703948042330 1 101 5.071796 1 102 5.114023
153 1703948042579 2 101 5.090564 2 102 4.996728
154 1703948042828 3 101 5.020187 3 102 5.198474
155 1703948043082 1 101 5.118714 1 102 5.142173
156 1703948044347 2 101 5.099947 2 102 5.015495
157 1703948044593 3 101 5.038954 3 102 5.250083
158 1703948044840 1 101 5.090564 1 102 5.128098
159 1703948045089 2 101 5.109331 2 102 4.992037
160 1703948045335 3 101 5.029571 3 102 5.212550
161 1703948045582 1 101 5.109331 1 102 5.137481
162 1703948045826 2 101 5.132790 2 102 4.968578
163 1703948046073 3 101 5.024879 3 102 5.193782
164 1703948046322 1 101 5.128098 1 102 5.137481
165 1703948046569 2 101 5.132790 2 102 4.992037
166 1703948046820 3 101 5.034263 3 102 5.221933
167 1703948047064 1 101 5.109331 1 102 5.114023
168 1703948047312 2 101 5.118714 2 102 4.987345
169 1703948047561 3 101 5.029571 3 102 5.198474
170 1703948047807 1 101 5.095255 1 102 5.114023
171 1703948048051 2 101 5.132790 2 102 5.001420
172 1703948048296 3 101 5.038954 3 102 5.217241
173 1703948048541 1 101 5.099947 1 102 5.114023
174 1703948048790 2 101 5.104639 2 102 4.987345
175 1703948049036 3 101 5.038954 3 102 5.203166
176 1703948049279 1 101 5.095255 1 102 5.109331
177 1703948049527 2 101 5.081180 2 102 5.015495
178 1703948049774 3 101 5.057721 3 102 5.212550
179 1703948050019 1 101 5.109331 1 102 5.132790
180 1703948050265 2 101 5.071796 2 102 5.001420
181 1703948050509 3 101 5.034263 3 102 5.193782
182 1703948050754 1 101 5.137481 1 102 5.123406
183 1703948051001 2 101 5.099947 2 102 4.982653
184 1703948051252 3 101 5.038954 3 102 5.189091
185 1703948051496 1 101 5.081180 1 102 5.137481
186 1703948051744 2 101 5.118714 2 102 5.001420
187 1703948051998 3 101 5.029571 3 102 5.203166
188 1703948052245 1 101 5.128098 1 102 5.142173
189 1703948052492 2 101 5.123406 2 102 4.987345
190 1703948052737 3 101 5.048338 3 102 5.217241
191 1703948052984 1 101 5.095255 1 102 5.132790
192 1703948053230 2 101 5.123406 2 102 4.992037
193 1703948053476 3 101 5.029571 3 102 5.198474
194 1703948053722 1 101 5.095255 1 102 5.142173
195 1703948053970 2 101 5.118714 2 102 5.006112
196 1703948054217 3 101 5.024879 3 102 5.212550
197 1703948054465 1 101 5.090564 1 102 5.137481
198 1703948054717 2 101 5.118714 2 102 4.977962
199 1703948054962 3 101 5.043646 3 102 5.179707
200 1703948055210 1 101 5.099947 1 102 5.142173
201 1703948055457 2 101 5.095255 2 102 5.001420
202 1703948055705 3 101 5.015495 3 102 5.198474
203 1703948055951 1 101 5.114023 1 102 5.142173
204 1703948056196 2 101 5.109331 2 102 4.987345
205 1703948056444 3 101 5.015495 3 102 5.184399
206 1703948056695 1 101 5.104639 1 102 5.132790
207 1703948056940 2 101 5.099947 2 102 4.982653
208 1703948057187 3 101 5.020187 3 102 5.207858
209 1703948057434 1 101 5.109331 1 102 5.128098
210 1703948057679 2 101 5.095255 2 102 4.996728
211 1703948057932 3 101 5.006112 3 102 5.203166
212 1703948058182 1 101 5.109331 1 102 5.114023
213 1703948059452 2 101 5.114023 2 102 5.001420
214 1703948059704 3 101 5.024879 3 102 5.198474
215 1703948059954 1 101 5.104639 1 102 5.114023
216 1703948060201 2 101 5.104639 2 102 4.992037
217 1703948060450 3 101 5.043646 3 102 5.221933
218 1703948060702 1 101 5.114023 1 102 5.104639
219 1703948060949 2 101 5.104639 2 102 5.001420
220 1703948061198 3 101 5.048338 3 102 5.203166
221 1703948061449 1 101 5.109331 1 102 5.118714
222 1703948061699 2 101 5.081180 2 102 4.992037
223 1703948061946 3 101 5.048338 3 102 5.179707
224 1703948062191 1 101 5.085872 1 102 5.137481
225 1703948062438 2 101 5.099947 2 102 4.987345
226 1703948062683 3 101 5.020187 3 102 5.207858
227 1703948062928 1 101 5.109331 1 102 5.109331
228 1703948063176 2 101 5.109331 2 102 5.001420
229 1703948063426 3 101 4.996728 3 102 5.207858
230 1703948063670 1 101 5.109331 1 102 5.118714
231 1703948063915 2 101 5.151556 2 102 4.987345
232 1703948064160 3 101 5.024879 3 102 5.212550
233 1703948064406 1 101 5.099947 1 102 5.128098
234 1703948064654 2 101 5.099947 2 102 4.977962
235 1703948064901 3 101 5.029571 3 102 5.203166
236 1703948065151 1 101 5.132790 1 102 5.151556
237 1703948065398 2 101 5.118714 2 102 4.992037
238 1703948065646 3 101 5.043646 3 102 5.226625
239 1703948065895 1 101 5.099947 1 102 5.114023
240 1703948066141 2 101 5.081180 2 102 5.006112
241 1703948066389 3 101 5.029571 3 102 5.221933
242 1703948066637 1 101 5.090564 1 102 5.137481
243 1703948066882 2 101 5.137481 2 102 4.992037
244 1703948067124 3 101 5.024879 3 102 5.198474
245 1703948067370 1 101 5.104639 1 102 5.142173
246 1703948067616 2 101 5.118714 2 102 4.996728
247 1703948067863 3 101 5.020187 3 102 5.184399
248 1703948068108 1 101 5.104639 1 102 5.114023
249 1703948068354 2 101 5.128098 2 102 4.982653
250 1703948068599 3 101 5.020187 3 102 5.207858
251 1703948068848 1 101 5.099947 1 102 5.109331
252 1703948069099 2 101 5.085872 2 102 4.982653
253 1703948069343 3 101 5.020187 3 102 5.212550
254 1703948069589 1 101 5.142173 1 102 5.104639
255 1703948069836 2 101 5.109331 2 102 5.010804
256 1703948070082 3 101 5.029571 3 102 5.207858
257 1703948070328 1 101 5.109331 1 102 5.151556
258 1703948071593 2 101 5.085872 2 102 5.001420
259 1703948071841 3 101 5.029571 3 102 5.198474
260 1703948072087 1 101 5.104639 1 102 5.151556
261 1703948072333 2 101 5.118714 2 102 4.982653
262 1703948072579 3 101 5.024879 3 102 5.207858
263 1703948072826 1 101 5.081180 1 102 5.118714
264 1703948073070 2 101 5.123406 2 102 5.010804
265 1703948073312 3 101 5.048338 3 102 5.217241
266 1703948073555 1 101 5.114023 1 102 5.109331
267 1703948073803 2 101 5.109331 2 102 4.982653
268 1703948074047 3 101 5.038954 3 102 5.198474
269 1703948074294 1 101 5.081180 1 102 5.156249
270 1703948074541 2 101 5.099947 2 102 4.982653
271 1703948074786 3 101 5.001420 3 102 5.203166
272 1703948075034 1 101 5.095255 1 102 5.128098
273 1703948075279 2 101 5.099947 2 102 5.001420
274 1703948075525 3 101 5.048338 3 102 5.221933
275 1703948075774 1 101 5.085872 1 102 5.123406
276 1703948076020 2 101 5.123406 2 102 4.973269
277 1703948076268 3 101 5.015495 3 102 5.189091
278 1703948076516 1 101 5.142173 1 102 5.095255
279 1703948076762 2 101 5.104639 2 102 4.992037
280 1703948077007 3 101 5.038954 3 102 5.212550
281 1703948077258 1 101 5.090564 1 102 5.137481
282 1703948077506 2 101 5.114023 2 102 4.996728
283 1703948077751 3 101 5.053030 3 102 5.198474
284 1703948078001 1 101 5.104639 1 102 5.114023
285 1703948078250 2 101 5.114023 2 102 4.992037
286 1703948078499 3 101 5.043646 3 102 5.198474
287 1703948078749 1 101 5.090564 1 102 5.132790
288 1703948078995 2 101 5.085872 2 102 5.001420
289 1703948079248 3 101 5.038954 3 102 5.212550
290 1703948079498 1 101 5.109331 1 102 5.137481
291 1703948079749 2 101 5.095255 2 102 4.996728
292 1703948079995 3 101 5.038954 3 102 5.165632
293 1703948080240 1 101 5.104639 1 102 5.132790
294 1703948080487 2 101 5.118714 2 102 4.996728
295 1703948080733 3 101 5.038954 3 102 5.203166
296 1703948080983 1 101 5.095255 1 102 5.118714
297 1703948081230 2 101 5.090564 2 102 4.982653
298 1703948081483 3 101 5.010804 3 102 5.207858
299 1703948081731 1 101 5.095255 1 102 5.128098
300 1703948081978 2 101 5.128098 2 102 4.982653
301 1703948082224 3 101 5.020187 3 102 5.198474
302 1703948082470 1 101 5.095255 1 102 5.137481
303 1703948082718 2 101 5.109331 2 102 5.006112
304 1703948082963 3 101 5.029571 3 102 5.207858
305 1703948083209 1 101 5.118714 1 102 5.137481
306 1703948084022 2 101 5.095255 2 102 5.001420
307 1703948084266 3 101 4.992037 3 102 5.207858
308 1703948084516 1 101 5.085872 1 102 5.128098
309 1703948084761 2 101 5.104639 2 102 4.996728
310 1703948085007 3 101 5.029571 3 102 5.221933
311 1703948085254 1 101 5.109331 1 102 5.099947
312 1703948085499 2 101 5.114023 2 102 5.015495
313 1703948085745 3 101 5.029571 3 102 5.203166
314 1703948085994 1 101 5.090564 1 102 5.114023
315 1703948086241 2 101 5.104639 2 102 4.996728
316 1703948086487 3 101 5.024879 3 102 5.236008
317 1703948086731 1 101 5.095255 1 102 5.104639
318 1703948086986 2 101 5.095255 2 102 5.015495
319 1703948087228 3 101 5.029571 3 102 5.193782
320 1703948087473 1 101 5.104639 1 102 5.123406
321 1703948087719 2 101 5.099947 2 102 4.987345
322 1703948087963 3 101 5.043646 3 102 5.198474
323 1703948088208 1 101 5.109331 1 102 5.123406
324 1703948088454 2 101 5.085872 2 102 5.001420
325 1703948088702 3 101 5.029571 3 102 5.207858
326 1703948088947 1 101 5.085872 1 102 5.109331
327 1703948089194 2 101 5.123406 2 102 5.006112
328 1703948089440 3 101 5.006112 3 102 5.207858
329 1703948089688 1 101 5.090564 1 102 5.128098
330 1703948089940 2 101 5.090564 2 102 4.959194
331 1703948090188 3 101 5.024879 3 102 5.217241
332 1703948090435 1 101 5.081180 1 102 5.137481
333 1703948090680 2 101 5.123406 2 102 5.006112
334 1703948090927 3 101 5.034263 3 102 5.231317
335 1703948091177 1 101 5.099947 1 102 5.118714
336 1703948091431 2 101 5.128098 2 102 5.006112
337 1703948091675 3 101 5.043646 3 102 5.212550
338 1703948091925 1 101 5.104639 1 102 5.114023
339 1703948092178 2 101 5.099947 2 102 4.963886
340 1703948092424 3 101 5.053030 3 102 5.189091
341 1703948092670 1 101 5.114023 1 102 5.118714
342 1703948092917 2 101 5.099947 2 102 4.992037
343 1703948093164 3 101 5.034263 3 102 5.198474
344 1703948093409 1 101 5.085872 1 102 5.095255
345 1703948093656 2 101 5.123406 2 102 4.968578
346 1703948093905 3 101 5.024879 3 102 5.203166
347 1703948094155 1 101 5.104639 1 102 5.151556
348 1703948094404 2 101 5.132790 2 102 4.982653
349 1703948094653 3 101 5.015495 3 102 5.189091
350 1703948094904 1 101 5.118714 1 102 5.104639
351 1703948095151 2 101 5.109331 2 102 5.010804
352 1703948095399 3 101 5.048338 3 102 5.193782
353 1703948095647 1 101 5.062413 1 102 5.104639
354 1703948095897 2 101 5.095255 2 102 4.982653
355 1703948096150 3 101 5.034263 3 102 5.184399
356 1703948096393 1 101 5.090564 1 102 5.099947
357 1703948096639 2 101 5.104639 2 102 5.010804
358 1703948096888 3 101 5.034263 3 102 5.217241
359 1703948097135 1 101 5.104639 1 102 5.123406
360 1703948097381 2 101 5.095255 2 102 4.996728
361 1703948097626 3 101 5.010804 3 102 5.212550
362 1703948097874 1 101 5.076488 1 102 5.118714
363 1703948098119 2 101 5.104639 2 102 4.987345
364 1703948098364 3 101 5.038954 3 102 5.236008
365 1703948098608 1 101 5.099947 1 102 5.123406
366 1703948098853 2 101 5.095255 2 102 5.001420
367 1703948099097 3 101 5.010804 3 102 5.207858
368 1703948099346 1 101 5.114023 1 102 5.156249
369 1703948099590 2 101 5.095255 2 102 4.977962
370 1703948099841 3 101 5.029571 3 102 5.198474
371 1703948100089 1 101 5.137481 1 102 5.146865
372 1703948100337 2 101 5.118714 2 102 4.982653
373 1703948100587 3 101 5.043646 3 102 5.221933
374 1703948100832 1 101 5.104639 1 102 5.099947
375 1703948101079 2 101 5.142173 2 102 5.010804
376 1703948101324 3 101 5.015495 3 102 5.212550
377 1703948101572 1 101 5.142173 1 102 5.128098
378 1703948101827 2 101 5.109331 2 102 4.992037
379 1703948102073 3 101 5.057721 3 102 5.198474
380 1703948102318 1 101 5.128098 1 102 5.160940
381 1703948102565 2 101 5.128098 2 102 5.006112
382 1703948102808 3 101 5.015495 3 102 5.193782
383 1703948103052 1 101 5.118714 1 102 5.123406
384 1703948103301 2 101 5.104639 2 102 4.987345
385 1703948103545 3 101 5.024879 3 102 5.207858
386 1703948103795 1 101 5.109331 1 102 5.123406
387 1703948104041 2 101 5.132790 2 102 5.006112
388 1703948104287 3 101 5.038954 3 102 5.217241
389 1703948104534 1 101 5.104639 1 102 5.128098
390 1703948104780 2 101 5.132790 2 102 5.001420
391 1703948105025 3 101 5.038954 3 102 5.212550
392 1703948105272 1 101 5.123406 1 102 5.132790
393 1703948105520 2 101 5.099947 2 102 4.992037
394 1703948105774 3 101 5.029571 3 102 5.193782
395 1703948106019 1 101 5.090564 1 102 5.160940
396 1703948106266 2 101 5.114023 2 102 5.001420
397 1703948106516 3 101 5.034263 3 102 5.198474
398 1703948106766 1 101 5.109331 1 102 5.123406
399 1703948107014 2 101 5.104639 2 102 4.977962
400 1703948107263 3 101 5.015495 3 102 5.212550
401 1703948107511 1 101 5.109331 1 102 5.128098
402 1703948107767 2 101 5.156249 2 102 5.001420
403 1703948108017 3 101 5.015495 3 102 5.189091
404 1703948108267 1 101 5.085872 1 102 5.085872
405 1703948108523 2 101 5.099947 2 102 4.992037
406 1703948108770 3 101 5.024879 3 102 5.189091
407 1703948109017 1 101 5.109331 1 102 5.099947
408 1703948109265 2 101 5.118714 2 102 4.987345
409 1703948109509 3 101 5.034263 3 102 5.207858
410 1703948109757 1 101 5.081180 1 102 5.109331
411 1703948110036 2 101 5.099947 2 102 4.977962
412 1703948110285 3 101 5.029571 3 102 5.217241
413 1703948110532 1 101 5.104639 1 102 5.109331
414 1703948110781 2 101 5.090564 2 102 5.010804