1 1703948003618
2 1703948003702
3 1703948003728
4 1703948003759
5 1703948003787
6 1703948003820
7 1703948003855
8 1703948003887
9 1703948003919
10 1703948003956
11 1703948003987
12 1703948004024
13 1703948004056
14 1703948004092
15 1703948004125
16 1703948004157
17 1703948004193
18 1703948004225
19 1703948004260
20 1703948004296
21 1703948004327
22 1703948004363
23 1703948004424
24 1703948004484
25 1703948004531
26 1703948004572
27 1703948004611
28 1703948004656
29 1703948004685
30 1703948004717
31 1703948004755
32 1703948004787
33 1703948004824
34 1703948004855
35 1703948004887
36 1703948004923
37 1703948004955
38 1703948004991
39 1703948005023
40 1703948005056
41 1703948005091
42 1703948005123
43 1703948005156
44 1703948005187
45 1703948005219
46 1703948005256
47 1703948005288
48 1703948005324
49 1703948005356
50 1703948005388
51 1703948005425
52 1703948005456
53 1703948005491
54 1703948005523
55 1703948005555
56 1703948005591
57 1703948005623
58 1703948005659
59 1703948005693
60 1703948005725
61 1703948005759
62 1703948005791
63 1703948005827
64 1703948005859
65 1703948005891
66 1703948005928
67 1703948005961
68 1703948005996
69 1703948006027
70 1703948006059
71 1703948006095
72 1703948006127
73 1703948006164
74 1703948006195
75 1703948006227
76 1703948006263
77 1703948006296
78 1703948006332
79 1703948006363
80 1703948006395
81 1703948006431
82 1703948006464
83 1703948006500
84 1703948006531
85 1703948006563
86 1703948006599
87 1703948006632
88 1703948006668
89 1703948006700
90 1703948006732
91 1703948006768
92 1703948006800
93 1703948006835
94 1703948006868
95 1703948006900
96 1703948006935
97 1703948006968
98 1703948007005
99 1703948007037
100 1703948007069
101 1703948007104
102 1703948007136
103 1703948007172
104 1703948007204
105 1703948007236
106 1703948007273
107 1703948007305
108 1703948007341
109 1703948007372
110 1703948007404
111 1703948007440
112 1703948007472
113 1703948007508
114 1703948007541
115 1703948007573
116 1703948007609
117 1703948007641
118 1703948007676
119 1703948007708
120 1703948007741
121 1703948007777
122 1703948007808
123 1703948007845
124 1703948007877
125 1703948007908
126 1703948007945
127 1703948007976
128 1703948008013
129 1703948008044
130 1703948008076
131 1703948008112
132 1703948008144
133 1703948008180
134 1703948008213
135 1703948008245
136 1703948008282
137 1703948008313
138 1703948008349
139 1703948008381
140 1703948008413
141 1703948008449
142 1703948008481
143 1703948008518
144 1703948008547
145 1703948008579
146 1703948008615
147 1703948008648
148 1703948008684
149 1703948008717
150 1703948008749
151 1703948008785
152 1703948008817
153 1703948008853
154 1703948008885
155 1703948008917
156 1703948008952
157 1703948008984
158 1703948009021
159 1703948009053
160 1703948009085
161 1703948009120
162 1703948009152
163 1703948009188
164 1703948009220
165 1703948009252
166 1703948009292
167 1703948009337
168 1703948009377
169 1703948009417
170 1703948009457
171 1703948009497
172 1703948009537
173 1703948009577
174 1703948009617
175 1703948009657
176 1703948009697
177 1703948009737
178 1703948009777
179 1703948009817
180 1703948009857
181 1703948009902
182 1703948009942
183 1703948009982
184 1703948010020
185 1703948010060
186 1703948010100
187 1703948010141
188 1703948010181
189 1703948010221
190 1703948010260
191 1703948010299
192 1703948010339
193 1703948010379
194 1703948010419
195 1703948010463
196 1703948010503
197 1703948010543
198 1703948010583
199 1703948010623
200 1703948010663
201 1703948010703
202 1703948010743
203 1703948010783
204 1703948010823
205 1703948010863
206 1703948010903
207 1703948010943
208 1703948010983
209 1703948011027
210 1703948011067
211 1703948011107
212 1703948011147
213 1703948011187
214 1703948011227
215 1703948011267
216 1703948011307
217 1703948011347
218 1703948011387
219 1703948011427
220 1703948011467
221 1703948011507
222 1703948011547
223 1703948011591
224 1703948011631
225 1703948011671
226 1703948011711
227 1703948011751
228 1703948011791
229 1703948011831
230 1703948011871
231 1703948011911
232 1703948011951
233 1703948011991
234 1703948012031
235 1703948012071
236 1703948012115
237 1703948012155
238 1703948012195
239 1703948012235
240 1703948012275
241 1703948012315
242 1703948012355
243 1703948012395
244 1703948012435
245 1703948012475
246 1703948012515
247 1703948012555
248 1703948012595
249 1703948012635
250 1703948012679
251 1703948012719
252 1703948012759
253 1703948012800
254 1703948012840
255 1703948012881
256 1703948012920
257 1703948012960
258 1703948013001
259 1703948013040
260 1703948013080
261 1703948013121
262 1703948013161
263 1703948013200
264 1703948013245
265 1703948013285
266 1703948013325
267 1703948013365
268 1703948013405
269 1703948013444
270 1703948013485
271 1703948013526
272 1703948013565
273 1703948013605
274 1703948013645
275 1703948013685
276 1703948013724
277 1703948013765
278 1703948013809
279 1703948013849
280 1703948013888
281 1703948013928
282 1703948013968
283 1703948014008
284 1703948014048
285 1703948014089
286 1703948014129
287 1703948014169
288 1703948014208
289 1703948014249
290 1703948014290
291 1703948014329
292 1703948014372
293 1703948014412
294 1703948014452
295 1703948014493
296 1703948014534
297 1703948014572
298 1703948014614
299 1703948014653
300 1703948014692
301 1703948014733
302 1703948014773
303 1703948014813
304 1703948014853
305 1703948014896
306 1703948014935
307 1703948014976
308 1703948015018
309 1703948015058
310 1703948015098
311 1703948015138
312 1703948015178
313 1703948015218
314 1703948015257
315 1703948015297
316 1703948015337
317 1703948015378
318 1703948015418
319 1703948015461
320 1703948015502
321 1703948015542
322 1703948015581
323 1703948015621
324 1703948015662
325 1703948015701
326 1703948015742
327 1703948015782
328 1703948015822
329 1703948015861
330 1703948015901
331 1703948015940
332 1703948015980
333 1703948016026
334 1703948016066
335 1703948016106
336 1703948016145
337 1703948016185
338 1703948016225
339 1703948016265
340 1703948016306
341 1703948016345
342 1703948016385
343 1703948016425
344 1703948016466
345 1703948016506
346 1703948016545
347 1703948016590
348 1703948016629
349 1703948016671
350 1703948016709
351 1703948016747
352 1703948016787
353 1703948016827
354 1703948016867
355 1703948016908
356 1703948016947
357 1703948016989
358 1703948017029
359 1703948017069
360 1703948017109
361 1703948017153
362 1703948017194
363 1703948017233
364 1703948017273
365 1703948017314
366 1703948017354
367 1703948017394
368 1703948017434
369 1703948017474
370 1703948017514
371 1703948017554
372 1703948017595
373 1703948017634
374 1703948017678
375 1703948017718
376 1703948017757
377 1703948017798
378 1703948017838
379 1703948017877
380 1703948017916
381 1703948017956
382 1703948017997
383 1703948018037
384 1703948018077
385 1703948018117
386 1703948018156
387 1703948018196
388 1703948018241
389 1703948018281
390 1703948018320
391 1703948018361
392 1703948018401
393 1703948018440
394 1703948018480
395 1703948018520
396 1703948018561
397 1703948018600
398 1703948018641
399 1703948018680
400 1703948018720
401 1703948018761
402 1703948018804
403 1703948018845
404 1703948018884
405 1703948018925
406 1703948018965
407 1703948019005
408 1703948019046
409 1703948019086
410 1703948019124
411 1703948019164
412 1703948019207
413 1703948019244
414 1703948019284
415 1703948019325
416 1703948019370
417 1703948019410
418 1703948019450
419 1703948019491
420 1703948019529
421 1703948019569
422 1703948019609
423 1703948019649
424 1703948019690
425 1703948019730
426 1703948019769
427 1703948019809
428 1703948019850
429 1703948019890
430 1703948019934
431 1703948019975
432 1703948020013
433 1703948020053
434 1703948020094
435 1703948020134
436 1703948020174
437 1703948020214
438 1703948020254
439 1703948020294
440 1703948020333
441 1703948020374
442 1703948020414
443 1703948020458
444 1703948020497
445 1703948020538
446 1703948020578
447 1703948020617
448 1703948020658
449 1703948020698
450 1703948020738
451 1703948020778
452 1703948020817
453 1703948020858
454 1703948020898
455 1703948020937
456 1703948020978
457 1703948021022
458 1703948021062
459 1703948021101
460 1703948021141
461 1703948021183
462 1703948021222
463 1703948021262
464 1703948021301
465 1703948021342
466 1703948021382
467 1703948021420
468 1703948021462
469 1703948021502
470 1703948021543
471 1703948021586
472 1703948021626
473 1703948021665
474 1703948021705
475 1703948021745
476 1703948021786
477 1703948021826
478 1703948021866
479 1703948021906
480 1703948021946
481 1703948021986
482 1703948022026
483 1703948022065
484 1703948022106
485 1703948022150
486 1703948022190
487 1703948022230
488 1703948022269
489 1703948022310
490 1703948022350
491 1703948022390
492 1703948022430
493 1703948022469
494 1703948022510
495 1703948022550
496 1703948022590
497 1703948022630
498 1703948022670
499 1703948022714
500 1703948022754
501 1703948022794
502 1703948022834
503 1703948022874
504 1703948022914
505 1703948022954
506 1703948022994
507 1703948023034
508 1703948023074
509 1703948023114
510 1703948023154
511 1703948023193
512 1703948023238
513 1703948023278
514 1703948023318
515 1703948023357
516 1703948023398
517 1703948023438
518 1703948023478
519 1703948023517
520 1703948023558
521 1703948023597
522 1703948023637
523 1703948023677
524 1703948023717
525 1703948023758
526 1703948023801
527 1703948023841
528 1703948023882
529 1703948023922
530 1703948023961
531 1703948024001
532 1703948024042
533 1703948024082
534 1703948024122
535 1703948024161
536 1703948024201
537 1703948024242
538 1703948024282
539 1703948024322
540 1703948024366
541 1703948024407
542 1703948024446
543 1703948024487
544 1703948024524
545 1703948024564
546 1703948024604
547 1703948024645
548 1703948024685
549 1703948024725
550 1703948024765
551 1703948024805
552 1703948024845
553 1703948024885
554 1703948024929
555 1703948024969
556 1703948025010
557 1703948025050
558 1703948025090
559 1703948025130
560 1703948025170
561 1703948025210
562 1703948025250
563 1703948025290
564 1703948025330
565 1703948025370
566 1703948025410
567 1703948025450
568 1703948025494
569 1703948025534
570 1703948025574
571 1703948025614
572 1703948025654
573 1703948025694
574 1703948025734
575 1703948025774
576 1703948025814
577 1703948025854
578 1703948025894
579 1703948025934
580 1703948025974
581 1703948026017
582 1703948026058
583 1703948026098
584 1703948026138
585 1703948026178
586 1703948026218
587 1703948026259
588 1703948026298
589 1703948026338
590 1703948026378
591 1703948026418
592 1703948026458
593 1703948026498
594 1703948026538
595 1703948026582
596 1703948026622
597 1703948026662
598 1703948026702
599 1703948026741
600 1703948026781
601 1703948026821
602 1703948026861
603 1703948026902
604 1703948026942
605 1703948026981
606 1703948027022
607 1703948027062
608 1703948027101
609 1703948027146
610 1703948027185
611 1703948027226
612 1703948027266
613 1703948027305
614 1703948027345
615 1703948027386
616 1703948027426
617 1703948027465
618 1703948027506
619 1703948027545
620 1703948027585
621 1703948027625
622 1703948027665
623 1703948027710
624 1703948027751
625 1703948027790
626 1703948027830
627 1703948027870
628 1703948027910
629 1703948027951
630 1703948027989
631 1703948028029
632 1703948028069
633 1703948028109
634 1703948028149
635 1703948028190
636 1703948028230
637 1703948028274
638 1703948028314
639 1703948028354
640 1703948028394
641 1703948028434
642 1703948028474
643 1703948028514
644 1703948028554
645 1703948028594
646 1703948028634
647 1703948028674
648 1703948028714
649 1703948028754
650 1703948028798
651 1703948028838
652 1703948028878
653 1703948028918
654 1703948028958
655 1703948028999
656 1703948029038
657 1703948029078
658 1703948029118
659 1703948029158
660 1703948029198
661 1703948029239
662 1703948029278
663 1703948029318
664 1703948029362
665 1703948029402
666 1703948029442
667 1703948029482
668 1703948029523
669 1703948029562
670 1703948029602
671 1703948029642
672 1703948029682
673 1703948029722
674 1703948029762
675 1703948029802
676 1703948029842
677 1703948029882
678 1703948029926
679 1703948029966
680 1703948030006
681 1703948030046
682 1703948030086
683 1703948030126
684 1703948030166
685 1703948030206
686 1703948030246
687 1703948030286
688 1703948030326
689 1703948030366
690 1703948030406
691 1703948030446
692 1703948030490
693 1703948030530
694 1703948030570
695 1703948030610
696 1703948030650
697 1703948030690
698 1703948030730
699 1703948030770
700 1703948030810
701 1703948030850
702 1703948030890
703 1703948030930
704 1703948030970
705 1703948031010
706 1703948031054
707 1703948031095
708 1703948031134
709 1703948031174
710 1703948031214
711 1703948031254
712 1703948031294
713 1703948031334
714 1703948031374
715 1703948031414
716 1703948031454
717 1703948031494
718 1703948031534
719 1703948031578
720 1703948031618
721 1703948031657
722 1703948031697
723 1703948031737
724 1703948031777
725 1703948031818
726 1703948031857
727 1703948031897
728 1703948031938
729 1703948031978
730 1703948032017
731 1703948032058
732 1703948032098
733 1703948032142
734 1703948032182
735 1703948032221
736 1703948032261
737 1703948032302
738 1703948032341
739 1703948032382
740 1703948032422
741 1703948032462
742 1703948032502
743 1703948032542
744 1703948032581
745 1703948032622
746 1703948032662
747 1703948032706
748 1703948032745
749 1703948032786
750 1703948032825
751 1703948032866
752 1703948032906
753 1703948032946
754 1703948032986
755 1703948033026
756 1703948033066
757 1703948033105
758 1703948033145
759 1703948033187
760 1703948033226
761 1703948033270
762 1703948033310
763 1703948033349
764 1703948033390
765 1703948033430
766 1703948033469
767 1703948033510
768 1703948033551
769 1703948033590
770 1703948033630
771 1703948033670
772 1703948033710
773 1703948033749
774 1703948033789
775 1703948033834
776 1703948033874
777 1703948033914
778 1703948033954
779 1703948033994
780 1703948034034
781 1703948034074
782 1703948034114
783 1703948034155
784 1703948034194
785 1703948034233
786 1703948034274
787 1703948034314
788 1703948034358
789 1703948034398
790 1703948034438
791 1703948034478
792 1703948034518
793 1703948034557
794 1703948034597
795 1703948034636
796 1703948034679
797 1703948034719
798 1703948034759
799 1703948034796
800 1703948034837
801 1703948034878
802 1703948034923
803 1703948034962
804 1703948035002
805 1703948035042
806 1703948035082
807 1703948035120
808 1703948035161
809 1703948035201
810 1703948035241
811 1703948035281
812 1703948035321
813 1703948035361
814 1703948035401
815 1703948035441
816 1703948035487
817 1703948035527
818 1703948035567
819 1703948035605
820 1703948035645
821 1703948035685
822 1703948035725
823 1703948035766
824 1703948035805
825 1703948035846
826 1703948035885
827 1703948035925
828 1703948035965
829 1703948036006
830 1703948036049
831 1703948036090
832 1703948036130
833 1703948036170
834 1703948036209
835 1703948036249
836 1703948036289
837 1703948036330
838 1703948036370
839 1703948036409
840 1703948036448
841 1703948036489
842 1703948036529
843 1703948036569
844 1703948036615
845 1703948036653
846 1703948036692
847 1703948036733
848 1703948036775
849 1703948036814
850 1703948036853
851 1703948036893
852 1703948036934
853 1703948036974
854 1703948037013
855 1703948037053
856 1703948037093
857 1703948037139
858 1703948037179
859 1703948037217
860 1703948037257
861 1703948037297
862 1703948037337
863 1703948037377
864 1703948037417
865 1703948037457
866 1703948037498
867 1703948037537
868 1703948037577
869 1703948037617
870 1703948037657
871 1703948037701
872 1703948037741
873 1703948037783
874 1703948037821
875 1703948037861
876 1703948037901
877 1703948037942
878 1703948037983
879 1703948038021
880 1703948038061
881 1703948038101
882 1703948038142
883 1703948038181
884 1703948038221
885 1703948038266
886 1703948038306
887 1703948038346
888 1703948038387
889 1703948038425
890 1703948038466
891 1703948038506
892 1703948038546
893 1703948038586
894 1703948038625
895 1703948038666
896 1703948038705
897 1703948038746
898 1703948038786
899 1703948038830
900 1703948038871
901 1703948038911
902 1703948038952
903 1703948038989
904 1703948039030
905 1703948039069
906 1703948039110
907 1703948039151
908 1703948039190
909 1703948039230
910 1703948039270
911 1703948039310
912 1703948039350
913 1703948039395
914 1703948039434
915 1703948039474
916 1703948039514
917 1703948039554
918 1703948039594
919 1703948039634
920 1703948039674
921 1703948039714
922 1703948039754
923 1703948039794
924 1703948039834
925 1703948039874
926 1703948039918
927 1703948039958
928 1703948039998
929 1703948040038
930 1703948040078
931 1703948040118
932 1703948040158
933 1703948040198
934 1703948040238
935 1703948040277
936 1703948040319
937 1703948040360
938 1703948040400
939 1703948040437
940 1703948040481
941 1703948040522
942 1703948040561
943 1703948040601
944 1703948040641
945 1703948040681
946 1703948040721
947 1703948040762
948 1703948040802
949 1703948040841
950 1703948040882
951 1703948040922
952 1703948040962
953 1703948041002
954 1703948041046
955 1703948041086
956 1703948041126
957 1703948041165
958 1703948041205
959 1703948041245
960 1703948041286
961 1703948041325
962 1703948041364
963 1703948041407
964 1703948041447
965 1703948041487
966 1703948041527
967 1703948041567
968 1703948041611
969 1703948041651
970 1703948041691
971 1703948041731
972 1703948041771
973 1703948041811
974 1703948041851
975 1703948041891
976 1703948041931
977 1703948041971
978 1703948042011
979 1703948042051
980 1703948042091
981 1703948042131
982 1703948042175
983 1703948042215
984 1703948042253
985 1703948042293
986 1703948042334
987 1703948042373
988 1703948042413
989 1703948042454
990 1703948042493
991 1703948042535
992 1703948042573
993 1703948042614
994 1703948042654
995 1703948042698
996 1703948042739
997 1703948042779
998 1703948042819
999 1703948042858
1000 1703948042898
1001 1703948042938
1002 1703948042978
1003 1703948043017
1004 1703948043058
1005 1703948043098
1006 1703948043137
1007 1703948043178
1008 1703948043218
1009 1703948043262
1010 1703948043303
1011 1703948043341
1012 1703948043381
1013 1703948043422
1014 1703948043462
1015 1703948043502
1016 1703948043542
1017 1703948043583
1018 1703948043622
1019 1703948043662
1020 1703948043702
1021 1703948043742
1022 1703948043782
1023 1703948043826
1024 1703948043867
1025 1703948043907
1026 1703948043947
1027 1703948043987
1028 1703948044025
1029 1703948044065
1030 1703948044106
1031 1703948044146
1032 1703948044187
1033 1703948044227
1034 1703948044267
1035 1703948044307
1036 1703948044345
1037 1703948044389
1038 1703948044429
1039 1703948044469
1040 1703948044509
1041 1703948044550
1042 1703948044590
1043 1703948044632
1044 1703948044670
1045 1703948044709
1046 1703948044750
1047 1703948044791
1048 1703948044831
1049 1703948044871
1050 1703948044911
1051 1703948044955
1052 1703948044995
1053 1703948045035
1054 1703948045075
1055 1703948045115
1056 1703948045156
1057 1703948045195
1058 1703948045235
1059 1703948045275
1060 1703948045315
1061 1703948045355
1062 1703948045395
1063 1703948045435
1064 1703948045479
1065 1703948045519
1066 1703948045559
1067 1703948045599
1068 1703948045639
1069 1703948045679
1070 1703948045719
1071 1703948045759
1072 1703948045799
1073 1703948045839
1074 1703948045878
1075 1703948045917
1076 1703948045957
1077 1703948045997
1078 1703948046043
1079 1703948046083
1080 1703948046124
1081 1703948046162
1082 1703948046201
1083 1703948046242
1084 1703948046282
1085 1703948046322
1086 1703948046362
1087 1703948046402
1088 1703948046441
1089 1703948046481
1090 1703948046522
1091 1703948046561
1092 1703948046605
1093 1703948046644
1094 1703948046684
1095 1703948046724
1096 1703948046764
1097 1703948046804
1098 1703948046844
1099 1703948046886
1100 1703948046927
1101 1703948046967
1102 1703948047007
1103 1703948047047
1104 1703948047087
1105 1703948047127
1106 1703948047171
1107 1703948047212
1108 1703948047251
1109 1703948047291
1110 1703948047329
1111 1703948047369
1112 1703948047409
1113 1703948047449
1114 1703948047491
1115 1703948047531
1116 1703948047571
1117 1703948047611
1118 1703948047651
1119 1703948047691
1120 1703948047735
1121 1703948047775
1122 1703948047815
1123 1703948047855
1124 1703948047895
1125 1703948047935
1126 1703948047975
1127 1703948048015
1128 1703948048055
1129 1703948048095
1130 1703948048135
1131 1703948048175
1132 1703948048215
1133 1703948048259
1134 1703948048299
1135 1703948048339
1136 1703948048379
1137 1703948048418
1138 1703948048459
1139 1703948048499
1140 1703948048539
1141 1703948048579
1142 1703948048619
1143 1703948048659
1144 1703948048699
1145 1703948048739
1146 1703948048780
1147 1703948048824
1148 1703948048863
1149 1703948048903
1150 1703948048943
1151 1703948048983
1152 1703948049023
1153 1703948049063
1154 1703948049103
1155 1703948049143
1156 1703948049183
1157 1703948049223
1158 1703948049263
1159 1703948049304
1160 1703948049343
1161 1703948049387
1162 1703948049427
1163 1703948049465
1164 1703948049505
1165 1703948049546
1166 1703948049587
1167 1703948049627
1168 1703948049667
1169 1703948049707
1170 1703948049747
1171 1703948049788
1172 1703948049828
1173 1703948049866
1174 1703948049905
1175 1703948049950
1176 1703948049990
1177 1703948050031
1178 1703948050070
1179 1703948050112
1180 1703948050151
1181 1703948050191
1182 1703948050231
1183 1703948050271
1184 1703948050311
1185 1703948050351
1186 1703948050389
1187 1703948050429
1188 1703948050470
1189 1703948050513
1190 1703948050554
1191 1703948050593
1192 1703948050633
1193 1703948050673
1194 1703948050714
1195 1703948050754
1196 1703948050794
1197 1703948050834
1198 1703948050873
1199 1703948050914
1200 1703948050953
1201 1703948050993
1202 1703948051038
1203 1703948051078
1204 1703948051119
1205 1703948051157
1206 1703948051197
1207 1703948051237
1208 1703948051278
1209 1703948051318
1210 1703948051358
1211 1703948051398
1212 1703948051438
1213 1703948051478
1214 1703948051518
1215 1703948051558
1216 1703948051602
1217 1703948051642
1218 1703948051682
1219 1703948051724
1220 1703948051763
1221 1703948051801
1222 1703948051841
1223 1703948051881
1224 1703948051921
1225 1703948051962
1226 1703948052002
1227 1703948052042
1228 1703948052081
1229 1703948052121
1230 1703948052167
1231 1703948052205
1232 1703948052245
1233 1703948052285
1234 1703948052326
1235 1703948052365
1236 1703948052405
1237 1703948052445
1238 1703948052486
1239 1703948052528
1240 1703948052565
1241 1703948052605
1242 1703948052648
1243 1703948052687
1244 1703948052731
1245 1703948052769
1246 1703948052811
1247 1703948052850
1248 1703948052890
1249 1703948052930
1250 1703948052970
1251 1703948053010
1252 1703948053050
1253 1703948053090
1254 1703948053130
1255 1703948053170
1256 1703948053210
1257 1703948053250
1258 1703948053293
1259 1703948053333
1260 1703948053374
1261 1703948053414
1262 1703948053454
1263 1703948053495
1264 1703948053533
1265 1703948053573
1266 1703948053616
1267 1703948053654
1268 1703948053694
1269 1703948053734
1270 1703948053774
1271 1703948053818
1272 1703948053858
1273 1703948053898
1274 1703948053939
1275 1703948053979
1276 1703948054018
1277 1703948054057
1278 1703948054097
1279 1703948054139
1280 1703948054179
1281 1703948054218
1282 1703948054259
1283 1703948054297
1284 1703948054337
1285 1703948054383
1286 1703948054422
1287 1703948054462
1288 1703948054501
1289 1703948054541
1290 1703948054583
1291 1703948054623
1292 1703948054662
1293 1703948054701
1294 1703948054741
1295 1703948054781
1296 1703948054823
1297 1703948054863
1298 1703948054901
1299 1703948054946
1300 1703948054988
1301 1703948055028
1302 1703948055068
1303 1703948055107
1304 1703948055145
1305 1703948055186
1306 1703948055226
1307 1703948055266
1308 1703948055305
1309 1703948055345
1310 1703948055386
1311 1703948055426
1312 1703948055466
1313 1703948055512
1314 1703948055549
1315 1703948055589
1316 1703948055631
1317 1703948055671
1318 1703948055709
1319 1703948055749
1320 1703948055789
1321 1703948055829
1322 1703948055870
1323 1703948055910
1324 1703948055950
1325 1703948055989
1326 1703948056030
1327 1703948056074
1328 1703948056114
1329 1703948056154
1330 1703948056193
1331 1703948056233
1332 1703948056275
1333 1703948056314
1334 1703948056353
1335 1703948056393
1336 1703948056435
1337 1703948056474
1338 1703948056513
1339 1703948056553
1340 1703948056598
1341 1703948056637
1342 1703948056678
1343 1703948056718
1344 1703948056758
1345 1703948056799
1346 1703948056838
1347 1703948056877
1348 1703948056918
1349 1703948056959
1350 1703948056999
1351 1703948057039
1352 1703948057079
1353 1703948057118
1354 1703948057162
1355 1703948057202
1356 1703948057242
1357 1703948057282
1358 1703948057323
1359 1703948057361
1360 1703948057401
1361 1703948057442
1362 1703948057482
1363 1703948057522
1364 1703948057562
1365 1703948057602
1366 1703948057643
1367 1703948057683
1368 1703948057726
1369 1703948057767
1370 1703948057807
1371 1703948057846
1372 1703948057886
1373 1703948057928
1374 1703948057968
1375 1703948058006
1376 1703948058046
1377 1703948058087
1378 1703948058127
1379 1703948058167
1380 1703948058207
1381 1703948058247
1382 1703948058291
1383 1703948058331
1384 1703948058371
1385 1703948058411
1386 1703948058451
1387 1703948058491
1388 1703948058531
1389 1703948058571
1390 1703948058611
1391 1703948058651
1392 1703948058691
1393 1703948058731
1394 1703948058771
1395 1703948058811
1396 1703948058855
1397 1703948058896
1398 1703948058935
1399 1703948058975
1400 1703948059015
1401 1703948059055
1402 1703948059095
1403 1703948059135
1404 1703948059175
1405 1703948059215
1406 1703948059255
1407 1703948059295
1408 1703948059335
1409 1703948059379
1410 1703948059419
1411 1703948059459
1412 1703948059499
1413 1703948059539
1414 1703948059579
1415 1703948059619
1416 1703948059659
1417 1703948059699
1418 1703948059740
1419 1703948059780
1420 1703948059819
1421 1703948059859
1422 1703948059900
1423 1703948059943
1424 1703948059984
1425 1703948060023
1426 1703948060063
1427 1703948060103
1428 1703948060143
1429 1703948060184
1430 1703948060223
1431 1703948060263
1432 1703948060302
1433 1703948060342
1434 1703948060382
1435 1703948060422
1436 1703948060462
1437 1703948060507
1438 1703948060547
1439 1703948060587
1440 1703948060627
1441 1703948060667
1442 1703948060707
1443 1703948060747
1444 1703948060788
1445 1703948060827
1446 1703948060867
1447 1703948060907
1448 1703948060947
1449 1703948060987
1450 1703948061027
1451 1703948061071
1452 1703948061111
1453 1703948061151
1454 1703948061191
1455 1703948061232
1456 1703948061271
1457 1703948061311
1458 1703948061351
1459 1703948061391
1460 1703948061431
1461 1703948061471
1462 1703948061511
1463 1703948061551
1464 1703948061591
1465 1703948061635
1466 1703948061675
1467 1703948061715
1468 1703948061755
1469 1703948061795
1470 1703948061835
1471 1703948061875
1472 1703948061915
1473 1703948061955
1474 1703948061995
1475 1703948062035
1476 1703948062075
1477 1703948062115
1478 1703948062155
1479 1703948062199
1480 1703948062239
1481 1703948062279
1482 1703948062319
1483 1703948062360
1484 1703948062400
1485 1703948062440
1486 1703948062480
1487 1703948062518
1488 1703948062558
1489 1703948062598
1490 1703948062638
1491 1703948062678
1492 1703948062722
1493 1703948062764
1494 1703948062803
1495 1703948062843
1496 1703948062884
1497 1703948062923
1498 1703948062963
1499 1703948063003
1500 1703948063043
1501 1703948063083
1502 1703948063123
1503 1703948063163
1504 1703948063203
1505 1703948063243
1506 1703948063287
1507 1703948063327
1508 1703948063367
1509 1703948063408
1510 1703948063447
1511 1703948063487
1512 1703948063527
1513 1703948063567
1514 1703948063607
1515 1703948063647
1516 1703948063687
1517 1703948063727
1518 1703948063768
1519 1703948063807
1520 1703948063851
1521 1703948063892
1522 1703948063931
1523 1703948063971
1524 1703948064011
1525 1703948064051
1526 1703948064091
1527 1703948064131
1528 1703948064171
1529 1703948064211
1530 1703948064251
1531 1703948064291
1532 1703948064331
1533 1703948064371
1534 1703948064415
1535 1703948064455
1536 1703948064495
1537 1703948064535
1538 1703948064575
1539 1703948064615
1540 1703948064655
1541 1703948064695
1542 1703948064735
1543 1703948064775
1544 1703948064815
1545 1703948064855
1546 1703948064895
1547 1703948064940
1548 1703948064981
1549 1703948065018
1550 1703948065058
1551 1703948065100
1552 1703948065140
1553 1703948065180
1554 1703948065220
1555 1703948065260
1556 1703948065299
1557 1703948065340
1558 1703948065379
1559 1703948065420
1560 1703948065460
1561 1703948065502
1562 1703948065542
1563 1703948065583
1564 1703948065624
1565 1703948065663
1566 1703948065703
1567 1703948065744
1568 1703948065784
1569 1703948065824
1570 1703948065863
1571 1703948065903
1572 1703948065943
1573 1703948065982
1574 1703948066021
1575 1703948066066
1576 1703948066107
1577 1703948066148
1578 1703948066187
1579 1703948066228
1580 1703948066268
1581 1703948066308
1582 1703948066348
1583 1703948066387
1584 1703948066428
1585 1703948066468
1586 1703948066506
1587 1703948066546
1588 1703948066587
1589 1703948066632
1590 1703948066672
1591 1703948066712
1592 1703948066751
1593 1703948066791
1594 1703948066832
1595 1703948066872
1596 1703948066912
1597 1703948066951
1598 1703948066989
1599 1703948067030
1600 1703948067071
1601 1703948067112
1602 1703948067152
1603 1703948067196
1604 1703948067237
1605 1703948067274
1606 1703948067314
1607 1703948067354
1608 1703948067394
1609 1703948067434
1610 1703948067475
1611 1703948067515
1612 1703948067555
1613 1703948067594
1614 1703948067635
1615 1703948067675
1616 1703948067719
1617 1703948067759
1618 1703948067799
1619 1703948067839
1620 1703948067878
1621 1703948067919
1622 1703948067959
1623 1703948067999
1624 1703948068039
1625 1703948068079
1626 1703948068120
1627 1703948068159
1628 1703948068199
1629 1703948068239
1630 1703948068283
1631 1703948068323
1632 1703948068363
1633 1703948068403
1634 1703948068443
1635 1703948068483
1636 1703948068523
1637 1703948068563
1638 1703948068603
1639 1703948068643
1640 1703948068683
1641 1703948068723
1642 1703948068763
1643 1703948068803
1644 1703948068847
1645 1703948068887
1646 1703948068927
1647 1703948068967
1648 1703948069007
1649 1703948069047
1650 1703948069087
1651 1703948069127
1652 1703948069167
1653 1703948069207
1654 1703948069247
1655 1703948069287
1656 1703948069327
1657 1703948069367
1658 1703948069411
1659 1703948069451
1660 1703948069491
1661 1703948069531
1662 1703948069571
1663 1703948069611
1664 1703948069651
1665 1703948069691
1666 1703948069731
1667 1703948069771
1668 1703948069811
1669 1703948069851
1670 1703948069891
1671 1703948069931
1672 1703948069975
1673 1703948070015
1674 1703948070054
1675 1703948070094
1676 1703948070134
1677 1703948070174
1678 1703948070216
1679 1703948070256
1680 1703948070296
1681 1703948070334
1682 1703948070374
1683 1703948070414
1684 1703948070454
1685 1703948070500
1686 1703948070540
1687 1703948070578
1688 1703948070618
1689 1703948070659
1690 1703948070699
1691 1703948070738
1692 1703948070778
1693 1703948070818
1694 1703948070859
1695 1703948070899
1696 1703948070938
1697 1703948070978
1698 1703948071018
1699 1703948071062
1700 1703948071103
1701 1703948071143
1702 1703948071183
1703 1703948071223
1704 1703948071263
1705 1703948071303
1706 1703948071344
1707 1703948071383
1708 1703948071423
1709 1703948071461
1710 1703948071501
1711 1703948071541
1712 1703948071581
1713 1703948071625
1714 1703948071665
1715 1703948071705
1716 1703948071745
1717 1703948071785
1718 1703948071825
1719 1703948071865
1720 1703948071905
1721 1703948071945
1722 1703948071985
1723 1703948072025
1724 1703948072065
1725 1703948072105
1726 1703948072145
1727 1703948072189
1728 1703948072229
1729 1703948072269
1730 1703948072309
1731 1703948072349
1732 1703948072389
1733 1703948072429
1734 1703948072469
1735 1703948072509
1736 1703948072549
1737 1703948072589
1738 1703948072629
1739 1703948072669
1740 1703948072709
1741 1703948072753
1742 1703948072793
1743 1703948072833
1744 1703948072873
1745 1703948072913
1746 1703948072953
1747 1703948072993
1748 1703948073033
1749 1703948073073
1750 1703948073113
1751 1703948073153
1752 1703948073193
1753 1703948073233
1754 1703948073273
1755 1703948073317
1756 1703948073357
1757 1703948073397
1758 1703948073437
1759 1703948073477
1760 1703948073517
1761 1703948073557
1762 1703948073597
1763 1703948073637
1764 1703948073677
1765 1703948073717
1766 1703948073757
1767 1703948073797
1768 1703948073841
1769 1703948073881
1770 1703948073921
1771 1703948073961
1772 1703948074002
1773 1703948074042
1774 1703948074082
1775 1703948074122
1776 1703948074162
1777 1703948074202
1778 1703948074242
1779 1703948074282
1780 1703948074322
1781 1703948074362
1782 1703948074407
1783 1703948074447
1784 1703948074487
1785 1703948074527
1786 1703948074565
1787 1703948074606
1788 1703948074647
1789 1703948074687
1790 1703948074727
1791 1703948074766
1792 1703948074806
1793 1703948074846
1794 1703948074886
1795 1703948074926
1796 1703948074971
1797 1703948075011
1798 1703948075049
1799 1703948075091
1800 1703948075131
1801 1703948075171
1802 1703948075211
1803 1703948075251
1804 1703948075291
1805 1703948075331
1806 1703948075371
1807 1703948075411
1808 1703948075451
1809 1703948075491
1810 1703948075535
1811 1703948075575
1812 1703948075615
1813 1703948075655
1814 1703948075695
1815 1703948075735
1816 1703948075775
1817 1703948075816
1818 1703948075855
1819 1703948075895
1820 1703948075935
1821 1703948075975
1822 1703948076015
1823 1703948076059
1824 1703948076099
1825 1703948076139
1826 1703948076180
1827 1703948076220
1828 1703948076259
1829 1703948076300
1830 1703948076339
1831 1703948076379
1832 1703948076420
1833 1703948076459
1834 1703948076499
1835 1703948076539
1836 1703948076579
1837 1703948076624
1838 1703948076663
1839 1703948076704
1840 1703948076744
1841 1703948076783
1842 1703948076823
1843 1703948076863
1844 1703948076904
1845 1703948076944
1846 1703948076984
1847 1703948077023
1848 1703948077063
1849 1703948077103
1850 1703948077143
1851 1703948077188
1852 1703948077228
1853 1703948077268
1854 1703948077308
1855 1703948077348
1856 1703948077387
1857 1703948077428
1858 1703948077468
1859 1703948077507
1860 1703948077548
1861 1703948077587
1862 1703948077627
1863 1703948077667
1864 1703948077707
1865 1703948077752
1866 1703948077792
1867 1703948077832
1868 1703948077871
1869 1703948077910
1870 1703948077949
1871 1703948077989
1872 1703948078029
1873 1703948078069
1874 1703948078109
1875 1703948078150
1876 1703948078192
1877 1703948078232
1878 1703948078272
1879 1703948078316
1880 1703948078354
1881 1703948078395
1882 1703948078434
1883 1703948078475
1884 1703948078516
1885 1703948078556
1886 1703948078597
1887 1703948078636
1888 1703948078675
1889 1703948078715
1890 1703948078755
1891 1703948078796
1892 1703948078840
1893 1703948078880
1894 1703948078920
1895 1703948078959
1896 1703948078999
1897 1703948079040
1898 1703948079080
1899 1703948079119
1900 1703948079159
1901 1703948079199
1902 1703948079240
1903 1703948079280
1904 1703948079319
1905 1703948079359
1906 1703948079403
1907 1703948079443
1908 1703948079483
1909 1703948079523
1910 1703948079564
1911 1703948079604
1912 1703948079643
1913 1703948079684
1914 1703948079724
1915 1703948079763
1916 1703948079803
1917 1703948079842
1918 1703948079882
1919 1703948079922
1920 1703948079966
1921 1703948080007
1922 1703948080047
1923 1703948080087
1924 1703948080127
1925 1703948080167
1926 1703948080207
1927 1703948080247
1928 1703948080287
1929 1703948080327
1930 1703948080367
1931 1703948080406
1932 1703948080447
1933 1703948080487
1934 1703948080531
1935 1703948080570
1936 1703948080610
1937 1703948080651
1938 1703948080692
1939 1703948080732
1940 1703948080772
1941 1703948080812
1942 1703948080852
1943 1703948080891
1944 1703948080930
1945 1703948080971
1946 1703948081011
1947 1703948081051
1948 1703948081095
1949 1703948081135
1950 1703948081175
1951 1703948081215
1952 1703948081256
1953 1703948081295
1954 1703948081335
1955 1703948081375
1956 1703948081415
1957 1703948081455
1958 1703948081495
1959 1703948081535
1960 1703948081575
1961 1703948081615
1962 1703948081659
1963 1703948081699
1964 1703948081739
1965 1703948081779
1966 1703948081819
1967 1703948081859
1968 1703948081899
1969 1703948081939
1970 1703948081980
1971 1703948082019
1972 1703948082058
1973 1703948082098
1974 1703948082139
1975 1703948082183
1976 1703948082223
1977 1703948082263
1978 1703948082303
1979 1703948082343
1980 1703948082383
1981 1703948082423
1982 1703948082463
1983 1703948082503
1984 1703948082543
1985 1703948082583
1986 1703948082623
1987 1703948082663
1988 1703948082703
1989 1703948082747
1990 1703948082786
1991 1703948082826
1992 1703948082868
1993 1703948082909
1994 1703948082947
1995 1703948082986
1996 1703948083027
1997 1703948083067
1998 1703948083107
1999 1703948083147
2000 1703948083187
2001 1703948083227
2002 1703948083267
2003 1703948083311
2004 1703948083351
2005 1703948083391
2006 1703948083431
2007 1703948083471
2008 1703948083511
2009 1703948083551
2010 1703948083591
2011 1703948083631
2012 1703948083671
2013 1703948083711
2014 1703948083751
2015 1703948083791
2016 1703948083831
2017 1703948083876
2018 1703948083916
2019 1703948083956
2020 1703948083995
2021 1703948084035
2022 1703948084075
2023 1703948084114
2024 1703948084155
2025 1703948084196
2026 1703948084235
2027 1703948084276
2028 1703948084316
2029 1703948084356
2030 1703948084395
2031 1703948084440
2032 1703948084480
2033 1703948084520
2034 1703948084560
2035 1703948084600
2036 1703948084640
2037 1703948084680
2038 1703948084720
2039 1703948084760
2040 1703948084800
2041 1703948084840
2042 1703948084880
2043 1703948084919
2044 1703948084965
2045 1703948085004
2046 1703948085044
2047 1703948085084
2048 1703948085122
2049 1703948085163
2050 1703948085202
2051 1703948085243
2052 1703948085284
2053 1703948085323
2054 1703948085363
2055 1703948085403
2056 1703948085443
2057 1703948085483
2058 1703948085527
2059 1703948085567
2060 1703948085607
2061 1703948085647
2062 1703948085687
2063 1703948085727
2064 1703948085767
2065 1703948085807
2066 1703948085848
2067 1703948085887
2068 1703948085927
2069 1703948085967
2070 1703948086007
2071 1703948086047
2072 1703948086091
2073 1703948086131
2074 1703948086171
2075 1703948086213
2076 1703948086252
2077 1703948086292
2078 1703948086333
2079 1703948086372
2080 1703948086412
2081 1703948086451
2082 1703948086491
2083 1703948086531
2084 1703948086572
2085 1703948086611
2086 1703948086655
2087 1703948086695
2088 1703948086735
2089 1703948086775
2090 1703948086814
2091 1703948086856
2092 1703948086897
2093 1703948086934
2094 1703948086974
2095 1703948087015
2096 1703948087055
2097 1703948087095
2098 1703948087135
2099 1703948087175
2100 1703948087219
2101 1703948087259
2102 1703948087298
2103 1703948087339
2104 1703948087378
2105 1703948087419
2106 1703948087460
2107 1703948087499
2108 1703948087539
2109 1703948087579
2110 1703948087619
2111 1703948087659
2112 1703948087699
2113 1703948087742
2114 1703948087782
2115 1703948087823
2116 1703948087862
2117 1703948087903
2118 1703948087942
2119 1703948087983
2120 1703948088023
2121 1703948088062
2122 1703948088103
2123 1703948088143
2124 1703948088183
2125 1703948088222
2126 1703948088262
2127 1703948088308
2128 1703948088346
2129 1703948088386
2130 1703948088429
2131 1703948088468
2132 1703948088507
2133 1703948088546
2134 1703948088586
2135 1703948088628
2136 1703948088668
2137 1703948088708
2138 1703948088748
2139 1703948088787
2140 1703948088827
2141 1703948088871
2142 1703948088911
2143 1703948088952
2144 1703948088992
2145 1703948089032
2146 1703948089071
2147 1703948089112
2148 1703948089151
2149 1703948089191
2150 1703948089230
2151 1703948089270
2152 1703948089310
2153 1703948089352
2154 1703948089392
2155 1703948089436
2156 1703948089477
2157 1703948089515
2158 1703948089554
2159 1703948089595
2160 1703948089636
2161 1703948089676
2162 1703948089716
2163 1703948089757
2164 1703948089797
2165 1703948089836
2166 1703948089877
2167 1703948089916
2168 1703948089956
2169 1703948089999
2170 1703948090039
2171 1703948090079
2172 1703948090119
2173 1703948090159
2174 1703948090199
2175 1703948090239
2176 1703948090279
2177 1703948090319
2178 1703948090359
2179 1703948090399
2180 1703948090439
2181 1703948090479
2182 1703948090523
2183 1703948090562
2184 1703948090604
2185 1703948090643
2186 1703948090682
2187 1703948090722
2188 1703948090763
2189 1703948090803
2190 1703948090843
2191 1703948090885
2192 1703948090925
2193 1703948090962
2194 1703948091003
2195 1703948091043
2196 1703948091089
2197 1703948091129
2198 1703948091168
2199 1703948091209
2200 1703948091248
2201 1703948091288
2202 1703948091329
2203 1703948091368
2204 1703948091408
2205 1703948091448
2206 1703948091487
2207 1703948091527
2208 1703948091567
2209 1703948091607
2210 1703948091652
2211 1703948091692
2212 1703948091732
2213 1703948091772
2214 1703948091812
2215 1703948091852
2216 1703948091892
2217 1703948091932
2218 1703948091972
2219 1703948092012
2220 1703948092052
2221 1703948092092
2222 1703948092132
2223 1703948092172
2224 1703948092216
2225 1703948092256
2226 1703948092296
2227 1703948092336
2228 1703948092376
2229 1703948092416
2230 1703948092456
2231 1703948092496
2232 1703948092536
2233 1703948092576
2234 1703948092616
2235 1703948092656
2236 1703948092696
2237 1703948092736
2238 1703948092780
2239 1703948092820
2240 1703948092860
2241 1703948092900
2242 1703948092940
2243 1703948092980
2244 1703948093020
2245 1703948093060
2246 1703948093100
2247 1703948093141
2248 1703948093180
2249 1703948093220
2250 1703948093260
2251 1703948093305
2252 1703948093345
2253 1703948093384
2254 1703948093425
2255 1703948093464
2256 1703948093505
2257 1703948093545
2258 1703948093583
2259 1703948093623
2260 1703948093663
2261 1703948093703
2262 1703948093744
2263 1703948093784
2264 1703948093824
2265 1703948093868
2266 1703948093908
2267 1703948093949
2268 1703948093988
2269 1703948094028
2270 1703948094068
2271 1703948094108
2272 1703948094148
2273 1703948094189
2274 1703948094228
2275 1703948094268
2276 1703948094308
2277 1703948094348
2278 1703948094388
2279 1703948094432
2280 1703948094472
2281 1703948094512
2282 1703948094552
2283 1703948094592
2284 1703948094632
2285 1703948094672
2286 1703948094712
2287 1703948094752
2288 1703948094792
2289 1703948094832
2290 1703948094872
2291 1703948094912
2292 1703948094952
2293 1703948094997
2294 1703948095036
2295 1703948095076
2296 1703948095116
2297 1703948095156
2298 1703948095197
2299 1703948095236
2300 1703948095276
2301 1703948095316
2302 1703948095356
2303 1703948095396
2304 1703948095436
2305 1703948095476
2306 1703948095516
2307 1703948095560
2308 1703948095600
2309 1703948095640
2310 1703948095680
2311 1703948095720
2312 1703948095760
2313 1703948095800
2314 1703948095840
2315 1703948095880
2316 1703948095920
2317 1703948095960
2318 1703948096000
2319 1703948096040
2320 1703948096084
2321 1703948096124
2322 1703948096165
2323 1703948096204
2324 1703948096244
2325 1703948096284
2326 1703948096324
2327 1703948096364
2328 1703948096404
2329 1703948096444
2330 1703948096484
2331 1703948096524
2332 1703948096562
2333 1703948096604
2334 1703948096649
2335 1703948096689
2336 1703948096729
2337 1703948096768
2338 1703948096809
2339 1703948096849
2340 1703948096889
2341 1703948096929
2342 1703948096969
2343 1703948097009
2344 1703948097048
2345 1703948097089
2346 1703948097129
2347 1703948097169
2348 1703948097211
2349 1703948097252
2350 1703948097292
2351 1703948097331
2352 1703948097371
2353 1703948097412
2354 1703948097451
2355 1703948097492
2356 1703948097533
2357 1703948097573
2358 1703948097613
2359 1703948097653
2360 1703948097692
2361 1703948097733
2362 1703948097777
2363 1703948097817
2364 1703948097856
2365 1703948097895
2366 1703948097935
2367 1703948097975
2368 1703948098016
2369 1703948098056
2370 1703948098097
2371 1703948098136
2372 1703948098176
2373 1703948098216
2374 1703948098256
2375 1703948098300
2376 1703948098340
2377 1703948098380
2378 1703948098420
2379 1703948098460
2380 1703948098500
2381 1703948098541
2382 1703948098580
2383 1703948098621
2384 1703948098661
2385 1703948098701
2386 1703948098741
2387 1703948098781
2388 1703948098821
2389 1703948098865
2390 1703948098905
2391 1703948098943
2392 1703948098983
2393 1703948099023
2394 1703948099064
2395 1703948099103
2396 1703948099143
2397 1703948099183
2398 1703948099223
2399 1703948099263
2400 1703948099303
2401 1703948099343
2402 1703948099383
2403 1703948099427
2404 1703948099468
2405 1703948099507
2406 1703948099547
2407 1703948099587
2408 1703948099628
2409 1703948099668
2410 1703948099707
2411 1703948099747
2412 1703948099787
2413 1703948099827
2414 1703948099867
2415 1703948099907
2416 1703948099947
2417 1703948099992
2418 1703948100032
2419 1703948100072
2420 1703948100112
2421 1703948100152
2422 1703948100192
2423 1703948100232
2424 1703948100272
2425 1703948100313
2426 1703948100353
2427 1703948100392
2428 1703948100432
2429 1703948100473
2430 1703948100513
2431 1703948100556
2432 1703948100596
2433 1703948100636
2434 1703948100676
2435 1703948100716
2436 1703948100756
2437 1703948100796
2438 1703948100836
2439 1703948100876
2440 1703948100916
2441 1703948100956
2442 1703948100997
2443 1703948101036
2444 1703948101081
2445 1703948101120
2446 1703948101160
2447 1703948101200
2448 1703948101240
2449 1703948101280
2450 1703948101320
2451 1703948101361
2452 1703948101400
2453 1703948101440
2454 1703948101480
2455 1703948101521
2456 1703948101560
2457 1703948101600
2458 1703948101644
2459 1703948101684
2460 1703948101724
2461 1703948101764
2462 1703948101805
2463 1703948101844
2464 1703948101884
2465 1703948101924
2466 1703948101964
2467 1703948102004
2468 1703948102045
2469 1703948102085
2470 1703948102124
2471 1703948102164
2472 1703948102208
2473 1703948102248
2474 1703948102289
2475 1703948102328
2476 1703948102368
2477 1703948102409
2478 1703948102448
2479 1703948102488
2480 1703948102529
2481 1703948102569
2482 1703948102609
2483 1703948102648
2484 1703948102689
2485 1703948102729
2486 1703948102773
2487 1703948102813
2488 1703948102853
2489 1703948102893
2490 1703948102933
2491 1703948102973
2492 1703948103013
2493 1703948103053
2494 1703948103094
2495 1703948103133
2496 1703948103173
2497 1703948103213
2498 1703948103253
2499 1703948103293
2500 1703948103337
2501 1703948103377
2502 1703948103417
2503 1703948103457
2504 1703948103497
2505 1703948103537
2506 1703948103577
2507 1703948103617
2508 1703948103657
2509 1703948103697
2510 1703948103737
2511 1703948103777
2512 1703948103817
2513 1703948103857
2514 1703948103901
2515 1703948103941
2516 1703948103981
2517 1703948104021
2518 1703948104061
2519 1703948104101
2520 1703948104141
2521 1703948104181
2522 1703948104221
2523 1703948104261
2524 1703948104301
2525 1703948104341
2526 1703948104381
2527 1703948104425
2528 1703948104465
2529 1703948104505
2530 1703948104545
2531 1703948104585
2532 1703948104625
2533 1703948104665
2534 1703948104705
2535 1703948104745
2536 1703948104785
2537 1703948104825
2538 1703948104865
2539 1703948104905
2540 1703948104945
2541 1703948104989
2542 1703948105029
2543 1703948105069
2544 1703948105107
2545 1703948105146
2546 1703948105187
2547 1703948105228
2548 1703948105267
2549 1703948105308
2550 1703948105347
2551 1703948105387
2552 1703948105428
2553 1703948105468
2554 1703948105508
2555 1703948105552
2556 1703948105592
2557 1703948105631
2558 1703948105672
2559 1703948105713
2560 1703948105754
2561 1703948105791
2562 1703948105831
2563 1703948105871
2564 1703948105912
2565 1703948105951
2566 1703948105991
2567 1703948106031
2568 1703948106072
2569 1703948106116
2570 1703948106156
2571 1703948106197
2572 1703948106237
2573 1703948106277
2574 1703948106316
2575 1703948106355
2576 1703948106395
2577 1703948106436
2578 1703948106477
2579 1703948106517
2580 1703948106558
2581 1703948106595
2582 1703948106635
2583 1703948106680
2584 1703948106720
2585 1703948106759
2586 1703948106799
2587 1703948106839
2588 1703948106879
2589 1703948106919
2590 1703948106959
2591 1703948106999
2592 1703948107039
2593 1703948107079
2594 1703948107119
2595 1703948107159
2596 1703948107203
2597 1703948107244
2598 1703948107284
2599 1703948107324
2600 1703948107364
2601 1703948107403
2602 1703948107444
2603 1703948107485
2604 1703948107524
2605 1703948107563
2606 1703948107603
2607 1703948107643
2608 1703948107684
2609 1703948107724
2610 1703948107768
2611 1703948107808
2612 1703948107848
2613 1703948107888
2614 1703948107928
2615 1703948107968
2616 1703948108008
2617 1703948108047
2618 1703948108088
2619 1703948108128
2620 1703948108168
2621 1703948108208
2622 1703948108248
2623 1703948108287
2624 1703948108331
2625 1703948108371
2626 1703948108411
2627 1703948108452
2628 1703948108492
2629 1703948108531
2630 1703948108572
2631 1703948108611
2632 1703948108651
2633 1703948108691
2634 1703948108731
2635 1703948108773
2636 1703948108813
2637 1703948108850
2638 1703948108896
2639 1703948108938
2640 1703948108975
2641 1703948109014
2642 1703948109055
2643 1703948109095
2644 1703948109135
2645 1703948109175
2646 1703948109215
2647 1703948109256
2648 1703948109296
2649 1703948109335
2650 1703948109375
2651 1703948109417
2652 1703948109462
2653 1703948109499
2654 1703948109542
2655 1703948109581
2656 1703948109620
2657 1703948109659
2658 1703948109701
2659 1703948109742
2660 1703948109781
2661 1703948109821
2662 1703948109861
2663 1703948109901
2664 1703948109941
2665 1703948109985
2666 1703948110025
2667 1703948110065
2668 1703948110105
2669 1703948110143
2670 1703948110183
2671 1703948110225
2672 1703948110265
2673 1703948110305
2674 1703948110345
2675 1703948110385
2676 1703948110425
2677 1703948110465
2678 1703948110505
2679 1703948110548
2680 1703948110587
2681 1703948110627
2682 1703948110668
