1 1680361974
2 1680361975
3 1680361975
4 1680361975
5 1680361975
6 1680361975
7 1680361975
8 1680361975
9 1680361975
10 1680361975
11 1680361975
12 1680361975
13 1680361975
14 1680361975
15 1680361975
16 1680361975
17 1680361975
18 1680361975
19 1680361975
20 1680361975
21 1680361975
22 1680361975
23 1680361975
24 1680361975
25 1680361975
26 1680361975
27 1680361975
28 1680361975
29 1680361975
30 1680361975
31 1680361975
32 1680361976
33 1680361976
34 1680361976
35 1680361976
36 1680361976
37 1680361976
38 1680361976
39 1680361976
40 1680361976
41 1680361976
42 1680361976
43 1680361976
44 1680361976
45 1680361976
46 1680361976
47 1680361976
48 1680361976
49 1680361976
50 1680361976
51 1680361976
52 1680361976
53 1680361976
54 1680361976
55 1680361976
56 1680361976
57 1680361976
58 1680361976
59 1680361976
60 1680361976
61 1680361977
62 1680361977
63 1680361977
64 1680361977
65 1680361977
66 1680361977
67 1680361977
68 1680361977
69 1680361977
70 1680361977
71 1680361977
72 1680361977
73 1680361977
74 1680361977
75 1680361977
76 1680361977
77 1680361977
78 1680361977
79 1680361977
80 1680361977
81 1680361977
82 1680361977
83 1680361977
84 1680361977
85 1680361977
86 1680361977
87 1680361977
88 1680361977
89 1680361977
90 1680361977
91 1680361978
92 1680361978
93 1680361978
94 1680361978
95 1680361978
96 1680361978
97 1680361978
98 1680361978
99 1680361978
100 1680361978
101 1680361978
102 1680361978
103 1680361978
104 1680361978
105 1680361978
106 1680361978
107 1680361978
108 1680361978
109 1680361978
110 1680361978
111 1680361978
112 1680361978
113 1680361978
114 1680361978
115 1680361978
116 1680361978
117 1680361978
118 1680361978
119 1680361978
120 1680361978
121 1680361979
122 1680361979
123 1680361979
124 1680361979
125 1680361979
126 1680361979
127 1680361979
128 1680361979
129 1680361979
130 1680361979
131 1680361979
132 1680361979
133 1680361979
134 1680361979
135 1680361979
136 1680361979
137 1680361979
138 1680361979
139 1680361979
140 1680361979
141 1680361979
142 1680361979
143 1680361979
144 1680361979
145 1680361979
146 1680361979
147 1680361979
148 1680361979
149 1680361979
150 1680361980
151 1680361980
152 1680361980
153 1680361980
154 1680361980
155 1680361980
156 1680361980
157 1680361980
158 1680361980
159 1680361980
160 1680361980
161 1680361980
162 1680361980
163 1680361980
164 1680361980
165 1680361980
166 1680361980
167 1680361980
168 1680361980
169 1680361980
170 1680361980
171 1680361980
172 1680361980
173 1680361980
174 1680361980
175 1680361980
176 1680361980
177 1680361980
178 1680361980
179 1680361980
180 1680361981
181 1680361981
182 1680361981
183 1680361981
184 1680361981
185 1680361981
186 1680361981
187 1680361981
188 1680361981
189 1680361981
190 1680361981
191 1680361981
192 1680361981
193 1680361981
194 1680361981
195 1680361981
196 1680361981
197 1680361981
198 1680361981
199 1680361981
200 1680361981
201 1680361981
202 1680361981
203 1680361981
204 1680361981
205 1680361981
206 1680361981
207 1680361981
208 1680361981
209 1680361981
210 1680361982
211 1680361982
212 1680361982
213 1680361982
214 1680361982
215 1680361982
216 1680361982
217 1680361982
218 1680361982
219 1680361982
220 1680361982
221 1680361982
222 1680361982
223 1680361982
224 1680361982
225 1680361982
226 1680361982
227 1680361982
228 1680361982
229 1680361982
230 1680361982
231 1680361982
232 1680361982
233 1680361982
234 1680361982
235 1680361982
236 1680361982
237 1680361982
238 1680361982
239 1680361982
240 1680361983
241 1680361983
242 1680361983
243 1680361983
244 1680361983
245 1680361983
246 1680361983
247 1680361983
248 1680361983
249 1680361983
250 1680361983
251 1680361983
252 1680361983
253 1680361983
254 1680361983
255 1680361983
256 1680361983
257 1680361983
258 1680361983
259 1680361983
260 1680361983
261 1680361983
262 1680361983
263 1680361983
264 1680361983
265 1680361983
266 1680361983
267 1680361983
268 1680361983
269 1680361984
270 1680361984
271 1680361984
272 1680361984
273 1680361984
274 1680361984
275 1680361984
276 1680361984
277 1680361984
278 1680361984
279 1680361984
280 1680361984
281 1680361984
282 1680361984
283 1680361984
284 1680361984
285 1680361984
286 1680361984
287 1680361984
288 1680361984
289 1680361984
290 1680361984
291 1680361984
292 1680361984
293 1680361984
294 1680361984
295 1680361984
296 1680361984
297 1680361984
298 1680361985
299 1680361985
300 1680361985
301 1680361985
302 1680361985
303 1680361985
304 1680361985
305 1680361985
306 1680361985
307 1680361985
308 1680361985
309 1680361985
310 1680361985
311 1680361985
312 1680361985
313 1680361985
314 1680361985
315 1680361985
316 1680361985
317 1680361985
318 1680361985
319 1680361985
320 1680361985
321 1680361985
322 1680361985
323 1680361985
324 1680361985
325 1680361985
326 1680361985
327 1680361985
328 1680361986
329 1680361986
330 1680361986
331 1680361986
332 1680361986
333 1680361986
334 1680361986
335 1680361986
336 1680361986
337 1680361986
338 1680361986
339 1680361986
340 1680361986
341 1680361986
342 1680361986
343 1680361986
344 1680361986
345 1680361986
346 1680361986
347 1680361986
348 1680361986
349 1680361986
350 1680361986
351 1680361986
352 1680361986
353 1680361986
354 1680361986
355 1680361986
356 1680361986
357 1680361986
358 1680361987
359 1680361987
360 1680361987
361 1680361987
362 1680361987
363 1680361987
364 1680361987
365 1680361987
366 1680361987
367 1680361987
368 1680361987
369 1680361987
370 1680361987
371 1680361987
372 1680361987
373 1680361987
374 1680361987
375 1680361987
376 1680361987
377 1680361987
378 1680361987
379 1680361987
380 1680361987
381 1680361987
382 1680361987
383 1680361987
384 1680361987
385 1680361987
386 1680361987
387 1680361987
388 1680361988
389 1680361988
390 1680361988
391 1680361988
392 1680361988
393 1680361988
394 1680361988
395 1680361988
396 1680361988
397 1680361988
398 1680361988
399 1680361988
400 1680361988
401 1680361988
402 1680361988
403 1680361988
404 1680361988
405 1680361988
406 1680361988
407 1680361988
408 1680361988
409 1680361988
410 1680361988
411 1680361988
412 1680361988
413 1680361988
414 1680361988
415 1680361988
416 1680361988
417 1680361988
418 1680361989
419 1680361989
420 1680361989
421 1680361989
422 1680361989
423 1680361989
424 1680361989
425 1680361989
426 1680361989
427 1680361989
428 1680361989
429 1680361989
430 1680361989
431 1680361989
432 1680361989
433 1680361989
434 1680361989
435 1680361989
436 1680361989
437 1680361989
438 1680361989
439 1680361989
440 1680361989
441 1680361989
442 1680361989
443 1680361989
444 1680361989
445 1680361989
446 1680361989
447 1680361990
448 1680361990
449 1680361990
450 1680361990
451 1680361990
452 1680361990
453 1680361990
454 1680361990
455 1680361990
456 1680361990
457 1680361990
458 1680361990
459 1680361990
460 1680361990
461 1680361990
462 1680361990
463 1680361990
464 1680361990
465 1680361990
466 1680361990
467 1680361990
468 1680361990
469 1680361990
470 1680361990
471 1680361990
472 1680361990
473 1680361990
474 1680361990
475 1680361990
476 1680361990
477 1680361991
478 1680361991
479 1680361991
480 1680361991
481 1680361991
482 1680361991
483 1680361991
484 1680361991
485 1680361991
486 1680361991
487 1680361991
488 1680361991
489 1680361991
490 1680361991
491 1680361991
492 1680361991
493 1680361991
494 1680361991
495 1680361991
496 1680361991
497 1680361991
498 1680361991
499 1680361991
500 1680361991
501 1680361991
502 1680361991
503 1680361991
504 1680361991
505 1680361991
506 1680361991
507 1680361992
508 1680361992
509 1680361992
510 1680361992
511 1680361992
512 1680361992
513 1680361992
514 1680361992
515 1680361992
516 1680361992
517 1680361992
518 1680361992
519 1680361992
520 1680361992
521 1680361992
522 1680361992
523 1680361992
524 1680361992
525 1680361992
526 1680361992
527 1680361992
528 1680361992
529 1680361992
530 1680361992
531 1680361992
532 1680361992
533 1680361992
534 1680361992
535 1680361992
536 1680361992
537 1680361993
538 1680361993
539 1680361993
540 1680361993
541 1680361993
542 1680361993
543 1680361993
544 1680361993
545 1680361993
546 1680361993
547 1680361993
548 1680361993
549 1680361993
550 1680361993
551 1680361993
552 1680361993
553 1680361993
554 1680361993
555 1680361993
556 1680361993
557 1680361993
558 1680361993
559 1680361993
560 1680361993
561 1680361993
562 1680361993
563 1680361993
564 1680361993
565 1680361993
566 1680361994
567 1680361994
568 1680361994
569 1680361994
570 1680361994
571 1680361994
572 1680361994
573 1680361994
574 1680361994
575 1680361994
576 1680361994
577 1680361994
578 1680361994
579 1680361994
580 1680361994
581 1680361994
582 1680361994
583 1680361994
584 1680361994
585 1680361994
586 1680361994
587 1680361994
588 1680361994
589 1680361994
590 1680361994
591 1680361994
592 1680361994
593 1680361994
594 1680361994
595 1680361994
596 1680361995
597 1680361995
598 1680361995
599 1680361995
600 1680361995
601 1680361995
602 1680361995
603 1680361995
604 1680361995
605 1680361995
606 1680361995
607 1680361995
608 1680361995
609 1680361995
610 1680361995
611 1680361995
612 1680361995
613 1680361995
614 1680361995
615 1680361995
616 1680361995
617 1680361995
618 1680361995
619 1680361995
620 1680361995
621 1680361995
622 1680361995
623 1680361995
624 1680361995
625 1680361996
626 1680361996
627 1680361996
628 1680361996
629 1680361996
630 1680361996
631 1680361996
632 1680361996
633 1680361996
634 1680361996
635 1680361996
636 1680361996
637 1680361996
638 1680361996
639 1680361996
640 1680361996
641 1680361996
642 1680361996
643 1680361996
644 1680361996
645 1680361996
646 1680361996
647 1680361996
648 1680361996
649 1680361996
650 1680361996
651 1680361996
652 1680361996
653 1680361996
654 1680361996
655 1680361997
656 1680361997
657 1680361997
658 1680361997
659 1680361997
660 1680361997
661 1680361997
662 1680361997
663 1680361997
664 1680361997
665 1680361997
666 1680361997
667 1680361997
668 1680361997
669 1680361997
670 1680361997
671 1680361997
672 1680361997
673 1680361997
674 1680361997
675 1680361997
676 1680361997
677 1680361997
678 1680361997
679 1680361997
680 1680361997
681 1680361997
682 1680361997
683 1680361997
684 1680361997
685 1680361998
686 1680361998
687 1680361998
688 1680361998
689 1680361998
690 1680361998
691 1680361998
692 1680361998
693 1680361998
694 1680361998
695 1680361998
696 1680361998
697 1680361998
698 1680361998
699 1680361998
700 1680361998
701 1680361998
702 1680361998
703 1680361998
704 1680361998
705 1680361998
706 1680361998
707 1680361998
708 1680361998
709 1680361998
710 1680361998
711 1680361998
712 1680361998
713 1680361998
714 1680361998
715 1680361999
716 1680361999
717 1680361999
718 1680361999
719 1680361999
720 1680361999
721 1680361999
722 1680361999
723 1680361999
724 1680361999
725 1680361999
726 1680361999
727 1680361999
728 1680361999
729 1680361999
730 1680361999
731 1680361999
732 1680361999
733 1680361999
734 1680361999
735 1680361999
736 1680361999
737 1680361999
738 1680361999
739 1680361999
740 1680361999
741 1680361999
742 1680361999
743 1680362000
744 1680362000
745 1680362000
746 1680362000
747 1680362000
748 1680362000
749 1680362000
750 1680362000
751 1680362000
752 1680362000
753 1680362000
754 1680362000
755 1680362000
756 1680362000
757 1680362000
758 1680362000
759 1680362000
760 1680362000
761 1680362000
762 1680362000
763 1680362000
764 1680362000
765 1680362000
766 1680362000
767 1680362000
768 1680362000
769 1680362000
770 1680362000
771 1680362000
772 1680362000
773 1680362001
774 1680362001
775 1680362001
776 1680362001
777 1680362001
778 1680362001
779 1680362001
780 1680362001
781 1680362001
782 1680362001
783 1680362001
784 1680362001
785 1680362001
786 1680362001
787 1680362001
788 1680362001
789 1680362001
790 1680362001
791 1680362001
792 1680362001
793 1680362001
794 1680362001
795 1680362001
796 1680362001
797 1680362001
798 1680362001
799 1680362001
800 1680362001
801 1680362001
802 1680362001
803 1680362002
804 1680362002
805 1680362002
806 1680362002
807 1680362002
808 1680362002
809 1680362002
810 1680362002
811 1680362002
812 1680362002
813 1680362002
814 1680362002
815 1680362002
816 1680362002
817 1680362002
818 1680362002
819 1680362002
820 1680362002
821 1680362002
822 1680362002
823 1680362002
824 1680362002
825 1680362002
826 1680362002
827 1680362002
828 1680362002
829 1680362002
830 1680362002
831 1680362002
832 1680362002
833 1680362003
834 1680362003
835 1680362003
836 1680362003
837 1680362003
838 1680362003
839 1680362003
840 1680362003
841 1680362003
842 1680362003
843 1680362003
844 1680362003
845 1680362003
846 1680362003
847 1680362003
848 1680362003
849 1680362003
850 1680362003
851 1680362003
852 1680362003
853 1680362003
854 1680362003
855 1680362003
856 1680362003
857 1680362003
858 1680362003
859 1680362003
860 1680362003
861 1680362003
862 1680362003
863 1680362004
864 1680362004
865 1680362004
866 1680362004
867 1680362004
868 1680362004
869 1680362004
870 1680362004
871 1680362004
872 1680362004
873 1680362004
874 1680362004
875 1680362004
876 1680362004
877 1680362004
878 1680362004
879 1680362004
880 1680362004
881 1680362004
882 1680362004
883 1680362004
884 1680362004
885 1680362004
886 1680362004
887 1680362004
888 1680362004
889 1680362004
890 1680362004
891 1680362004
892 1680362005
893 1680362005
894 1680362005
895 1680362005
896 1680362005
897 1680362005
898 1680362005
899 1680362005
900 1680362005
901 1680362005
902 1680362005
903 1680362005
904 1680362005
905 1680362005
906 1680362005
907 1680362005
908 1680362005
909 1680362005
910 1680362005
911 1680362005
912 1680362005
913 1680362005
914 1680362005
915 1680362005
916 1680362005
917 1680362005
918 1680362005
919 1680362005
920 1680362005
921 1680362005
922 1680362006
923 1680362006
924 1680362006
925 1680362006
926 1680362006
927 1680362006
928 1680362006
929 1680362006
930 1680362006
931 1680362006
932 1680362006
933 1680362006
934 1680362006
935 1680362006
936 1680362006
937 1680362006
938 1680362006
939 1680362006
940 1680362006
941 1680362006
942 1680362006
943 1680362006
944 1680362006
945 1680362006
946 1680362006
947 1680362006
948 1680362006
949 1680362006
950 1680362006
951 1680362007
952 1680362007
953 1680362007
954 1680362007
955 1680362007
956 1680362007
957 1680362007
958 1680362007
959 1680362007
960 1680362007
961 1680362007
962 1680362007
963 1680362007
964 1680362007
965 1680362007
966 1680362007
967 1680362007
968 1680362007
969 1680362007
970 1680362007
971 1680362007
972 1680362007
973 1680362007
974 1680362007
975 1680362007
976 1680362007
977 1680362007
978 1680362007
979 1680362007
980 1680362007
981 1680362008
982 1680362008
983 1680362008
984 1680362008
985 1680362008
986 1680362008
987 1680362008
988 1680362008
989 1680362008
990 1680362008
991 1680362008
992 1680362008
993 1680362008
994 1680362008
995 1680362008
996 1680362008
997 1680362008
998 1680362008
999 1680362008
1000 1680362008
1001 1680362008
1002 1680362008
1003 1680362008
1004 1680362008
1005 1680362008
1006 1680362008
1007 1680362008
1008 1680362008
1009 1680362008
1010 1680362009
1011 1680362009
1012 1680362009
1013 1680362009
1014 1680362009
1015 1680362009
1016 1680362009
1017 1680362009
1018 1680362009
1019 1680362009
1020 1680362009
1021 1680362009
1022 1680362009
1023 1680362009
1024 1680362009
1025 1680362009
1026 1680362009
1027 1680362009
1028 1680362009
1029 1680362009
1030 1680362009
1031 1680362009
1032 1680362009
1033 1680362009
1034 1680362009
1035 1680362009
1036 1680362009
1037 1680362009
1038 1680362009
1039 1680362010
1040 1680362010
1041 1680362010
1042 1680362010
1043 1680362010
1044 1680362010
1045 1680362010
1046 1680362010
1047 1680362010
1048 1680362010
1049 1680362010
1050 1680362010
1051 1680362010
1052 1680362010
1053 1680362010
1054 1680362010
1055 1680362010
1056 1680362010
1057 1680362010
1058 1680362010
1059 1680362010
1060 1680362010
1061 1680362010
1062 1680362010
1063 1680362010
1064 1680362010
1065 1680362010
1066 1680362010
1067 1680362010
1068 1680362010
1069 1680362011
1070 1680362011
1071 1680362011
1072 1680362011
1073 1680362011
1074 1680362011
1075 1680362011
1076 1680362011
1077 1680362011
1078 1680362011
1079 1680362011
1080 1680362011
1081 1680362011
1082 1680362011
1083 1680362011
1084 1680362011
1085 1680362011
1086 1680362011
1087 1680362011
1088 1680362011
1089 1680362011
1090 1680362011
1091 1680362011
1092 1680362011
1093 1680362011
1094 1680362011
1095 1680362011
1096 1680362011
1097 1680362011
1098 1680362012
1099 1680362012
1100 1680362012
1101 1680362012
1102 1680362012
1103 1680362012
1104 1680362012
1105 1680362012
1106 1680362012
1107 1680362012
1108 1680362012
1109 1680362012
1110 1680362012
1111 1680362012
1112 1680362012
1113 1680362012
1114 1680362012
1115 1680362012
1116 1680362012
1117 1680362012
1118 1680362012
1119 1680362012
1120 1680362012
1121 1680362012
1122 1680362012
1123 1680362012
1124 1680362012
1125 1680362012
1126 1680362012
1127 1680362012
1128 1680362013
1129 1680362013
1130 1680362013
1131 1680362013
1132 1680362013
1133 1680362013
1134 1680362013
1135 1680362013
1136 1680362013
1137 1680362013
1138 1680362013
1139 1680362013
1140 1680362013
1141 1680362013
1142 1680362013
1143 1680362013
1144 1680362013
1145 1680362013
1146 1680362013
1147 1680362013
1148 1680362013
1149 1680362013
1150 1680362013
1151 1680362013
1152 1680362013
1153 1680362013
1154 1680362013
1155 1680362013
1156 1680362013
1157 1680362014
1158 1680362014
1159 1680362014
1160 1680362014
1161 1680362014
1162 1680362014
1163 1680362014
1164 1680362014
1165 1680362014
1166 1680362014
1167 1680362014
1168 1680362014
1169 1680362014
1170 1680362014
1171 1680362014
1172 1680362014
1173 1680362014
1174 1680362014
1175 1680362014
1176 1680362014
1177 1680362014
1178 1680362014
1179 1680362014
1180 1680362014
1181 1680362014
1182 1680362014
1183 1680362014
1184 1680362014
1185 1680362014
1186 1680362014
1187 1680362015
1188 1680362015
1189 1680362015
1190 1680362015
1191 1680362015
1192 1680362015
1193 1680362015
1194 1680362015
1195 1680362015
1196 1680362015
1197 1680362015
1198 1680362015
1199 1680362015
1200 1680362015
1201 1680362015
1202 1680362015
1203 1680362015
1204 1680362015
1205 1680362015
1206 1680362015
1207 1680362015
1208 1680362015
1209 1680362015
1210 1680362015
1211 1680362015
1212 1680362015
1213 1680362015
1214 1680362015
1215 1680362015
1216 1680362015
1217 1680362016
1218 1680362016
1219 1680362016
1220 1680362016
1221 1680362016
1222 1680362016
1223 1680362016
1224 1680362016
1225 1680362016
1226 1680362016
1227 1680362016
1228 1680362016
1229 1680362016
1230 1680362016
1231 1680362016
1232 1680362016
1233 1680362016
1234 1680362016
1235 1680362016
1236 1680362016
1237 1680362016
1238 1680362016
1239 1680362016
1240 1680362016
1241 1680362016
1242 1680362016
1243 1680362016
1244 1680362016
1245 1680362017
1246 1680362017
1247 1680362017
1248 1680362017
1249 1680362017
1250 1680362017
1251 1680362017
1252 1680362017
1253 1680362017
1254 1680362017
1255 1680362017
1256 1680362017
1257 1680362017
1258 1680362017
1259 1680362017
1260 1680362017
1261 1680362017
1262 1680362017
1263 1680362017
1264 1680362017
1265 1680362017
1266 1680362017
1267 1680362017
1268 1680362017
1269 1680362017
1270 1680362017
1271 1680362017
1272 1680362017
1273 1680362017
1274 1680362017
1275 1680362018
1276 1680362018
1277 1680362018
1278 1680362018
1279 1680362018
1280 1680362018
1281 1680362018
1282 1680362018
1283 1680362018
1284 1680362018
1285 1680362018
1286 1680362018
1287 1680362018
1288 1680362018
1289 1680362018
1290 1680362018
1291 1680362018
1292 1680362018
1293 1680362018
1294 1680362018
1295 1680362018
1296 1680362018
1297 1680362018
1298 1680362018
1299 1680362018
1300 1680362018
1301 1680362018
1302 1680362018
1303 1680362018
1304 1680362018
1305 1680362019
1306 1680362019
1307 1680362019
1308 1680362019
1309 1680362019
1310 1680362019
1311 1680362019
1312 1680362019
1313 1680362019
1314 1680362019
1315 1680362019
1316 1680362019
1317 1680362019
1318 1680362019
1319 1680362019
1320 1680362019
1321 1680362019
1322 1680362019
1323 1680362019
1324 1680362019
1325 1680362019
1326 1680362019
1327 1680362019
1328 1680362019
1329 1680362019
1330 1680362019
1331 1680362019
1332 1680362019
1333 1680362019
1334 1680362019
1335 1680362020
1336 1680362020
1337 1680362020
1338 1680362020
1339 1680362020
1340 1680362020
1341 1680362020
1342 1680362020
1343 1680362020
1344 1680362020
1345 1680362020
1346 1680362020
1347 1680362020
1348 1680362020
1349 1680362020
1350 1680362020
1351 1680362020
1352 1680362020
1353 1680362020
1354 1680362020
1355 1680362020
1356 1680362020
1357 1680362020
1358 1680362020
1359 1680362020
1360 1680362020
1361 1680362020
1362 1680362020
1363 1680362020
1364 1680362020
1365 1680362021
1366 1680362021
1367 1680362021
1368 1680362021
1369 1680362021
1370 1680362021
1371 1680362021
1372 1680362021
1373 1680362021
1374 1680362021
1375 1680362021
1376 1680362021
1377 1680362021
1378 1680362021
1379 1680362021
1380 1680362021
1381 1680362021
1382 1680362021
1383 1680362021
1384 1680362021
1385 1680362021
1386 1680362021
1387 1680362021
1388 1680362021
1389 1680362021
1390 1680362021
1391 1680362021
1392 1680362021
1393 1680362021
1394 1680362022
1395 1680362022
1396 1680362022
1397 1680362022
1398 1680362022
1399 1680362022
1400 1680362022
1401 1680362022
1402 1680362022
1403 1680362022
1404 1680362022
1405 1680362022
1406 1680362022
1407 1680362022
1408 1680362022
1409 1680362022
1410 1680362022
1411 1680362022
1412 1680362022
1413 1680362022
1414 1680362022
1415 1680362022
1416 1680362022
1417 1680362022
1418 1680362022
1419 1680362022
1420 1680362022
1421 1680362022
1422 1680362022
1423 1680362022
1424 1680362023
1425 1680362023
1426 1680362023
1427 1680362023
1428 1680362023
1429 1680362023
1430 1680362023
1431 1680362023
1432 1680362023
1433 1680362023
1434 1680362023
1435 1680362023
1436 1680362023
1437 1680362023
1438 1680362023
1439 1680362023
1440 1680362023
1441 1680362023
1442 1680362023
1443 1680362023
1444 1680362023
1445 1680362023
1446 1680362023
1447 1680362023
1448 1680362023
1449 1680362023
1450 1680362023
1451 1680362023
1452 1680362023
1453 1680362024
1454 1680362024
1455 1680362024
1456 1680362024
1457 1680362024
1458 1680362024
1459 1680362024
1460 1680362024
1461 1680362024
1462 1680362024
1463 1680362024
1464 1680362024
1465 1680362024
1466 1680362024
1467 1680362024
1468 1680362024
1469 1680362024
1470 1680362024
1471 1680362024
1472 1680362024
1473 1680362024
1474 1680362024
1475 1680362024
1476 1680362024
1477 1680362024
1478 1680362024
1479 1680362024
1480 1680362024
1481 1680362024
1482 1680362024
1483 1680362025
1484 1680362025
1485 1680362025
1486 1680362025
1487 1680362025
1488 1680362025
1489 1680362025
1490 1680362025
1491 1680362025
1492 1680362025
1493 1680362025
1494 1680362025
1495 1680362025
1496 1680362025
1497 1680362025
1498 1680362025
1499 1680362025
1500 1680362025
1501 1680362025
1502 1680362025
1503 1680362025
1504 1680362025
1505 1680362025
1506 1680362025
1507 1680362025
1508 1680362025
1509 1680362025
1510 1680362025
1511 1680362025
1512 1680362025
1513 1680362026
1514 1680362026
1515 1680362026
1516 1680362026
1517 1680362026
1518 1680362026
1519 1680362026
1520 1680362026
1521 1680362026
1522 1680362026
1523 1680362026
1524 1680362026
1525 1680362026
1526 1680362026
1527 1680362026
1528 1680362026
1529 1680362026
1530 1680362026
1531 1680362026
1532 1680362026
1533 1680362026
1534 1680362026
1535 1680362026
1536 1680362026
1537 1680362026
1538 1680362026
1539 1680362026
1540 1680362026
1541 1680362026
1542 1680362027
1543 1680362027
1544 1680362027
1545 1680362027
1546 1680362027
1547 1680362027
1548 1680362027
1549 1680362027
1550 1680362027
1551 1680362027
1552 1680362027
1553 1680362027
1554 1680362027
1555 1680362027
1556 1680362027
1557 1680362027
1558 1680362027
1559 1680362027
1560 1680362027
1561 1680362027
1562 1680362027
1563 1680362027
1564 1680362027
1565 1680362027
1566 1680362027
1567 1680362027
1568 1680362027
1569 1680362027
1570 1680362027
1571 1680362027
1572 1680362028
1573 1680362028
1574 1680362028
1575 1680362028
1576 1680362028
1577 1680362028
1578 1680362028
1579 1680362028
1580 1680362028
1581 1680362028
1582 1680362028
1583 1680362028
1584 1680362028
1585 1680362028
1586 1680362028
1587 1680362028
1588 1680362028
1589 1680362028
1590 1680362028
1591 1680362028
1592 1680362028
1593 1680362028
1594 1680362028
1595 1680362028
1596 1680362028
1597 1680362028
1598 1680362028
1599 1680362028
1600 1680362028
1601 1680362029
1602 1680362029
1603 1680362029
1604 1680362029
1605 1680362029
1606 1680362029
1607 1680362029
1608 1680362029
1609 1680362029
1610 1680362029
1611 1680362029
1612 1680362029
1613 1680362029
1614 1680362029
1615 1680362029
1616 1680362029
1617 1680362029
1618 1680362029
1619 1680362029
1620 1680362029
1621 1680362029
1622 1680362029
1623 1680362029
1624 1680362029
1625 1680362029
1626 1680362029
1627 1680362029
1628 1680362029
1629 1680362029
1630 1680362030
1631 1680362030
1632 1680362030
1633 1680362030
1634 1680362030
1635 1680362030
1636 1680362030
1637 1680362030
1638 1680362030
1639 1680362030
1640 1680362030
1641 1680362030
1642 1680362030
1643 1680362030
1644 1680362030
1645 1680362030
1646 1680362030
1647 1680362030
1648 1680362030
1649 1680362030
1650 1680362030
1651 1680362030
1652 1680362030
1653 1680362030
1654 1680362030
1655 1680362030
1656 1680362030
1657 1680362030
1658 1680362030
1659 1680362031
1660 1680362031
1661 1680362031
1662 1680362031
1663 1680362031
1664 1680362031
1665 1680362031
1666 1680362031
1667 1680362031
1668 1680362031
1669 1680362031
1670 1680362031
1671 1680362031
1672 1680362031
1673 1680362031
1674 1680362031
1675 1680362031
1676 1680362031
1677 1680362031
1678 1680362031
1679 1680362031
1680 1680362031
1681 1680362031
1682 1680362031
1683 1680362031
1684 1680362031
1685 1680362031
1686 1680362031
1687 1680362031
1688 1680362031
1689 1680362032
1690 1680362032
1691 1680362032
1692 1680362032
1693 1680362032
1694 1680362032
1695 1680362032
1696 1680362032
1697 1680362032
1698 1680362032
1699 1680362032
1700 1680362032
1701 1680362032
1702 1680362032
1703 1680362032
1704 1680362032
1705 1680362032
1706 1680362032
1707 1680362032
1708 1680362032
1709 1680362032
1710 1680362032
1711 1680362032
1712 1680362032
1713 1680362032
1714 1680362032
1715 1680362032
1716 1680362032
1717 1680362032
1718 1680362032
1719 1680362033
1720 1680362033
1721 1680362033
1722 1680362033
1723 1680362033
1724 1680362033
1725 1680362033
1726 1680362033
1727 1680362033
1728 1680362033
1729 1680362033
1730 1680362033
1731 1680362033
1732 1680362033
1733 1680362033
1734 1680362033
1735 1680362033
1736 1680362033
1737 1680362033
1738 1680362033
1739 1680362033
1740 1680362033
1741 1680362033
1742 1680362033
1743 1680362033
1744 1680362033
1745 1680362033
1746 1680362033
1747 1680362033
1748 1680362033
1749 1680362034
1750 1680362034
1751 1680362034
1752 1680362034
1753 1680362034
1754 1680362034
1755 1680362034
1756 1680362034
1757 1680362034
1758 1680362034
1759 1680362034
1760 1680362034
1761 1680362034
1762 1680362034
1763 1680362034
1764 1680362034
1765 1680362034
1766 1680362034
1767 1680362034
1768 1680362034
1769 1680362034
1770 1680362034
1771 1680362034
1772 1680362034
1773 1680362034
1774 1680362034
1775 1680362034
1776 1680362034
1777 1680362034
1778 1680362034
1779 1680362035
1780 1680362035
1781 1680362035
1782 1680362035
1783 1680362035
1784 1680362035
1785 1680362035
1786 1680362035
1787 1680362035
1788 1680362035
1789 1680362035
1790 1680362035
1791 1680362035
1792 1680362035
1793 1680362035
1794 1680362035
1795 1680362035
1796 1680362035
1797 1680362035
1798 1680362035
1799 1680362035
1800 1680362035
1801 1680362035
1802 1680362035
1803 1680362035
1804 1680362035
1805 1680362035
1806 1680362035
1807 1680362035
1808 1680362036
1809 1680362036
1810 1680362036
1811 1680362036
1812 1680362036
1813 1680362036
1814 1680362036
1815 1680362036
1816 1680362036
1817 1680362036
1818 1680362036
1819 1680362036
1820 1680362036
1821 1680362036
1822 1680362036
1823 1680362036
1824 1680362036
1825 1680362036
1826 1680362036
1827 1680362036
1828 1680362036
1829 1680362036
1830 1680362036
1831 1680362036
1832 1680362036
1833 1680362036
1834 1680362036
1835 1680362036
1836 1680362036
1837 1680362036
1838 1680362037
1839 1680362037
1840 1680362037
1841 1680362037
1842 1680362037
1843 1680362037
1844 1680362037
1845 1680362037
1846 1680362037
1847 1680362037
1848 1680362037
1849 1680362037
1850 1680362037
1851 1680362037
1852 1680362037
1853 1680362037
1854 1680362037
1855 1680362037
1856 1680362037
1857 1680362037
1858 1680362037
1859 1680362037
1860 1680362037
1861 1680362037
1862 1680362037
1863 1680362037
1864 1680362037
1865 1680362037
1866 1680362038
1867 1680362038
1868 1680362038
1869 1680362038
1870 1680362038
1871 1680362038
1872 1680362038
1873 1680362038
1874 1680362038
1875 1680362038
1876 1680362038
1877 1680362038
1878 1680362038
1879 1680362038
1880 1680362038
1881 1680362038
1882 1680362038
1883 1680362038
1884 1680362038
1885 1680362038
1886 1680362038
1887 1680362038
1888 1680362038
1889 1680362038
1890 1680362038
1891 1680362038
1892 1680362038
1893 1680362038
1894 1680362038
1895 1680362038
1896 1680362039
1897 1680362039
1898 1680362039
1899 1680362039
1900 1680362039
1901 1680362039
1902 1680362039
1903 1680362039
1904 1680362039
1905 1680362039
1906 1680362039
1907 1680362039
1908 1680362039
1909 1680362039
1910 1680362039
1911 1680362039
1912 1680362039
1913 1680362039
1914 1680362039
1915 1680362039
1916 1680362039
1917 1680362039
1918 1680362039
1919 1680362039
1920 1680362039
1921 1680362039
1922 1680362039
1923 1680362039
1924 1680362040
1925 1680362040
1926 1680362040
1927 1680362040
1928 1680362040
1929 1680362040
1930 1680362040
1931 1680362040
1932 1680362040
1933 1680362040
1934 1680362040
1935 1680362040
1936 1680362040
1937 1680362040
1938 1680362040
1939 1680362040
1940 1680362040
1941 1680362040
1942 1680362040
1943 1680362040
1944 1680362040
1945 1680362040
1946 1680362040
1947 1680362040
1948 1680362040
1949 1680362040
1950 1680362040
1951 1680362040
1952 1680362040
1953 1680362040
1954 1680362041
1955 1680362041
1956 1680362041
1957 1680362041
1958 1680362041
1959 1680362041
1960 1680362041
1961 1680362041
1962 1680362041
1963 1680362041
1964 1680362041
1965 1680362041
1966 1680362041
1967 1680362041
1968 1680362041
1969 1680362041
1970 1680362041
1971 1680362041
1972 1680362041
1973 1680362041
1974 1680362041
1975 1680362041
1976 1680362041
1977 1680362041
1978 1680362041
1979 1680362041
1980 1680362041
1981 1680362041
1982 1680362041
1983 1680362041
1984 1680362042
1985 1680362042
1986 1680362042
1987 1680362042
1988 1680362042
1989 1680362042
1990 1680362042
1991 1680362042
1992 1680362042
1993 1680362042
1994 1680362042
1995 1680362042
1996 1680362042
1997 1680362042
1998 1680362042
1999 1680362042
2000 1680362042
2001 1680362042
2002 1680362042
2003 1680362042
2004 1680362042
2005 1680362042
2006 1680362042
2007 1680362042
2008 1680362042
2009 1680362042
2010 1680362042
2011 1680362042
2012 1680362043
2013 1680362043
2014 1680362043
2015 1680362043
2016 1680362043
2017 1680362043
2018 1680362043
2019 1680362043
2020 1680362043
2021 1680362043
2022 1680362043
2023 1680362043
2024 1680362043
2025 1680362043
2026 1680362043
2027 1680362043
2028 1680362043
2029 1680362043
2030 1680362043
2031 1680362043
2032 1680362043
2033 1680362043
2034 1680362043
2035 1680362043
2036 1680362043
2037 1680362043
2038 1680362043
2039 1680362043
2040 1680362043
2041 1680362043
2042 1680362044
2043 1680362044
2044 1680362044
2045 1680362044
2046 1680362044
2047 1680362044
2048 1680362044
2049 1680362044
2050 1680362044
2051 1680362044
2052 1680362044
2053 1680362044
2054 1680362044
2055 1680362044
2056 1680362044
2057 1680362044
2058 1680362044
2059 1680362044
2060 1680362044
2061 1680362044
2062 1680362044
2063 1680362044
2064 1680362044
2065 1680362044
2066 1680362044
2067 1680362044
2068 1680362044
2069 1680362044
2070 1680362044
2071 1680362045
2072 1680362045
2073 1680362045
2074 1680362045
2075 1680362045
2076 1680362045
2077 1680362045
2078 1680362045
2079 1680362045
2080 1680362045
2081 1680362045
2082 1680362045
2083 1680362045
2084 1680362045
2085 1680362045
2086 1680362045
2087 1680362045
2088 1680362045
2089 1680362045
2090 1680362045
2091 1680362045
2092 1680362045
2093 1680362045
2094 1680362045
2095 1680362045
2096 1680362045
2097 1680362045
2098 1680362045
2099 1680362045
2100 1680362045
2101 1680362046
2102 1680362046
2103 1680362046
2104 1680362046
2105 1680362046
2106 1680362046
2107 1680362046
2108 1680362046
2109 1680362046
2110 1680362046
2111 1680362046
2112 1680362046
2113 1680362046
2114 1680362046
2115 1680362046
2116 1680362046
2117 1680362046
2118 1680362046
2119 1680362046
2120 1680362046
2121 1680362046
2122 1680362046
2123 1680362046
2124 1680362046
2125 1680362046
2126 1680362046
2127 1680362046
2128 1680362046
2129 1680362046
2130 1680362046
2131 1680362047
2132 1680362047
2133 1680362047
2134 1680362047
2135 1680362047
2136 1680362047
2137 1680362047
2138 1680362047
2139 1680362047
2140 1680362047
2141 1680362047
2142 1680362047
2143 1680362047
2144 1680362047
2145 1680362047
2146 1680362047
2147 1680362047
2148 1680362047
2149 1680362047
2150 1680362047
2151 1680362047
2152 1680362047
2153 1680362047
2154 1680362047
2155 1680362047
2156 1680362047
2157 1680362047
2158 1680362047
2159 1680362047
2160 1680362047
2161 1680362048
2162 1680362048
2163 1680362048
2164 1680362048
2165 1680362048
2166 1680362048
2167 1680362048
2168 1680362048
2169 1680362048
2170 1680362048
2171 1680362048
2172 1680362048
2173 1680362048
2174 1680362048
2175 1680362048
2176 1680362048
2177 1680362048
2178 1680362048
2179 1680362048
2180 1680362048
2181 1680362048
2182 1680362048
2183 1680362048
2184 1680362048
2185 1680362048
2186 1680362048
2187 1680362048
2188 1680362048
2189 1680362048
2190 1680362049
2191 1680362049
2192 1680362049
2193 1680362049
2194 1680362049
2195 1680362049
2196 1680362049
2197 1680362049
2198 1680362049
2199 1680362049
2200 1680362049
2201 1680362049
2202 1680362049
2203 1680362049
2204 1680362049
2205 1680362049
2206 1680362049
2207 1680362049
2208 1680362049
2209 1680362049
2210 1680362049
2211 1680362049
2212 1680362049
2213 1680362049
2214 1680362049
2215 1680362049
2216 1680362049
2217 1680362049
2218 1680362049
2219 1680362049
2220 1680362050
2221 1680362050
2222 1680362050
2223 1680362050
2224 1680362050
2225 1680362050
2226 1680362050
2227 1680362050
2228 1680362050
2229 1680362050
2230 1680362050
2231 1680362050
2232 1680362050
2233 1680362050
2234 1680362050
2235 1680362050
2236 1680362050
2237 1680362050
2238 1680362050
2239 1680362050
2240 1680362050
2241 1680362050
2242 1680362050
2243 1680362050
2244 1680362050
2245 1680362050
2246 1680362050
2247 1680362050
2248 1680362050
2249 1680362050
2250 1680362051
2251 1680362051
2252 1680362051
2253 1680362051
2254 1680362051
2255 1680362051
2256 1680362051
2257 1680362051
2258 1680362051
2259 1680362051
2260 1680362051
2261 1680362051
2262 1680362051
2263 1680362051
2264 1680362051
2265 1680362051
2266 1680362051
2267 1680362051
2268 1680362051
2269 1680362051
2270 1680362051
2271 1680362051
2272 1680362051
2273 1680362051
2274 1680362051
2275 1680362051
2276 1680362051
2277 1680362051
2278 1680362051
2279 1680362052
2280 1680362052
2281 1680362052
2282 1680362052
2283 1680362052
2284 1680362052
2285 1680362052
2286 1680362052
2287 1680362052
2288 1680362052
2289 1680362052
2290 1680362052
2291 1680362052
2292 1680362052
2293 1680362052
2294 1680362052
2295 1680362052
2296 1680362052
2297 1680362052
2298 1680362052
2299 1680362052
2300 1680362052
2301 1680362052
2302 1680362052
2303 1680362052
2304 1680362052
2305 1680362052
2306 1680362052
2307 1680362052
2308 1680362053
2309 1680362053
2310 1680362053
2311 1680362053
2312 1680362053
2313 1680362053
2314 1680362053
2315 1680362053
2316 1680362053
2317 1680362053
2318 1680362053
2319 1680362053
2320 1680362053
2321 1680362053
2322 1680362053
2323 1680362053
2324 1680362053
2325 1680362053
2326 1680362053
2327 1680362053
2328 1680362053
2329 1680362053
2330 1680362053
2331 1680362053
2332 1680362053
2333 1680362053
2334 1680362053
2335 1680362053
2336 1680362053
2337 1680362053
2338 1680362054
2339 1680362054
2340 1680362054
2341 1680362054
2342 1680362054
2343 1680362054
2344 1680362054
2345 1680362054
2346 1680362054
2347 1680362054
2348 1680362054
2349 1680362054
2350 1680362054
2351 1680362054
2352 1680362054
2353 1680362054
2354 1680362054
2355 1680362054
2356 1680362054
2357 1680362054
2358 1680362054
2359 1680362054
2360 1680362054
2361 1680362054
2362 1680362054
2363 1680362054
2364 1680362054
2365 1680362054
2366 1680362054
2367 1680362055
2368 1680362055
2369 1680362055
2370 1680362055
2371 1680362055
2372 1680362055
2373 1680362055
2374 1680362055
2375 1680362055
2376 1680362055
2377 1680362055
2378 1680362055
2379 1680362055
2380 1680362055
2381 1680362055
2382 1680362055
2383 1680362055
2384 1680362055
2385 1680362055
2386 1680362055
2387 1680362055
2388 1680362055
2389 1680362055
2390 1680362055
2391 1680362055
2392 1680362055
2393 1680362055
2394 1680362055
2395 1680362055
2396 1680362055
2397 1680362056
2398 1680362056
2399 1680362056
2400 1680362056
2401 1680362056
2402 1680362056
2403 1680362056
2404 1680362056
2405 1680362056
2406 1680362056
2407 1680362056
2408 1680362056
2409 1680362056
2410 1680362056
2411 1680362056
2412 1680362056
2413 1680362056
2414 1680362056
2415 1680362056
2416 1680362056
2417 1680362056
2418 1680362056
2419 1680362056
2420 1680362056
2421 1680362056
2422 1680362056
2423 1680362056
2424 1680362056
2425 1680362057
2426 1680362057
2427 1680362057
2428 1680362057
2429 1680362057
2430 1680362057
2431 1680362057
2432 1680362057
2433 1680362057
2434 1680362057
2435 1680362057
2436 1680362057
2437 1680362057
2438 1680362057
2439 1680362057
2440 1680362057
2441 1680362057
2442 1680362057
2443 1680362057
2444 1680362057
2445 1680362057
2446 1680362057
2447 1680362057
2448 1680362057
2449 1680362057
2450 1680362057
2451 1680362057
2452 1680362057
2453 1680362057
2454 1680362058
2455 1680362058
2456 1680362058
2457 1680362058
2458 1680362058
2459 1680362058
2460 1680362058
2461 1680362058
2462 1680362058
2463 1680362058
2464 1680362058
2465 1680362058
2466 1680362058
2467 1680362058
2468 1680362058
2469 1680362058
2470 1680362058
2471 1680362058
2472 1680362058
2473 1680362058
2474 1680362058
2475 1680362058
2476 1680362058
2477 1680362058
2478 1680362058
2479 1680362058
2480 1680362058
2481 1680362058
2482 1680362058
2483 1680362059
2484 1680362059
2485 1680362059
2486 1680362059
2487 1680362059
2488 1680362059
2489 1680362059
2490 1680362059
2491 1680362059
2492 1680362059
2493 1680362059
2494 1680362059
2495 1680362059
2496 1680362059
2497 1680362059
2498 1680362059
2499 1680362059
2500 1680362059
2501 1680362059
2502 1680362059
2503 1680362059
2504 1680362059
2505 1680362059
2506 1680362059
2507 1680362059
2508 1680362059
2509 1680362059
2510 1680362059
2511 1680362059
2512 1680362059
2513 1680362060
2514 1680362060
2515 1680362060
2516 1680362060
2517 1680362060
2518 1680362060
2519 1680362060
2520 1680362060
2521 1680362060
2522 1680362060
2523 1680362060
2524 1680362060
2525 1680362060
2526 1680362060
2527 1680362060
2528 1680362060
2529 1680362060
2530 1680362060
2531 1680362060
2532 1680362060
2533 1680362060
2534 1680362060
2535 1680362060
2536 1680362060
2537 1680362060
2538 1680362060
2539 1680362060
2540 1680362060
2541 1680362060
2542 1680362061
2543 1680362061
2544 1680362061
2545 1680362061
2546 1680362061
2547 1680362061
2548 1680362061
2549 1680362061
2550 1680362061
2551 1680362061
2552 1680362061
2553 1680362061
2554 1680362061
2555 1680362061
2556 1680362061
2557 1680362061
2558 1680362061
2559 1680362061
2560 1680362061
2561 1680362061
2562 1680362061
2563 1680362061
2564 1680362061
2565 1680362061
2566 1680362061
2567 1680362061
2568 1680362061
2569 1680362061
2570 1680362061
2571 1680362061
2572 1680362062
2573 1680362062
2574 1680362062
2575 1680362062
2576 1680362062
2577 1680362062
2578 1680362062
2579 1680362062
2580 1680362062
2581 1680362062
2582 1680362062
2583 1680362062
2584 1680362062
2585 1680362062
2586 1680362062
2587 1680362062
2588 1680362062
2589 1680362062
2590 1680362062
2591 1680362062
2592 1680362062
2593 1680362062
2594 1680362062
2595 1680362062
2596 1680362062
2597 1680362062
2598 1680362062
2599 1680362062
2600 1680362062
2601 1680362063
2602 1680362063
2603 1680362063
2604 1680362063
2605 1680362063
2606 1680362063
2607 1680362063
2608 1680362063
2609 1680362063
2610 1680362063
2611 1680362063
2612 1680362063
2613 1680362063
2614 1680362063
2615 1680362063
2616 1680362063
2617 1680362063
2618 1680362063
2619 1680362063
2620 1680362063
2621 1680362063
2622 1680362063
2623 1680362063
2624 1680362063
2625 1680362063
2626 1680362063
2627 1680362063
2628 1680362063
2629 1680362063
2630 1680362063
2631 1680362064
2632 1680362064
2633 1680362064
2634 1680362064
2635 1680362064
2636 1680362064
2637 1680362064
2638 1680362064
2639 1680362064
2640 1680362064
2641 1680362064
2642 1680362064
2643 1680362064
2644 1680362064
2645 1680362064
2646 1680362064
2647 1680362064
2648 1680362064
2649 1680362064
2650 1680362064
2651 1680362064
2652 1680362064
2653 1680362064
2654 1680362064
2655 1680362064
2656 1680362064
2657 1680362064
2658 1680362064
2659 1680362064
2660 1680362064
2661 1680362065
2662 1680362065
2663 1680362065
2664 1680362065
2665 1680362065
2666 1680362065
2667 1680362065
2668 1680362065
2669 1680362065
2670 1680362065
2671 1680362065
2672 1680362065
2673 1680362065
2674 1680362065
2675 1680362065
2676 1680362065
2677 1680362065
2678 1680362065
2679 1680362065
2680 1680362065
2681 1680362065
2682 1680362065
2683 1680362065
2684 1680362065
2685 1680362065
2686 1680362065
2687 1680362065
2688 1680362065
2689 1680362065
2690 1680362066
2691 1680362066
2692 1680362066
2693 1680362066
2694 1680362066
2695 1680362066
2696 1680362066
2697 1680362066
2698 1680362066
2699 1680362066
2700 1680362066
2701 1680362066
2702 1680362066
2703 1680362066
2704 1680362066
2705 1680362066
2706 1680362066
2707 1680362066
2708 1680362066
2709 1680362066
2710 1680362066
2711 1680362066
2712 1680362066
2713 1680362066
2714 1680362066
2715 1680362066
2716 1680362066
2717 1680362066
2718 1680362066
2719 1680362066
2720 1680362067
2721 1680362067
2722 1680362067
2723 1680362067
2724 1680362067
2725 1680362067
2726 1680362067
2727 1680362067
2728 1680362067
2729 1680362067
2730 1680362067
2731 1680362067
2732 1680362067
2733 1680362067
2734 1680362067
2735 1680362067
2736 1680362067
2737 1680362067
2738 1680362067
2739 1680362067
2740 1680362067
2741 1680362067
2742 1680362067
2743 1680362067
2744 1680362067
2745 1680362067
2746 1680362067
2747 1680362067
2748 1680362067
2749 1680362067
2750 1680362068
2751 1680362068
2752 1680362068
2753 1680362068
2754 1680362068
2755 1680362068
2756 1680362068
2757 1680362068
2758 1680362068
2759 1680362068
2760 1680362068
2761 1680362068
2762 1680362068
2763 1680362068
2764 1680362068
2765 1680362068
2766 1680362068
2767 1680362068
2768 1680362068
2769 1680362068
2770 1680362068
2771 1680362068
2772 1680362068
2773 1680362068
2774 1680362068
2775 1680362068
2776 1680362068
2777 1680362068
2778 1680362069
2779 1680362069
2780 1680362069
2781 1680362069
2782 1680362069
2783 1680362069
2784 1680362069
2785 1680362069
2786 1680362069
2787 1680362069
2788 1680362069
2789 1680362069
2790 1680362069
2791 1680362069
2792 1680362069
2793 1680362069
2794 1680362069
2795 1680362069
2796 1680362069
2797 1680362069
2798 1680362069
2799 1680362069
2800 1680362069
2801 1680362069
2802 1680362069
2803 1680362069
2804 1680362069
2805 1680362069
2806 1680362069
2807 1680362070
2808 1680362070
2809 1680362070
2810 1680362070
2811 1680362070
2812 1680362070
2813 1680362070
2814 1680362070
2815 1680362070
2816 1680362070
2817 1680362070
2818 1680362070
2819 1680362070
2820 1680362070
2821 1680362070
2822 1680362070
2823 1680362070
2824 1680362070
2825 1680362070
2826 1680362070
2827 1680362070
2828 1680362070
2829 1680362070
2830 1680362070
2831 1680362070
2832 1680362070
2833 1680362070
2834 1680362070
2835 1680362070
2836 1680362070
2837 1680362071
2838 1680362071
2839 1680362071
2840 1680362071
2841 1680362071
2842 1680362071
2843 1680362071
2844 1680362071
2845 1680362071
2846 1680362071
2847 1680362071
2848 1680362071
2849 1680362071
2850 1680362071
2851 1680362071
2852 1680362071
2853 1680362071
2854 1680362071
2855 1680362071
2856 1680362071
2857 1680362071
2858 1680362071
2859 1680362071
2860 1680362071
2861 1680362071
2862 1680362071
2863 1680362071
2864 1680362071
2865 1680362071
2866 1680362072
2867 1680362072
2868 1680362072
2869 1680362072
2870 1680362072
2871 1680362072
2872 1680362072
2873 1680362072
2874 1680362072
2875 1680362072
2876 1680362072
2877 1680362072
2878 1680362072
2879 1680362072
2880 1680362072
2881 1680362072
2882 1680362072
2883 1680362072
2884 1680362072
2885 1680362072
2886 1680362072
2887 1680362072
2888 1680362072
2889 1680362072
2890 1680362072
2891 1680362072
2892 1680362072
2893 1680362072
2894 1680362072
2895 1680362072
2896 1680362073
2897 1680362073
2898 1680362073
2899 1680362073
2900 1680362073
2901 1680362073
2902 1680362073
2903 1680362073
2904 1680362073
2905 1680362073
2906 1680362073
2907 1680362073
2908 1680362073
2909 1680362073
2910 1680362073
2911 1680362073
2912 1680362073
2913 1680362073
2914 1680362073
2915 1680362073
2916 1680362073
2917 1680362073
2918 1680362073
2919 1680362073
2920 1680362073
2921 1680362073
2922 1680362073
2923 1680362073
2924 1680362073
2925 1680362074
2926 1680362074
2927 1680362074
2928 1680362074
2929 1680362074
2930 1680362074
2931 1680362074
2932 1680362074
2933 1680362074
2934 1680362074
2935 1680362074
2936 1680362074
2937 1680362074
2938 1680362074
2939 1680362074
2940 1680362074
2941 1680362074
2942 1680362074
2943 1680362074
2944 1680362074
2945 1680362074
2946 1680362074
2947 1680362074
2948 1680362074
2949 1680362074
2950 1680362074
2951 1680362074
2952 1680362074
2953 1680362074
2954 1680362074
2955 1680362075
2956 1680362075
2957 1680362075
2958 1680362075
2959 1680362075
2960 1680362075
2961 1680362075
2962 1680362075
2963 1680362075
2964 1680362075
2965 1680362075
2966 1680362075
2967 1680362075
2968 1680362075
2969 1680362075
2970 1680362075
2971 1680362075
2972 1680362075
2973 1680362075
2974 1680362075
2975 1680362075
2976 1680362075
2977 1680362075
2978 1680362075
2979 1680362075
2980 1680362075
2981 1680362075
2982 1680362075
2983 1680362075
2984 1680362076
2985 1680362076
2986 1680362076
2987 1680362076
2988 1680362076
2989 1680362076
2990 1680362076
2991 1680362076
2992 1680362076
2993 1680362076
2994 1680362076
2995 1680362076
2996 1680362076
2997 1680362076
2998 1680362076
2999 1680362076
3000 1680362076
3001 1680362076
3002 1680362076
3003 1680362076
3004 1680362076
3005 1680362076
3006 1680362076
3007 1680362076
3008 1680362076
3009 1680362076
3010 1680362076
3011 1680362076
3012 1680362076
3013 1680362076
3014 1680362077
3015 1680362077
3016 1680362077
3017 1680362077
3018 1680362077
3019 1680362077
3020 1680362077
3021 1680362077
3022 1680362077
3023 1680362077
3024 1680362077
3025 1680362077
3026 1680362077
3027 1680362077
3028 1680362077
3029 1680362077
3030 1680362077
3031 1680362077
3032 1680362077
3033 1680362077
3034 1680362077
3035 1680362077
3036 1680362077
3037 1680362077
3038 1680362077
3039 1680362077
3040 1680362077
3041 1680362077
3042 1680362077
3043 1680362077
3044 1680362078
3045 1680362078
3046 1680362078
3047 1680362078
3048 1680362078
3049 1680362078
3050 1680362078
3051 1680362078
3052 1680362078
3053 1680362078
3054 1680362078
3055 1680362078
3056 1680362078
3057 1680362078
3058 1680362078
3059 1680362078
3060 1680362078
3061 1680362078
3062 1680362078
3063 1680362078
3064 1680362078
3065 1680362078
3066 1680362078
3067 1680362078
3068 1680362078
3069 1680362078
3070 1680362078
3071 1680362078
3072 1680362078
3073 1680362078
3074 1680362079
3075 1680362079
3076 1680362079
3077 1680362079
3078 1680362079
3079 1680362079
3080 1680362079
3081 1680362079
3082 1680362079
3083 1680362079
3084 1680362079
3085 1680362079
3086 1680362079
3087 1680362079
3088 1680362079
3089 1680362079
3090 1680362079
3091 1680362079
3092 1680362079
3093 1680362079
3094 1680362079
3095 1680362079
3096 1680362079
3097 1680362079
3098 1680362079
3099 1680362079
3100 1680362079
3101 1680362079
3102 1680362080
3103 1680362080
3104 1680362080
3105 1680362080
3106 1680362080
3107 1680362080
3108 1680362080
3109 1680362080
3110 1680362080
3111 1680362080
3112 1680362080
3113 1680362080
3114 1680362080
3115 1680362080
3116 1680362080
3117 1680362080
3118 1680362080
3119 1680362080
3120 1680362080
3121 1680362080
3122 1680362080
3123 1680362080
3124 1680362080
3125 1680362080
3126 1680362080
3127 1680362080
3128 1680362080
3129 1680362080
3130 1680362080
3131 1680362080
3132 1680362081
3133 1680362081
3134 1680362081
3135 1680362081
3136 1680362081
3137 1680362081
3138 1680362081
3139 1680362081
3140 1680362081
3141 1680362081
3142 1680362081
3143 1680362081
3144 1680362081
3145 1680362081
3146 1680362081
3147 1680362081
3148 1680362081
3149 1680362081
3150 1680362081
3151 1680362081
3152 1680362081
3153 1680362081
3154 1680362081
3155 1680362081
3156 1680362081
3157 1680362081
3158 1680362081
3159 1680362081
3160 1680362081
3161 1680362082
3162 1680362082
3163 1680362082
3164 1680362082
3165 1680362082
3166 1680362082
3167 1680362082
3168 1680362082
3169 1680362082
3170 1680362082
3171 1680362082
3172 1680362082
3173 1680362082
3174 1680362082
3175 1680362082
3176 1680362082
3177 1680362082
3178 1680362082
3179 1680362082
3180 1680362082
3181 1680362082
3182 1680362082
3183 1680362082
3184 1680362082
3185 1680362082
3186 1680362082
3187 1680362082
3188 1680362082
3189 1680362082
3190 1680362082
3191 1680362083
3192 1680362083
3193 1680362083
3194 1680362083
3195 1680362083
3196 1680362083
3197 1680362083
3198 1680362083
3199 1680362083
3200 1680362083
3201 1680362083
3202 1680362083
3203 1680362083
3204 1680362083
3205 1680362083
3206 1680362083
3207 1680362083
3208 1680362083
3209 1680362083
3210 1680362083
3211 1680362083
3212 1680362083
3213 1680362083
3214 1680362083
3215 1680362083
3216 1680362083
3217 1680362083
3218 1680362083
3219 1680362083
3220 1680362083
3221 1680362084
3222 1680362084
3223 1680362084
3224 1680362084
3225 1680362084
3226 1680362084
3227 1680362084
3228 1680362084
3229 1680362084
3230 1680362084
3231 1680362084
3232 1680362084
3233 1680362084
3234 1680362084
3235 1680362084
3236 1680362084
3237 1680362084
3238 1680362084
3239 1680362084
3240 1680362084
3241 1680362084
3242 1680362084
3243 1680362084
3244 1680362084
3245 1680362084
3246 1680362084
3247 1680362084
3248 1680362084
3249 1680362084
3250 1680362085
3251 1680362085
3252 1680362085
3253 1680362085
3254 1680362085
3255 1680362085
3256 1680362085
3257 1680362085
3258 1680362085
3259 1680362085
3260 1680362085
3261 1680362085
3262 1680362085
3263 1680362085
3264 1680362085
3265 1680362085
3266 1680362085
3267 1680362085
3268 1680362085
3269 1680362085
3270 1680362085
3271 1680362085
3272 1680362085
3273 1680362085
3274 1680362085
3275 1680362085
3276 1680362085
3277 1680362085
3278 1680362085
3279 1680362086
3280 1680362086
3281 1680362086
3282 1680362086
3283 1680362086
3284 1680362086
3285 1680362086
3286 1680362086
3287 1680362086
3288 1680362086
3289 1680362086
3290 1680362086
3291 1680362086
3292 1680362086
3293 1680362086
3294 1680362086
3295 1680362086
3296 1680362086
3297 1680362086
3298 1680362086
3299 1680362086
3300 1680362086
3301 1680362086
3302 1680362086
3303 1680362086
3304 1680362086
3305 1680362086
3306 1680362086
3307 1680362086
3308 1680362086
3309 1680362086
3310 1680362087
3311 1680362087
3312 1680362087
3313 1680362087
3314 1680362087
3315 1680362087
3316 1680362087
3317 1680362087
3318 1680362087
3319 1680362087
3320 1680362087
3321 1680362087
3322 1680362087
3323 1680362087
3324 1680362087
3325 1680362087
3326 1680362087
3327 1680362087
3328 1680362087
3329 1680362087
3330 1680362087
3331 1680362087
3332 1680362087
3333 1680362087
3334 1680362087
3335 1680362087
3336 1680362087
3337 1680362087
3338 1680362087
3339 1680362087
3340 1680362088
3341 1680362088
3342 1680362088
3343 1680362088
3344 1680362088
3345 1680362088
3346 1680362088
3347 1680362088
3348 1680362088
3349 1680362088
3350 1680362088
3351 1680362088
3352 1680362088
3353 1680362088
3354 1680362088
3355 1680362088
3356 1680362088
3357 1680362088
3358 1680362088
3359 1680362088
3360 1680362088
3361 1680362088
3362 1680362088
3363 1680362088
3364 1680362088
3365 1680362088
3366 1680362088
3367 1680362088
3368 1680362088
3369 1680362089
3370 1680362089
3371 1680362089
3372 1680362089
3373 1680362089
3374 1680362089
3375 1680362089
3376 1680362089
3377 1680362089
3378 1680362089
3379 1680362089
3380 1680362089
3381 1680362089
3382 1680362089
3383 1680362089
3384 1680362089
3385 1680362089
3386 1680362089
3387 1680362089
3388 1680362089
3389 1680362089
3390 1680362089
3391 1680362089
3392 1680362089
3393 1680362089
3394 1680362089
3395 1680362089
3396 1680362089
3397 1680362089
3398 1680362089
3399 1680362090
3400 1680362090
3401 1680362090
3402 1680362090
3403 1680362090
3404 1680362090
3405 1680362090
3406 1680362090
3407 1680362090
3408 1680362090
3409 1680362090
3410 1680362090
3411 1680362090
3412 1680362090
3413 1680362090
3414 1680362090
3415 1680362090
3416 1680362090
3417 1680362090
3418 1680362090
3419 1680362090
3420 1680362090
3421 1680362090
3422 1680362090
3423 1680362090
3424 1680362090
3425 1680362090
3426 1680362090
3427 1680362090
3428 1680362090
3429 1680362091
3430 1680362091
3431 1680362091
3432 1680362091
3433 1680362091
3434 1680362091
3435 1680362091
3436 1680362091
3437 1680362091
3438 1680362091
3439 1680362091
3440 1680362091
3441 1680362091
3442 1680362091
3443 1680362091
3444 1680362091
3445 1680362091
3446 1680362091
3447 1680362091
3448 1680362091
3449 1680362091
3450 1680362091
3451 1680362091
3452 1680362091
3453 1680362091
3454 1680362091
3455 1680362091
3456 1680362091
3457 1680362091
3458 1680362091
3459 1680362092
3460 1680362092
3461 1680362092
3462 1680362092
3463 1680362092
3464 1680362092
3465 1680362092
3466 1680362092
3467 1680362092
3468 1680362092
3469 1680362092
3470 1680362092
3471 1680362092
3472 1680362092
3473 1680362092
3474 1680362092
3475 1680362092
3476 1680362092
3477 1680362092
3478 1680362092
3479 1680362092
3480 1680362092
3481 1680362092
3482 1680362092
3483 1680362092
3484 1680362092
3485 1680362092
3486 1680362092
3487 1680362092
3488 1680362093
3489 1680362093
3490 1680362093
3491 1680362093
3492 1680362093
3493 1680362093
3494 1680362093
3495 1680362093
3496 1680362093
3497 1680362093
3498 1680362093
3499 1680362093
3500 1680362093
3501 1680362093
3502 1680362093
3503 1680362093
3504 1680362093
3505 1680362093
3506 1680362093
3507 1680362093
3508 1680362093
3509 1680362093
3510 1680362093
3511 1680362093
3512 1680362093
3513 1680362093
3514 1680362093
3515 1680362093
3516 1680362094
3517 1680362094
3518 1680362094
3519 1680362094
3520 1680362094
3521 1680362094
3522 1680362094
3523 1680362094
3524 1680362094
3525 1680362094
3526 1680362094
3527 1680362094
3528 1680362094
3529 1680362094
3530 1680362094
3531 1680362094
3532 1680362094
3533 1680362094
3534 1680362094
3535 1680362094
3536 1680362094
3537 1680362094
3538 1680362094
3539 1680362094
3540 1680362094
3541 1680362094
3542 1680362094
3543 1680362094
3544 1680362094
3545 1680362094
3546 1680362095
3547 1680362095
3548 1680362095
3549 1680362095
3550 1680362095
3551 1680362095
3552 1680362095
3553 1680362095
3554 1680362095
3555 1680362095
3556 1680362095
3557 1680362095
3558 1680362095
3559 1680362095
3560 1680362095
3561 1680362095
3562 1680362095
3563 1680362095
3564 1680362095
3565 1680362095
3566 1680362095
3567 1680362095
3568 1680362095
3569 1680362095
3570 1680362095
3571 1680362095
3572 1680362095
3573 1680362095
3574 1680362095
3575 1680362095
3576 1680362096
3577 1680362096
3578 1680362096
3579 1680362096
3580 1680362096
3581 1680362096
3582 1680362096
3583 1680362096
3584 1680362096
3585 1680362096
3586 1680362096
3587 1680362096
3588 1680362096
3589 1680362096
3590 1680362096
3591 1680362096
3592 1680362096
3593 1680362096
3594 1680362096
3595 1680362096
3596 1680362096
3597 1680362096
3598 1680362096
3599 1680362096
3600 1680362096
3601 1680362096
3602 1680362096
3603 1680362096
3604 1680362096
3605 1680362096
3606 1680362097
3607 1680362097
3608 1680362097
3609 1680362097
3610 1680362097
3611 1680362097
3612 1680362097
3613 1680362097
3614 1680362097
3615 1680362097
3616 1680362097
3617 1680362097
3618 1680362097
3619 1680362097
3620 1680362097
3621 1680362097
3622 1680362097
3623 1680362097
3624 1680362097
3625 1680362097
3626 1680362097
3627 1680362097
3628 1680362097
3629 1680362097
3630 1680362097
3631 1680362097
3632 1680362097
3633 1680362097
3634 1680362097
3635 1680362098
3636 1680362098
3637 1680362098
3638 1680362098
3639 1680362098
3640 1680362098
3641 1680362098
3642 1680362098
3643 1680362098
3644 1680362098
3645 1680362098
3646 1680362098
3647 1680362098
3648 1680362098
3649 1680362098
3650 1680362098
3651 1680362098
3652 1680362098
3653 1680362098
3654 1680362098
3655 1680362098
3656 1680362098
3657 1680362098
3658 1680362098
3659 1680362098
3660 1680362098
3661 1680362098
3662 1680362098
3663 1680362099
3664 1680362099
3665 1680362099
3666 1680362099
3667 1680362099
3668 1680362099
3669 1680362099
3670 1680362099
3671 1680362099
3672 1680362099
3673 1680362099
3674 1680362099
3675 1680362099
3676 1680362099
3677 1680362099
3678 1680362099
3679 1680362099
3680 1680362099
3681 1680362099
3682 1680362099
3683 1680362099
3684 1680362099
3685 1680362099
3686 1680362099
3687 1680362099
3688 1680362099
3689 1680362099
3690 1680362099
3691 1680362099
3692 1680362100
3693 1680362100
3694 1680362100
3695 1680362100
3696 1680362100
3697 1680362100
3698 1680362100
3699 1680362100
3700 1680362100
3701 1680362100
3702 1680362100
3703 1680362100
3704 1680362100
3705 1680362100
3706 1680362100
3707 1680362100
3708 1680362100
3709 1680362100
3710 1680362100
3711 1680362100
3712 1680362100
3713 1680362100
3714 1680362100
3715 1680362100
3716 1680362100
3717 1680362100
3718 1680362100
3719 1680362100
3720 1680362100
3721 1680362101
3722 1680362101
3723 1680362101
3724 1680362101
3725 1680362101
3726 1680362101
3727 1680362101
3728 1680362101
3729 1680362101
3730 1680362101
3731 1680362101
3732 1680362101
3733 1680362101
3734 1680362101
3735 1680362101
3736 1680362101
3737 1680362101
3738 1680362101
3739 1680362101
3740 1680362101
3741 1680362101
3742 1680362101
3743 1680362101
3744 1680362101
3745 1680362101
3746 1680362101
3747 1680362101
3748 1680362101
3749 1680362101
3750 1680362101
3751 1680362102
3752 1680362102
3753 1680362102
3754 1680362102
3755 1680362102
3756 1680362102
3757 1680362102
3758 1680362102
3759 1680362102
3760 1680362102
3761 1680362102
3762 1680362102
3763 1680362102
3764 1680362102
3765 1680362102
3766 1680362102
3767 1680362102
3768 1680362102
3769 1680362102
3770 1680362102
3771 1680362102
3772 1680362102
3773 1680362102
3774 1680362102
3775 1680362102
3776 1680362102
3777 1680362102
3778 1680362102
3779 1680362102
3780 1680362102
3781 1680362103
3782 1680362103
3783 1680362103
3784 1680362103
3785 1680362103
3786 1680362103
3787 1680362103
3788 1680362103
3789 1680362103
3790 1680362103
3791 1680362103
3792 1680362103
3793 1680362103
3794 1680362103
3795 1680362103
3796 1680362103
3797 1680362103
3798 1680362103
3799 1680362103
3800 1680362103
3801 1680362103
3802 1680362103
3803 1680362103
3804 1680362103
3805 1680362103
3806 1680362103
3807 1680362103
3808 1680362103
3809 1680362103
3810 1680362104
3811 1680362104
3812 1680362104
3813 1680362104
3814 1680362104
3815 1680362104
3816 1680362104
3817 1680362104
3818 1680362104
3819 1680362104
3820 1680362104
3821 1680362104
3822 1680362104
3823 1680362104
3824 1680362104
3825 1680362104
3826 1680362104
3827 1680362104
3828 1680362104
3829 1680362104
3830 1680362104
3831 1680362104
3832 1680362104
3833 1680362104
3834 1680362104
3835 1680362104
3836 1680362104
3837 1680362104
3838 1680362104
3839 1680362104
3840 1680362104
3841 1680362105
3842 1680362105
3843 1680362105
3844 1680362105
3845 1680362105
3846 1680362105
3847 1680362105
3848 1680362105
3849 1680362105
3850 1680362105
3851 1680362105
3852 1680362105
3853 1680362105
3854 1680362105
3855 1680362105
3856 1680362105
3857 1680362105
3858 1680362105
3859 1680362105
3860 1680362105
3861 1680362105
3862 1680362105
3863 1680362105
3864 1680362105
3865 1680362105
3866 1680362105
3867 1680362105
3868 1680362105
3869 1680362106
3870 1680362106
3871 1680362106
3872 1680362106
3873 1680362106
3874 1680362106
3875 1680362106
3876 1680362106
3877 1680362106
3878 1680362106
3879 1680362106
3880 1680362106
3881 1680362106
3882 1680362106
3883 1680362106
3884 1680362106
3885 1680362106
3886 1680362106
3887 1680362106
3888 1680362106
3889 1680362106
3890 1680362106
3891 1680362106
3892 1680362106
3893 1680362106
3894 1680362106
3895 1680362106
3896 1680362106
3897 1680362106
3898 1680362106
3899 1680362106
3900 1680362107
3901 1680362107
3902 1680362107
3903 1680362107
3904 1680362107
3905 1680362107
3906 1680362107
3907 1680362107
3908 1680362107
3909 1680362107
3910 1680362107
3911 1680362107
3912 1680362107
3913 1680362107
3914 1680362107
3915 1680362107
3916 1680362107
3917 1680362107
3918 1680362107
3919 1680362107
3920 1680362107
3921 1680362107
3922 1680362107
3923 1680362107
3924 1680362107
3925 1680362107
3926 1680362107
3927 1680362107
3928 1680362107
3929 1680362108
3930 1680362108
3931 1680362108
3932 1680362108
3933 1680362108
3934 1680362108
3935 1680362108
3936 1680362108
3937 1680362108
3938 1680362108
3939 1680362108
3940 1680362108
3941 1680362108
3942 1680362108
3943 1680362108
3944 1680362108
3945 1680362108
3946 1680362108
3947 1680362108
3948 1680362108
3949 1680362108
3950 1680362108
3951 1680362108
3952 1680362108
3953 1680362108
3954 1680362108
3955 1680362108
3956 1680362108
3957 1680362109
3958 1680362109
3959 1680362109
3960 1680362109
3961 1680362109
3962 1680362109
3963 1680362109
3964 1680362109
3965 1680362109
3966 1680362109
3967 1680362109
3968 1680362109
3969 1680362109
3970 1680362109
3971 1680362109
3972 1680362109
3973 1680362109
3974 1680362109
3975 1680362109
3976 1680362109
3977 1680362109
3978 1680362109
3979 1680362109
3980 1680362109
3981 1680362109
3982 1680362109
3983 1680362109
3984 1680362109
3985 1680362109
3986 1680362109
3987 1680362110
3988 1680362110
3989 1680362110
3990 1680362110
3991 1680362110
3992 1680362110
3993 1680362110
3994 1680362110
3995 1680362110
3996 1680362110
3997 1680362110
3998 1680362110
3999 1680362110
4000 1680362110
4001 1680362110
4002 1680362110
4003 1680362110
4004 1680362110
4005 1680362110
4006 1680362110
4007 1680362110
4008 1680362110
4009 1680362110
4010 1680362110
4011 1680362110
4012 1680362110
4013 1680362110
4014 1680362110
4015 1680362110
4016 1680362110
4017 1680362111
4018 1680362111
4019 1680362111
4020 1680362111
4021 1680362111
4022 1680362111
4023 1680362111
4024 1680362111
4025 1680362111
4026 1680362111
4027 1680362111
4028 1680362111
4029 1680362111
4030 1680362111
4031 1680362111
4032 1680362111
4033 1680362111
4034 1680362111
4035 1680362111
4036 1680362111
4037 1680362111
4038 1680362111
4039 1680362111
4040 1680362111
4041 1680362111
4042 1680362111
4043 1680362111
4044 1680362111
4045 1680362111
4046 1680362112
4047 1680362112
4048 1680362112
4049 1680362112
4050 1680362112
4051 1680362112
4052 1680362112
4053 1680362112
4054 1680362112
4055 1680362112
4056 1680362112
4057 1680362112
4058 1680362112
4059 1680362112
4060 1680362112
4061 1680362112
4062 1680362112
4063 1680362112
4064 1680362112
4065 1680362112
4066 1680362112
4067 1680362112
4068 1680362112
4069 1680362112
4070 1680362112
4071 1680362112
4072 1680362112
4073 1680362112
4074 1680362112
4075 1680362112
4076 1680362113
4077 1680362113
4078 1680362113
4079 1680362113
4080 1680362113
4081 1680362113
4082 1680362113
4083 1680362113
4084 1680362113
4085 1680362113
4086 1680362113
4087 1680362113
4088 1680362113
4089 1680362113
4090 1680362113
4091 1680362113
4092 1680362113
4093 1680362113
4094 1680362113
4095 1680362113
4096 1680362113
4097 1680362113
4098 1680362113
4099 1680362113
4100 1680362113
4101 1680362113
4102 1680362113
4103 1680362113
4104 1680362114
4105 1680362114
4106 1680362114
4107 1680362114
4108 1680362114
4109 1680362114
4110 1680362114
4111 1680362114
4112 1680362114
4113 1680362114
4114 1680362114
4115 1680362114
4116 1680362114
4117 1680362114
4118 1680362114
4119 1680362114
4120 1680362114
4121 1680362114
4122 1680362114
4123 1680362114
4124 1680362114
4125 1680362114
4126 1680362114
4127 1680362114
4128 1680362114
4129 1680362114
4130 1680362114
4131 1680362114
4132 1680362114
4133 1680362114
4134 1680362115
4135 1680362115
4136 1680362115
4137 1680362115
4138 1680362115
4139 1680362115
4140 1680362115
4141 1680362115
4142 1680362115
4143 1680362115
4144 1680362115
4145 1680362115
4146 1680362115
4147 1680362115
4148 1680362115
4149 1680362115
4150 1680362115
4151 1680362115
4152 1680362115
4153 1680362115
4154 1680362115
4155 1680362115
4156 1680362115
4157 1680362115
4158 1680362115
4159 1680362115
4160 1680362115
4161 1680362115
4162 1680362115
4163 1680362116
4164 1680362116
4165 1680362116
4166 1680362116
4167 1680362116
4168 1680362116
4169 1680362116
4170 1680362116
4171 1680362116
4172 1680362116
4173 1680362116
4174 1680362116
4175 1680362116
4176 1680362116
4177 1680362116
4178 1680362116
4179 1680362116
4180 1680362116
4181 1680362116
4182 1680362116
4183 1680362116
4184 1680362116
4185 1680362116
4186 1680362116
4187 1680362116
4188 1680362116
4189 1680362116
4190 1680362116
4191 1680362116
4192 1680362117
4193 1680362117
4194 1680362117
4195 1680362117
4196 1680362117
4197 1680362117
4198 1680362117
4199 1680362117
4200 1680362117
4201 1680362117
4202 1680362117
4203 1680362117
4204 1680362117
4205 1680362117
4206 1680362117
4207 1680362117
4208 1680362117
4209 1680362117
4210 1680362117
4211 1680362117
4212 1680362117
4213 1680362117
4214 1680362117
4215 1680362117
4216 1680362117
4217 1680362117
4218 1680362117
4219 1680362117
4220 1680362117
4221 1680362117
4222 1680362118
4223 1680362118
4224 1680362118
4225 1680362118
4226 1680362118
4227 1680362118
4228 1680362118
4229 1680362118
4230 1680362118
4231 1680362118
4232 1680362118
4233 1680362118
4234 1680362118
4235 1680362118
4236 1680362118
4237 1680362118
4238 1680362118
4239 1680362118
4240 1680362118
4241 1680362118
4242 1680362118
4243 1680362118
4244 1680362118
4245 1680362118
4246 1680362118
4247 1680362118
4248 1680362118
4249 1680362118
4250 1680362118
4251 1680362119
4252 1680362119
4253 1680362119
4254 1680362119
4255 1680362119
4256 1680362119
4257 1680362119
4258 1680362119
4259 1680362119
4260 1680362119
4261 1680362119
4262 1680362119
4263 1680362119
4264 1680362119
4265 1680362119
4266 1680362119
4267 1680362119
4268 1680362119
4269 1680362119
4270 1680362119
4271 1680362119
4272 1680362119
4273 1680362119
4274 1680362119
4275 1680362119
4276 1680362119
4277 1680362119
4278 1680362119
4279 1680362119
4280 1680362119
4281 1680362120
4282 1680362120
4283 1680362120
4284 1680362120
4285 1680362120
4286 1680362120
4287 1680362120
4288 1680362120
4289 1680362120
4290 1680362120
4291 1680362120
4292 1680362120
4293 1680362120
4294 1680362120
4295 1680362120
4296 1680362120
4297 1680362120
4298 1680362120
4299 1680362120
4300 1680362120
4301 1680362120
4302 1680362120
4303 1680362120
4304 1680362120
4305 1680362120
4306 1680362120
4307 1680362120
4308 1680362120
4309 1680362120
4310 1680362121
4311 1680362121
4312 1680362121
4313 1680362121
4314 1680362121
4315 1680362121
4316 1680362121
4317 1680362121
4318 1680362121
4319 1680362121
4320 1680362121
4321 1680362121
4322 1680362121
4323 1680362121
4324 1680362121
4325 1680362121
4326 1680362121
4327 1680362121
4328 1680362121
4329 1680362121
4330 1680362121
4331 1680362121
4332 1680362121
4333 1680362121
4334 1680362121
4335 1680362121
4336 1680362121
4337 1680362121
4338 1680362121
4339 1680362121
4340 1680362122
4341 1680362122
4342 1680362122
4343 1680362122
4344 1680362122
4345 1680362122
4346 1680362122
4347 1680362122
4348 1680362122
4349 1680362122
4350 1680362122
4351 1680362122
4352 1680362122
4353 1680362122
4354 1680362122
4355 1680362122
4356 1680362122
4357 1680362122
4358 1680362122
4359 1680362122
4360 1680362122
4361 1680362122
4362 1680362122
4363 1680362122
4364 1680362122
4365 1680362122
4366 1680362122
4367 1680362122
4368 1680362122
4369 1680362122
4370 1680362123
4371 1680362123
4372 1680362123
4373 1680362123
4374 1680362123
4375 1680362123
4376 1680362123
4377 1680362123
4378 1680362123
4379 1680362123
4380 1680362123
4381 1680362123
4382 1680362123
4383 1680362123
4384 1680362123
4385 1680362123
4386 1680362123
4387 1680362123
4388 1680362123
4389 1680362123
4390 1680362123
4391 1680362123
4392 1680362123
4393 1680362123
4394 1680362123
4395 1680362123
4396 1680362123
4397 1680362123
4398 1680362123
4399 1680362124
4400 1680362124
4401 1680362124
4402 1680362124
4403 1680362124
4404 1680362124
4405 1680362124
4406 1680362124
4407 1680362124
4408 1680362124
4409 1680362124
4410 1680362124
4411 1680362124
4412 1680362124
4413 1680362124
4414 1680362124
4415 1680362124
4416 1680362124
4417 1680362124
4418 1680362124
4419 1680362124
4420 1680362124
4421 1680362124
4422 1680362124
4423 1680362124
4424 1680362124
4425 1680362124
4426 1680362124
4427 1680362124
4428 1680362124
4429 1680362125
4430 1680362125
4431 1680362125
4432 1680362125
4433 1680362125
4434 1680362125
4435 1680362125
4436 1680362125
4437 1680362125
4438 1680362125
4439 1680362125
4440 1680362125
4441 1680362125
4442 1680362125
4443 1680362125
4444 1680362125
4445 1680362125
4446 1680362125
4447 1680362125
4448 1680362125
4449 1680362125
4450 1680362125
4451 1680362125
4452 1680362125
4453 1680362125
4454 1680362125
4455 1680362125
4456 1680362125
4457 1680362126
4458 1680362126
4459 1680362126
4460 1680362126
4461 1680362126
4462 1680362126
4463 1680362126
4464 1680362126
4465 1680362126
4466 1680362126
4467 1680362126
4468 1680362126
4469 1680362126
4470 1680362126
4471 1680362126
4472 1680362126
4473 1680362126
4474 1680362126
4475 1680362126
4476 1680362126
4477 1680362126
4478 1680362126
4479 1680362126
4480 1680362126
4481 1680362126
4482 1680362126
4483 1680362126
4484 1680362126
4485 1680362126
4486 1680362126
4487 1680362127
4488 1680362127
4489 1680362127
4490 1680362127
4491 1680362127
4492 1680362127
4493 1680362127
4494 1680362127
4495 1680362127
4496 1680362127
4497 1680362127
4498 1680362127
4499 1680362127
4500 1680362127
4501 1680362127
4502 1680362127
4503 1680362127
4504 1680362127
4505 1680362127
4506 1680362127
4507 1680362127
4508 1680362127
4509 1680362127
4510 1680362127
4511 1680362127
4512 1680362127
4513 1680362127
4514 1680362127
4515 1680362127
4516 1680362127
4517 1680362128
4518 1680362128
4519 1680362128
4520 1680362128
4521 1680362128
4522 1680362128
4523 1680362128
4524 1680362128
4525 1680362128
4526 1680362128
4527 1680362128
4528 1680362128
4529 1680362128
4530 1680362128
4531 1680362128
4532 1680362128
4533 1680362128
4534 1680362128
4535 1680362128
4536 1680362128
4537 1680362128
4538 1680362128
4539 1680362128
4540 1680362128
4541 1680362128
4542 1680362128
4543 1680362128
4544 1680362128
4545 1680362128
4546 1680362129
4547 1680362129
4548 1680362129
4549 1680362129
4550 1680362129
4551 1680362129
4552 1680362129
4553 1680362129
4554 1680362129
4555 1680362129
4556 1680362129
4557 1680362129
4558 1680362129
4559 1680362129
4560 1680362129
4561 1680362129
4562 1680362129
4563 1680362129
4564 1680362129
4565 1680362129
4566 1680362129
4567 1680362129
4568 1680362129
4569 1680362129
4570 1680362129
4571 1680362129
4572 1680362129
4573 1680362129
4574 1680362129
4575 1680362129
4576 1680362130
4577 1680362130
4578 1680362130
4579 1680362130
4580 1680362130
4581 1680362130
4582 1680362130
4583 1680362130
4584 1680362130
4585 1680362130
4586 1680362130
4587 1680362130
4588 1680362130
4589 1680362130
4590 1680362130
4591 1680362130
4592 1680362130
4593 1680362130
4594 1680362130
4595 1680362130
4596 1680362130
4597 1680362130
4598 1680362130
4599 1680362130
4600 1680362130
4601 1680362130
4602 1680362130
4603 1680362130
4604 1680362130
4605 1680362130
4606 1680362131
4607 1680362131
4608 1680362131
4609 1680362131
4610 1680362131
4611 1680362131
4612 1680362131
4613 1680362131
4614 1680362131
4615 1680362131
4616 1680362131
4617 1680362131
4618 1680362131
4619 1680362131
4620 1680362131
4621 1680362131
4622 1680362131
4623 1680362131
4624 1680362131
4625 1680362131
4626 1680362131
4627 1680362131
4628 1680362131
4629 1680362131
4630 1680362131
4631 1680362131
4632 1680362131
4633 1680362131
4634 1680362131
4635 1680362132
4636 1680362132
4637 1680362132
4638 1680362132
4639 1680362132
4640 1680362132
4641 1680362132
4642 1680362132
4643 1680362132
4644 1680362132
4645 1680362132
4646 1680362132
4647 1680362132
4648 1680362132
4649 1680362132
4650 1680362132
4651 1680362132
4652 1680362132
4653 1680362132
4654 1680362132
4655 1680362132
4656 1680362132
4657 1680362132
4658 1680362132
4659 1680362132
4660 1680362132
4661 1680362132
4662 1680362132
4663 1680362132
4664 1680362132
4665 1680362133
4666 1680362133
4667 1680362133
4668 1680362133
4669 1680362133
4670 1680362133
4671 1680362133
4672 1680362133
4673 1680362133
4674 1680362133
4675 1680362133
4676 1680362133
4677 1680362133
4678 1680362133
4679 1680362133
4680 1680362133
4681 1680362133
4682 1680362133
4683 1680362133
4684 1680362133
4685 1680362133
4686 1680362133
4687 1680362133
4688 1680362133
4689 1680362133
4690 1680362133
4691 1680362133
4692 1680362133
4693 1680362133
4694 1680362133
4695 1680362134
4696 1680362134
4697 1680362134
4698 1680362134
4699 1680362134
4700 1680362134
4701 1680362134
4702 1680362134
4703 1680362134
4704 1680362134
4705 1680362134
4706 1680362134
4707 1680362134
4708 1680362134
4709 1680362134
4710 1680362134
4711 1680362134
4712 1680362134
4713 1680362134
4714 1680362134
4715 1680362134
4716 1680362134
4717 1680362134
4718 1680362134
4719 1680362134
4720 1680362134
4721 1680362134
4722 1680362134
4723 1680362134
4724 1680362134
4725 1680362135
4726 1680362135
4727 1680362135
4728 1680362135
4729 1680362135
4730 1680362135
4731 1680362135
4732 1680362135
4733 1680362135
4734 1680362135
4735 1680362135
4736 1680362135
4737 1680362135
4738 1680362135
4739 1680362135
4740 1680362135
4741 1680362135
4742 1680362135
4743 1680362135
4744 1680362135
4745 1680362135
4746 1680362135
4747 1680362135
4748 1680362135
4749 1680362135
4750 1680362135
4751 1680362135
4752 1680362135
4753 1680362135
4754 1680362136
4755 1680362136
4756 1680362136
4757 1680362136
4758 1680362136
4759 1680362136
4760 1680362136
4761 1680362136
4762 1680362136
4763 1680362136
4764 1680362136
4765 1680362136
4766 1680362136
4767 1680362136
4768 1680362136
4769 1680362136
4770 1680362136
4771 1680362136
4772 1680362136
4773 1680362136
4774 1680362136
4775 1680362136
4776 1680362136
4777 1680362136
4778 1680362136
4779 1680362136
4780 1680362136
4781 1680362136
4782 1680362137
4783 1680362137
4784 1680362137
4785 1680362137
4786 1680362137
4787 1680362137
4788 1680362137
4789 1680362137
4790 1680362137
4791 1680362137
4792 1680362137
4793 1680362137
4794 1680362137
4795 1680362137
4796 1680362137
4797 1680362137
4798 1680362137
4799 1680362137
4800 1680362137
4801 1680362137
4802 1680362137
4803 1680362137
4804 1680362137
4805 1680362137
4806 1680362137
4807 1680362137
4808 1680362137
4809 1680362137
4810 1680362137
4811 1680362138
4812 1680362138
4813 1680362138
4814 1680362138
4815 1680362138
4816 1680362138
4817 1680362138
4818 1680362138
4819 1680362138
4820 1680362138
4821 1680362138
4822 1680362138
4823 1680362138
4824 1680362138
4825 1680362138
4826 1680362138
4827 1680362138
4828 1680362138
4829 1680362138
4830 1680362138
4831 1680362138
4832 1680362138
4833 1680362138
4834 1680362138
4835 1680362138
4836 1680362138
4837 1680362138
4838 1680362138
4839 1680362138
4840 1680362138
4841 1680362139
4842 1680362139
4843 1680362139
4844 1680362139
4845 1680362139
4846 1680362139
4847 1680362139
4848 1680362139
4849 1680362139
4850 1680362139
4851 1680362139
4852 1680362139
4853 1680362139
4854 1680362139
4855 1680362139
4856 1680362139
4857 1680362139
4858 1680362139
4859 1680362139
4860 1680362139
4861 1680362139
4862 1680362139
4863 1680362139
4864 1680362139
4865 1680362139
4866 1680362139
4867 1680362139
4868 1680362139
4869 1680362139
4870 1680362139
4871 1680362140
4872 1680362140
4873 1680362140
4874 1680362140
4875 1680362140
4876 1680362140
4877 1680362140
4878 1680362140
4879 1680362140
4880 1680362140
4881 1680362140
4882 1680362140
4883 1680362140
4884 1680362140
4885 1680362140
4886 1680362140
4887 1680362140
4888 1680362140
4889 1680362140
4890 1680362140
4891 1680362140
4892 1680362140
4893 1680362140
4894 1680362140
4895 1680362140
4896 1680362140
4897 1680362140
4898 1680362140
4899 1680362140
4900 1680362140
4901 1680362141
4902 1680362141
4903 1680362141
4904 1680362141
4905 1680362141
4906 1680362141
4907 1680362141
4908 1680362141
4909 1680362141
4910 1680362141
4911 1680362141
4912 1680362141
4913 1680362141
4914 1680362141
4915 1680362141
4916 1680362141
4917 1680362141
4918 1680362141
4919 1680362141
4920 1680362141
4921 1680362141
4922 1680362141
4923 1680362141
4924 1680362141
4925 1680362141
4926 1680362141
4927 1680362141
4928 1680362141
4929 1680362141
4930 1680362141
4931 1680362142
4932 1680362142
4933 1680362142
4934 1680362142
4935 1680362142
4936 1680362142
4937 1680362142
4938 1680362142
4939 1680362142
4940 1680362142
4941 1680362142
4942 1680362142
4943 1680362142
4944 1680362142
4945 1680362142
4946 1680362142
4947 1680362142
4948 1680362142
4949 1680362142
4950 1680362142
4951 1680362142
4952 1680362142
4953 1680362142
4954 1680362142
4955 1680362142
4956 1680362142
4957 1680362142
4958 1680362142
4959 1680362142
4960 1680362143
4961 1680362143
4962 1680362143
4963 1680362143
4964 1680362143
4965 1680362143
4966 1680362143
4967 1680362143
4968 1680362143
4969 1680362143
4970 1680362143
4971 1680362143
4972 1680362143
4973 1680362143
4974 1680362143
4975 1680362143
4976 1680362143
4977 1680362143
4978 1680362143
4979 1680362143
4980 1680362143
4981 1680362143
4982 1680362143
4983 1680362143
4984 1680362143
4985 1680362143
4986 1680362143
4987 1680362143
4988 1680362143
4989 1680362144
4990 1680362144
4991 1680362144
4992 1680362144
4993 1680362144
4994 1680362144
4995 1680362144
4996 1680362144
4997 1680362144
4998 1680362144
4999 1680362144
5000 1680362144
5001 1680362144
5002 1680362144
5003 1680362144
5004 1680362144
5005 1680362144
5006 1680362144
5007 1680362144
5008 1680362144
5009 1680362144
5010 1680362144
5011 1680362144
5012 1680362144
5013 1680362144
5014 1680362144
5015 1680362144
5016 1680362144
5017 1680362144
5018 1680362145
5019 1680362145
5020 1680362145
5021 1680362145
5022 1680362145
5023 1680362145
5024 1680362145
5025 1680362145
5026 1680362145
5027 1680362145
5028 1680362145
5029 1680362145
5030 1680362145
5031 1680362145
5032 1680362145
5033 1680362145
5034 1680362145
5035 1680362145
5036 1680362145
5037 1680362145
5038 1680362145
5039 1680362145
5040 1680362145
5041 1680362145
5042 1680362145
5043 1680362145
5044 1680362145
5045 1680362145
5046 1680362145
5047 1680362145
5048 1680362146
5049 1680362146
5050 1680362146
5051 1680362146
5052 1680362146
5053 1680362146
5054 1680362146
5055 1680362146
5056 1680362146
5057 1680362146
5058 1680362146
5059 1680362146
5060 1680362146
5061 1680362146
5062 1680362146
5063 1680362146
5064 1680362146
5065 1680362146
5066 1680362146
5067 1680362146
5068 1680362146
5069 1680362146
5070 1680362146
5071 1680362146
5072 1680362146
5073 1680362146
5074 1680362146
5075 1680362146
5076 1680362146
5077 1680362146
5078 1680362147
5079 1680362147
5080 1680362147
5081 1680362147
5082 1680362147
5083 1680362147
5084 1680362147
5085 1680362147
5086 1680362147
5087 1680362147
5088 1680362147
5089 1680362147
5090 1680362147
5091 1680362147
5092 1680362147
5093 1680362147
5094 1680362147
5095 1680362147
5096 1680362147
5097 1680362147
5098 1680362147
5099 1680362147
5100 1680362147
5101 1680362147
5102 1680362147
5103 1680362147
5104 1680362147
5105 1680362147
5106 1680362147
5107 1680362148
5108 1680362148
5109 1680362148
5110 1680362148
5111 1680362148
5112 1680362148
5113 1680362148
5114 1680362148
5115 1680362148
5116 1680362148
5117 1680362148
5118 1680362148
5119 1680362148
5120 1680362148
5121 1680362148
5122 1680362148
5123 1680362148
5124 1680362148
5125 1680362148
5126 1680362148
5127 1680362148
5128 1680362148
5129 1680362148
5130 1680362148
5131 1680362148
5132 1680362148
5133 1680362148
5134 1680362148
5135 1680362148
5136 1680362148
5137 1680362149
5138 1680362149
5139 1680362149
5140 1680362149
5141 1680362149
5142 1680362149
5143 1680362149
5144 1680362149
5145 1680362149
5146 1680362149
5147 1680362149
5148 1680362149
5149 1680362149
5150 1680362149
5151 1680362149
5152 1680362149
5153 1680362149
5154 1680362149
5155 1680362149
5156 1680362149
5157 1680362149
5158 1680362149
5159 1680362149
5160 1680362149
5161 1680362149
5162 1680362149
5163 1680362149
5164 1680362149
5165 1680362149
5166 1680362150
5167 1680362150
5168 1680362150
5169 1680362150
5170 1680362150
5171 1680362150
5172 1680362150
5173 1680362150
5174 1680362150
5175 1680362150
5176 1680362150
5177 1680362150
5178 1680362150
5179 1680362150
5180 1680362150
5181 1680362150
5182 1680362150
5183 1680362150
5184 1680362150
5185 1680362150
5186 1680362150
5187 1680362150
5188 1680362150
5189 1680362150
5190 1680362150
5191 1680362150
5192 1680362150
5193 1680362150
5194 1680362150
5195 1680362150
5196 1680362151
5197 1680362151
5198 1680362151
5199 1680362151
5200 1680362151
5201 1680362151
5202 1680362151
5203 1680362151
5204 1680362151
5205 1680362151
5206 1680362151
5207 1680362151
5208 1680362151
5209 1680362151
5210 1680362151
5211 1680362151
5212 1680362151
5213 1680362151
5214 1680362151
5215 1680362151
5216 1680362151
5217 1680362151
5218 1680362151
5219 1680362151
5220 1680362151
5221 1680362151
5222 1680362151
5223 1680362151
5224 1680362152
5225 1680362152
5226 1680362152
5227 1680362152
5228 1680362152
5229 1680362152
5230 1680362152
5231 1680362152
5232 1680362152
5233 1680362152
5234 1680362152
5235 1680362152
5236 1680362152
5237 1680362152
5238 1680362152
5239 1680362152
5240 1680362152
5241 1680362152
5242 1680362152
5243 1680362152
5244 1680362152
5245 1680362152
5246 1680362152
5247 1680362152
5248 1680362152
5249 1680362152
5250 1680362152
5251 1680362152
5252 1680362152
5253 1680362153
5254 1680362153
5255 1680362153
5256 1680362153
5257 1680362153
5258 1680362153
5259 1680362153
5260 1680362153
5261 1680362153
5262 1680362153
5263 1680362153
5264 1680362153
5265 1680362153
5266 1680362153
5267 1680362153
5268 1680362153
5269 1680362153
5270 1680362153
5271 1680362153
5272 1680362153
5273 1680362153
5274 1680362153
5275 1680362153
5276 1680362153
5277 1680362153
5278 1680362153
5279 1680362153
5280 1680362153
5281 1680362153
5282 1680362153
5283 1680362154
5284 1680362154
5285 1680362154
5286 1680362154
5287 1680362154
5288 1680362154
5289 1680362154
5290 1680362154
5291 1680362154
5292 1680362154
5293 1680362154
5294 1680362154
5295 1680362154
5296 1680362154
5297 1680362154
5298 1680362154
5299 1680362154
5300 1680362154
5301 1680362154
5302 1680362154
5303 1680362154
5304 1680362154
5305 1680362154
5306 1680362154
5307 1680362154
5308 1680362154
5309 1680362154
