1 1680364972
2 1680364972
3 1680364972
4 1680364972
5 1680364972
6 1680364972
7 1680364972
8 1680364972
9 1680364972
10 1680364972
11 1680364972
12 1680364972
13 1680364972
14 1680364972
15 1680364972
16 1680364972
17 1680364972
18 1680364972
19 1680364972
20 1680364972
21 1680364972
22 1680364972
23 1680364973
24 1680364973
25 1680364973
26 1680364973
27 1680364973
28 1680364973
29 1680364973
30 1680364973
31 1680364973
32 1680364973
33 1680364973
34 1680364973
35 1680364973
36 1680364973
37 1680364973
38 1680364973
39 1680364973
40 1680364973
41 1680364973
42 1680364973
43 1680364973
44 1680364973
45 1680364973
46 1680364973
47 1680364973
48 1680364973
49 1680364973
50 1680364973
51 1680364973
52 1680364973
53 1680364974
54 1680364974
55 1680364974
56 1680364974
57 1680364974
58 1680364974
59 1680364974
60 1680364974
61 1680364974
62 1680364974
63 1680364974
64 1680364974
65 1680364974
66 1680364974
67 1680364974
68 1680364974
69 1680364974
70 1680364974
71 1680364974
72 1680364974
73 1680364974
74 1680364974
75 1680364974
76 1680364974
77 1680364974
78 1680364974
79 1680364974
80 1680364974
81 1680364974
82 1680364975
83 1680364975
84 1680364975
85 1680364975
86 1680364975
87 1680364975
88 1680364975
89 1680364975
90 1680364975
91 1680364975
92 1680364975
93 1680364975
94 1680364975
95 1680364975
96 1680364975
97 1680364975
98 1680364975
99 1680364975
100 1680364975
101 1680364975
102 1680364975
103 1680364975
104 1680364975
105 1680364975
106 1680364975
107 1680364975
108 1680364975
109 1680364975
110 1680364975
111 1680364975
112 1680364976
113 1680364976
114 1680364976
115 1680364976
116 1680364976
117 1680364976
118 1680364976
119 1680364976
120 1680364976
121 1680364976
122 1680364976
123 1680364976
124 1680364976
125 1680364976
126 1680364976
127 1680364976
128 1680364976
129 1680364976
130 1680364976
131 1680364976
132 1680364976
133 1680364976
134 1680364976
135 1680364976
136 1680364976
137 1680364976
138 1680364976
139 1680364976
140 1680364976
141 1680364977
142 1680364977
143 1680364977
144 1680364977
145 1680364977
146 1680364977
147 1680364977
148 1680364977
149 1680364977
150 1680364977
151 1680364977
152 1680364977
153 1680364977
154 1680364977
155 1680364977
156 1680364977
157 1680364977
158 1680364977
159 1680364977
160 1680364977
161 1680364977
162 1680364977
163 1680364977
164 1680364977
165 1680364977
166 1680364977
167 1680364977
168 1680364977
169 1680364977
170 1680364977
171 1680364978
172 1680364978
173 1680364978
174 1680364978
175 1680364978
176 1680364978
177 1680364978
178 1680364978
179 1680364978
180 1680364978
181 1680364978
182 1680364978
183 1680364978
184 1680364978
185 1680364978
186 1680364978
187 1680364978
188 1680364978
189 1680364978
190 1680364978
191 1680364978
192 1680364978
193 1680364978
194 1680364978
195 1680364978
196 1680364978
197 1680364978
198 1680364978
199 1680364978
200 1680364978
201 1680364979
202 1680364979
203 1680364979
204 1680364979
205 1680364979
206 1680364979
207 1680364979
208 1680364979
209 1680364979
210 1680364979
211 1680364979
212 1680364979
213 1680364979
214 1680364979
215 1680364979
216 1680364979
217 1680364979
218 1680364979
219 1680364979
220 1680364979
221 1680364979
222 1680364979
223 1680364979
224 1680364979
225 1680364979
226 1680364979
227 1680364979
228 1680364979
229 1680364979
230 1680364980
231 1680364980
232 1680364980
233 1680364980
234 1680364980
235 1680364980
236 1680364980
237 1680364980
238 1680364980
239 1680364980
240 1680364980
241 1680364980
242 1680364980
243 1680364980
244 1680364980
245 1680364980
246 1680364980
247 1680364980
248 1680364980
249 1680364980
250 1680364980
251 1680364980
252 1680364980
253 1680364980
254 1680364980
255 1680364980
256 1680364980
257 1680364980
258 1680364980
259 1680364980
260 1680364981
261 1680364981
262 1680364981
263 1680364981
264 1680364981
265 1680364981
266 1680364981
267 1680364981
268 1680364981
269 1680364981
270 1680364981
271 1680364981
272 1680364981
273 1680364981
274 1680364981
275 1680364981
276 1680364981
277 1680364981
278 1680364981
279 1680364981
280 1680364981
281 1680364981
282 1680364981
283 1680364981
284 1680364981
285 1680364981
286 1680364981
287 1680364981
288 1680364981
289 1680364982
290 1680364982
291 1680364982
292 1680364982
293 1680364982
294 1680364982
295 1680364982
296 1680364982
297 1680364982
298 1680364982
299 1680364982
300 1680364982
301 1680364982
302 1680364982
303 1680364982
304 1680364982
305 1680364982
306 1680364982
307 1680364982
308 1680364982
309 1680364982
310 1680364982
311 1680364982
312 1680364982
313 1680364982
314 1680364982
315 1680364982
316 1680364982
317 1680364983
318 1680364983
319 1680364983
320 1680364983
321 1680364983
322 1680364983
323 1680364983
324 1680364983
325 1680364983
326 1680364983
327 1680364983
328 1680364983
329 1680364983
330 1680364983
331 1680364983
332 1680364983
333 1680364983
334 1680364983
335 1680364983
336 1680364983
337 1680364983
338 1680364983
339 1680364983
340 1680364983
341 1680364983
342 1680364983
343 1680364983
344 1680364983
345 1680364983
346 1680364983
347 1680364984
348 1680364984
349 1680364984
350 1680364984
351 1680364984
352 1680364984
353 1680364984
354 1680364984
355 1680364984
356 1680364984
357 1680364984
358 1680364984
359 1680364984
360 1680364984
361 1680364984
362 1680364984
363 1680364984
364 1680364984
365 1680364984
366 1680364984
367 1680364984
368 1680364984
369 1680364984
370 1680364984
371 1680364984
372 1680364984
373 1680364984
374 1680364984
375 1680364984
376 1680364985
377 1680364985
378 1680364985
379 1680364985
380 1680364985
381 1680364985
382 1680364985
383 1680364985
384 1680364985
385 1680364985
386 1680364985
387 1680364985
388 1680364985
389 1680364985
390 1680364985
391 1680364985
392 1680364985
393 1680364985
394 1680364985
395 1680364985
396 1680364985
397 1680364985
398 1680364985
399 1680364985
400 1680364985
401 1680364985
402 1680364985
403 1680364985
404 1680364985
405 1680364985
406 1680364986
407 1680364986
408 1680364986
409 1680364986
410 1680364986
411 1680364986
412 1680364986
413 1680364986
414 1680364986
415 1680364986
416 1680364986
417 1680364986
418 1680364986
419 1680364986
420 1680364986
421 1680364986
422 1680364986
423 1680364986
424 1680364986
425 1680364986
426 1680364986
427 1680364986
428 1680364986
429 1680364986
430 1680364986
431 1680364986
432 1680364986
433 1680364986
434 1680364986
435 1680364986
436 1680364987
437 1680364987
438 1680364987
439 1680364987
440 1680364987
441 1680364987
442 1680364987
443 1680364987
444 1680364987
445 1680364987
446 1680364987
447 1680364987
448 1680364987
449 1680364987
450 1680364987
451 1680364987
452 1680364987
453 1680364987
454 1680364987
455 1680364987
456 1680364987
457 1680364987
458 1680364987
459 1680364987
460 1680364987
461 1680364987
462 1680364987
463 1680364987
464 1680364987
465 1680364988
466 1680364988
467 1680364988
468 1680364988
469 1680364988
470 1680364988
471 1680364988
472 1680364988
473 1680364988
474 1680364988
475 1680364988
476 1680364988
477 1680364988
478 1680364988
479 1680364988
480 1680364988
481 1680364988
482 1680364988
483 1680364988
484 1680364988
485 1680364988
486 1680364988
487 1680364988
488 1680364988
489 1680364988
490 1680364988
491 1680364988
492 1680364988
493 1680364988
494 1680364989
495 1680364989
496 1680364989
497 1680364989
498 1680364989
499 1680364989
500 1680364989
501 1680364989
502 1680364989
503 1680364989
504 1680364989
505 1680364989
506 1680364989
507 1680364989
508 1680364989
509 1680364989
510 1680364989
511 1680364989
512 1680364989
513 1680364989
514 1680364989
515 1680364989
516 1680364989
517 1680364989
518 1680364989
519 1680364989
520 1680364989
521 1680364989
522 1680364989
523 1680364989
524 1680364990
525 1680364990
526 1680364990
527 1680364990
528 1680364990
529 1680364990
530 1680364990
531 1680364990
532 1680364990
533 1680364990
534 1680364990
535 1680364990
536 1680364990
537 1680364990
538 1680364990
539 1680364990
540 1680364990
541 1680364990
542 1680364990
543 1680364990
544 1680364990
545 1680364990
546 1680364990
547 1680364990
548 1680364990
549 1680364990
550 1680364990
551 1680364990
552 1680364990
553 1680364990
554 1680364991
555 1680364991
556 1680364991
557 1680364991
558 1680364991
559 1680364991
560 1680364991
561 1680364991
562 1680364991
563 1680364991
564 1680364991
565 1680364991
566 1680364991
567 1680364991
568 1680364991
569 1680364991
570 1680364991
571 1680364991
572 1680364991
573 1680364991
574 1680364991
575 1680364991
576 1680364991
577 1680364991
578 1680364991
579 1680364991
580 1680364991
581 1680364991
582 1680364991
583 1680364991
584 1680364992
585 1680364992
586 1680364992
587 1680364992
588 1680364992
589 1680364992
590 1680364992
591 1680364992
592 1680364992
593 1680364992
594 1680364992
595 1680364992
596 1680364992
597 1680364992
598 1680364992
599 1680364992
600 1680364992
601 1680364992
602 1680364992
603 1680364992
604 1680364992
605 1680364992
606 1680364992
607 1680364992
608 1680364992
609 1680364992
610 1680364992
611 1680364992
612 1680364992
613 1680364993
614 1680364993
615 1680364993
616 1680364993
617 1680364993
618 1680364993
619 1680364993
620 1680364993
621 1680364993
622 1680364993
623 1680364993
624 1680364993
625 1680364993
626 1680364993
627 1680364993
628 1680364993
629 1680364993
630 1680364993
631 1680364993
632 1680364993
633 1680364993
634 1680364993
635 1680364993
636 1680364993
637 1680364993
638 1680364993
639 1680364993
640 1680364993
641 1680364993
642 1680364993
643 1680364994
644 1680364994
645 1680364994
646 1680364994
647 1680364994
648 1680364994
649 1680364994
650 1680364994
651 1680364994
652 1680364994
653 1680364994
654 1680364994
655 1680364994
656 1680364994
657 1680364994
658 1680364994
659 1680364994
660 1680364994
661 1680364994
662 1680364994
663 1680364994
664 1680364994
665 1680364994
666 1680364994
667 1680364994
668 1680364994
669 1680364994
670 1680364994
671 1680364994
672 1680364995
673 1680364995
674 1680364995
675 1680364995
676 1680364995
677 1680364995
678 1680364995
679 1680364995
680 1680364995
681 1680364995
682 1680364995
683 1680364995
684 1680364995
685 1680364995
686 1680364995
687 1680364995
688 1680364995
689 1680364995
690 1680364995
691 1680364995
692 1680364995
693 1680364995
694 1680364995
695 1680364995
696 1680364995
697 1680364995
698 1680364995
699 1680364995
700 1680364995
701 1680364996
702 1680364996
703 1680364996
704 1680364996
705 1680364996
706 1680364996
707 1680364996
708 1680364996
709 1680364996
710 1680364996
711 1680364996
712 1680364996
713 1680364996
714 1680364996
715 1680364996
716 1680364996
717 1680364996
718 1680364996
719 1680364996
720 1680364996
721 1680364996
722 1680364996
723 1680364996
724 1680364996
725 1680364996
726 1680364996
727 1680364996
728 1680364996
729 1680364997
730 1680364997
731 1680364997
732 1680364997
733 1680364997
734 1680364997
735 1680364997
736 1680364997
737 1680364997
738 1680364997
739 1680364997
740 1680364997
741 1680364997
742 1680364997
743 1680364997
744 1680364997
745 1680364997
746 1680364997
747 1680364997
748 1680364997
749 1680364997
750 1680364997
751 1680364997
752 1680364997
753 1680364997
754 1680364997
755 1680364997
756 1680364997
757 1680364997
758 1680364997
759 1680364998
760 1680364998
761 1680364998
762 1680364998
763 1680364998
764 1680364998
765 1680364998
766 1680364998
767 1680364998
768 1680364998
769 1680364998
770 1680364998
771 1680364998
772 1680364998
773 1680364998
774 1680364998
775 1680364998
776 1680364998
777 1680364998
778 1680364998
779 1680364998
780 1680364998
781 1680364998
782 1680364998
783 1680364998
784 1680364998
785 1680364998
786 1680364998
787 1680364998
788 1680364998
789 1680364999
790 1680364999
791 1680364999
792 1680364999
793 1680364999
794 1680364999
795 1680364999
796 1680364999
797 1680364999
798 1680364999
799 1680364999
800 1680364999
801 1680364999
802 1680364999
803 1680364999
804 1680364999
805 1680364999
806 1680364999
807 1680364999
808 1680364999
809 1680364999
810 1680364999
811 1680364999
812 1680364999
813 1680364999
814 1680364999
815 1680364999
816 1680364999
817 1680364999
818 1680365000
819 1680365000
820 1680365000
821 1680365000
822 1680365000
823 1680365000
824 1680365000
825 1680365000
826 1680365000
827 1680365000
828 1680365000
829 1680365000
830 1680365000
831 1680365000
832 1680365000
833 1680365000
834 1680365000
835 1680365000
836 1680365000
837 1680365000
838 1680365000
839 1680365000
840 1680365000
841 1680365000
842 1680365000
843 1680365000
844 1680365000
845 1680365000
846 1680365000
847 1680365001
848 1680365001
849 1680365001
850 1680365001
851 1680365001
852 1680365001
853 1680365001
854 1680365001
855 1680365001
856 1680365001
857 1680365001
858 1680365001
859 1680365001
860 1680365001
861 1680365001
862 1680365001
863 1680365001
864 1680365001
865 1680365001
866 1680365001
867 1680365001
868 1680365001
869 1680365001
870 1680365001
871 1680365001
872 1680365001
873 1680365001
874 1680365001
875 1680365001
876 1680365002
877 1680365002
878 1680365002
879 1680365002
880 1680365002
881 1680365002
882 1680365002
883 1680365002
884 1680365002
885 1680365002
886 1680365002
887 1680365002
888 1680365002
889 1680365002
890 1680365002
891 1680365002
892 1680365002
893 1680365002
894 1680365002
895 1680365002
896 1680365002
897 1680365002
898 1680365002
899 1680365002
900 1680365002
901 1680365002
902 1680365002
903 1680365002
904 1680365002
905 1680365002
906 1680365003
907 1680365003
908 1680365003
909 1680365003
910 1680365003
911 1680365003
912 1680365003
913 1680365003
914 1680365003
915 1680365003
916 1680365003
917 1680365003
918 1680365003
919 1680365003
920 1680365003
921 1680365003
922 1680365003
923 1680365003
924 1680365003
925 1680365003
926 1680365003
927 1680365003
928 1680365003
929 1680365003
930 1680365003
931 1680365003
932 1680365003
933 1680365003
934 1680365003
935 1680365004
936 1680365004
937 1680365004
938 1680365004
939 1680365004
940 1680365004
941 1680365004
942 1680365004
943 1680365004
944 1680365004
945 1680365004
946 1680365004
947 1680365004
948 1680365004
949 1680365004
950 1680365004
951 1680365004
952 1680365004
953 1680365004
954 1680365004
955 1680365004
956 1680365004
957 1680365004
958 1680365004
959 1680365004
960 1680365004
961 1680365004
962 1680365004
963 1680365005
964 1680365005
965 1680365005
966 1680365005
967 1680365005
968 1680365005
969 1680365005
970 1680365005
971 1680365005
972 1680365005
973 1680365005
974 1680365005
975 1680365005
976 1680365005
977 1680365005
978 1680365005
979 1680365005
980 1680365005
981 1680365005
982 1680365005
983 1680365005
984 1680365005
985 1680365005
986 1680365005
987 1680365005
988 1680365005
989 1680365005
990 1680365005
991 1680365005
992 1680365005
993 1680365006
994 1680365006
995 1680365006
996 1680365006
997 1680365006
998 1680365006
999 1680365006
1000 1680365006
1001 1680365006
1002 1680365006
1003 1680365006
1004 1680365006
1005 1680365006
1006 1680365006
1007 1680365006
1008 1680365006
1009 1680365006
1010 1680365006
1011 1680365006
1012 1680365006
1013 1680365006
1014 1680365006
1015 1680365006
1016 1680365006
1017 1680365006
1018 1680365006
1019 1680365006
1020 1680365006
1021 1680365006
1022 1680365006
1023 1680365007
1024 1680365007
1025 1680365007
1026 1680365007
1027 1680365007
1028 1680365007
1029 1680365007
1030 1680365007
1031 1680365007
1032 1680365007
1033 1680365007
1034 1680365007
1035 1680365007
1036 1680365007
1037 1680365007
1038 1680365007
1039 1680365007
1040 1680365007
1041 1680365007
1042 1680365007
1043 1680365007
1044 1680365007
1045 1680365007
1046 1680365007
1047 1680365007
1048 1680365007
1049 1680365007
1050 1680365007
1051 1680365007
1052 1680365008
1053 1680365008
1054 1680365008
1055 1680365008
1056 1680365008
1057 1680365008
1058 1680365008
1059 1680365008
1060 1680365008
1061 1680365008
1062 1680365008
1063 1680365008
1064 1680365008
1065 1680365008
1066 1680365008
1067 1680365008
1068 1680365008
1069 1680365008
1070 1680365008
1071 1680365008
1072 1680365008
1073 1680365008
1074 1680365008
1075 1680365008
1076 1680365008
1077 1680365008
1078 1680365008
1079 1680365009
1080 1680365009
1081 1680365009
1082 1680365009
1083 1680365009
1084 1680365009
1085 1680365009
1086 1680365009
1087 1680365009
1088 1680365009
1089 1680365009
1090 1680365009
1091 1680365009
1092 1680365009
1093 1680365009
1094 1680365009
1095 1680365009
1096 1680365009
1097 1680365009
1098 1680365009
1099 1680365009
1100 1680365009
1101 1680365009
1102 1680365009
1103 1680365009
1104 1680365009
1105 1680365009
1106 1680365009
1107 1680365009
1108 1680365009
1109 1680365010
1110 1680365010
1111 1680365010
1112 1680365010
1113 1680365010
1114 1680365010
1115 1680365010
1116 1680365010
1117 1680365010
1118 1680365010
1119 1680365010
1120 1680365010
1121 1680365010
1122 1680365010
1123 1680365010
1124 1680365010
1125 1680365010
1126 1680365010
1127 1680365010
1128 1680365010
1129 1680365010
1130 1680365010
1131 1680365010
1132 1680365010
1133 1680365010
1134 1680365010
1135 1680365010
1136 1680365010
1137 1680365010
1138 1680365010
1139 1680365011
1140 1680365011
1141 1680365011
1142 1680365011
1143 1680365011
1144 1680365011
1145 1680365011
1146 1680365011
1147 1680365011
1148 1680365011
1149 1680365011
1150 1680365011
1151 1680365011
1152 1680365011
1153 1680365011
1154 1680365011
1155 1680365011
1156 1680365011
1157 1680365011
1158 1680365011
1159 1680365011
1160 1680365011
1161 1680365011
1162 1680365011
1163 1680365011
1164 1680365011
1165 1680365011
1166 1680365011
1167 1680365011
1168 1680365012
1169 1680365012
1170 1680365012
1171 1680365012
1172 1680365012
1173 1680365012
1174 1680365012
1175 1680365012
1176 1680365012
1177 1680365012
1178 1680365012
1179 1680365012
1180 1680365012
1181 1680365012
1182 1680365012
1183 1680365012
1184 1680365012
1185 1680365012
1186 1680365012
1187 1680365012
1188 1680365012
1189 1680365012
1190 1680365012
1191 1680365012
1192 1680365012
1193 1680365012
1194 1680365012
1195 1680365012
1196 1680365012
1197 1680365013
1198 1680365013
1199 1680365013
1200 1680365013
1201 1680365013
1202 1680365013
1203 1680365013
1204 1680365013
1205 1680365013
1206 1680365013
1207 1680365013
1208 1680365013
1209 1680365013
1210 1680365013
1211 1680365013
1212 1680365013
1213 1680365013
1214 1680365013
1215 1680365013
1216 1680365013
1217 1680365013
1218 1680365013
1219 1680365013
1220 1680365013
1221 1680365013
1222 1680365013
1223 1680365013
1224 1680365013
1225 1680365013
1226 1680365013
1227 1680365014
1228 1680365014
1229 1680365014
1230 1680365014
1231 1680365014
1232 1680365014
1233 1680365014
1234 1680365014
1235 1680365014
1236 1680365014
1237 1680365014
1238 1680365014
1239 1680365014
1240 1680365014
1241 1680365014
1242 1680365014
1243 1680365014
1244 1680365014
1245 1680365014
1246 1680365014
1247 1680365014
1248 1680365014
1249 1680365014
1250 1680365014
1251 1680365014
1252 1680365014
1253 1680365014
1254 1680365014
1255 1680365014
1256 1680365015
1257 1680365015
1258 1680365015
1259 1680365015
1260 1680365015
1261 1680365015
1262 1680365015
1263 1680365015
1264 1680365015
1265 1680365015
1266 1680365015
1267 1680365015
1268 1680365015
1269 1680365015
1270 1680365015
1271 1680365015
1272 1680365015
1273 1680365015
1274 1680365015
1275 1680365015
1276 1680365015
1277 1680365015
1278 1680365015
1279 1680365015
1280 1680365015
1281 1680365015
1282 1680365015
1283 1680365015
1284 1680365016
1285 1680365016
1286 1680365016
1287 1680365016
1288 1680365016
1289 1680365016
1290 1680365016
1291 1680365016
1292 1680365016
1293 1680365016
1294 1680365016
1295 1680365016
1296 1680365016
1297 1680365016
1298 1680365016
1299 1680365016
1300 1680365016
1301 1680365016
1302 1680365016
1303 1680365016
1304 1680365016
1305 1680365016
1306 1680365016
1307 1680365016
1308 1680365016
1309 1680365016
1310 1680365016
1311 1680365016
1312 1680365017
1313 1680365017
1314 1680365017
1315 1680365017
1316 1680365017
1317 1680365017
1318 1680365017
1319 1680365017
1320 1680365017
1321 1680365017
1322 1680365017
1323 1680365017
1324 1680365017
1325 1680365017
1326 1680365017
1327 1680365017
1328 1680365017
1329 1680365017
1330 1680365017
1331 1680365017
1332 1680365017
1333 1680365017
1334 1680365017
1335 1680365017
1336 1680365017
1337 1680365018
1338 1680365018
1339 1680365018
1340 1680365018
1341 1680365018
1342 1680365018
1343 1680365018
1344 1680365018
1345 1680365018
1346 1680365018
1347 1680365018
1348 1680365018
1349 1680365018
1350 1680365018
1351 1680365018
1352 1680365018
1353 1680365018
1354 1680365018
1355 1680365018
1356 1680365018
1357 1680365018
1358 1680365018
1359 1680365018
1360 1680365018
1361 1680365018
1362 1680365019
1363 1680365019
1364 1680365019
1365 1680365019
1366 1680365019
1367 1680365019
1368 1680365019
1369 1680365019
1370 1680365019
1371 1680365019
1372 1680365019
1373 1680365019
1374 1680365019
1375 1680365019
1376 1680365019
1377 1680365019
1378 1680365019
1379 1680365019
1380 1680365019
1381 1680365019
1382 1680365019
1383 1680365019
1384 1680365019
1385 1680365019
1386 1680365020
1387 1680365020
1388 1680365020
1389 1680365020
1390 1680365020
1391 1680365020
1392 1680365020
1393 1680365020
1394 1680365020
1395 1680365020
1396 1680365020
1397 1680365020
1398 1680365020
1399 1680365020
1400 1680365020
1401 1680365020
1402 1680365020
1403 1680365020
1404 1680365020
1405 1680365020
1406 1680365020
1407 1680365020
1408 1680365020
1409 1680365020
1410 1680365020
1411 1680365021
1412 1680365021
1413 1680365021
1414 1680365021
1415 1680365021
1416 1680365021
1417 1680365021
1418 1680365021
1419 1680365021
1420 1680365021
1421 1680365021
1422 1680365021
1423 1680365021
1424 1680365021
1425 1680365021
1426 1680365021
1427 1680365021
1428 1680365021
1429 1680365021
1430 1680365021
1431 1680365021
1432 1680365021
1433 1680365021
1434 1680365021
1435 1680365021
1436 1680365021
1437 1680365021
1438 1680365021
1439 1680365022
1440 1680365022
1441 1680365022
1442 1680365022
1443 1680365022
1444 1680365022
1445 1680365022
1446 1680365022
1447 1680365022
1448 1680365022
1449 1680365022
1450 1680365022
1451 1680365022
1452 1680365022
1453 1680365022
1454 1680365022
1455 1680365022
1456 1680365022
1457 1680365022
1458 1680365022
1459 1680365022
1460 1680365022
1461 1680365022
1462 1680365022
1463 1680365022
1464 1680365022
1465 1680365022
1466 1680365022
1467 1680365023
1468 1680365023
1469 1680365023
1470 1680365023
1471 1680365023
1472 1680365023
1473 1680365023
1474 1680365023
1475 1680365023
1476 1680365023
1477 1680365023
1478 1680365023
1479 1680365023
1480 1680365023
1481 1680365023
1482 1680365023
1483 1680365023
1484 1680365023
1485 1680365023
1486 1680365023
1487 1680365023
1488 1680365023
1489 1680365023
1490 1680365023
1491 1680365023
1492 1680365023
1493 1680365023
1494 1680365023
1495 1680365023
1496 1680365024
1497 1680365024
1498 1680365024
1499 1680365024
1500 1680365024
1501 1680365024
1502 1680365024
1503 1680365024
1504 1680365024
1505 1680365024
1506 1680365024
1507 1680365024
1508 1680365024
1509 1680365024
1510 1680365024
1511 1680365024
1512 1680365024
1513 1680365024
1514 1680365024
1515 1680365024
1516 1680365024
1517 1680365024
1518 1680365024
1519 1680365024
1520 1680365024
1521 1680365024
1522 1680365024
1523 1680365024
1524 1680365024
1525 1680365024
1526 1680365025
1527 1680365025
1528 1680365025
1529 1680365025
1530 1680365025
1531 1680365025
1532 1680365025
1533 1680365025
1534 1680365025
1535 1680365025
1536 1680365025
1537 1680365025
1538 1680365025
1539 1680365025
1540 1680365025
1541 1680365025
1542 1680365025
1543 1680365025
1544 1680365025
1545 1680365025
1546 1680365025
1547 1680365025
1548 1680365025
1549 1680365025
1550 1680365025
1551 1680365025
1552 1680365025
1553 1680365025
1554 1680365025
1555 1680365026
1556 1680365026
1557 1680365026
1558 1680365026
1559 1680365026
1560 1680365026
1561 1680365026
1562 1680365026
1563 1680365026
1564 1680365026
1565 1680365026
1566 1680365026
1567 1680365026
1568 1680365026
1569 1680365026
1570 1680365026
1571 1680365026
1572 1680365026
1573 1680365026
1574 1680365026
1575 1680365026
1576 1680365026
1577 1680365026
1578 1680365026
1579 1680365026
1580 1680365026
1581 1680365026
1582 1680365026
1583 1680365026
1584 1680365027
1585 1680365027
1586 1680365027
1587 1680365027
1588 1680365027
1589 1680365027
1590 1680365027
1591 1680365027
1592 1680365027
1593 1680365027
1594 1680365027
1595 1680365027
1596 1680365027
1597 1680365027
1598 1680365027
1599 1680365027
1600 1680365027
1601 1680365027
1602 1680365027
1603 1680365027
1604 1680365027
1605 1680365027
1606 1680365027
1607 1680365027
1608 1680365027
1609 1680365027
1610 1680365027
1611 1680365027
1612 1680365027
1613 1680365027
1614 1680365028
1615 1680365028
1616 1680365028
1617 1680365028
1618 1680365028
1619 1680365028
1620 1680365028
1621 1680365028
1622 1680365028
1623 1680365028
1624 1680365028
1625 1680365028
1626 1680365028
1627 1680365028
1628 1680365028
1629 1680365028
1630 1680365028
1631 1680365028
1632 1680365028
1633 1680365028
1634 1680365028
1635 1680365028
1636 1680365028
1637 1680365028
1638 1680365028
1639 1680365028
1640 1680365028
1641 1680365028
1642 1680365028
1643 1680365029
1644 1680365029
1645 1680365029
1646 1680365029
1647 1680365029
1648 1680365029
1649 1680365029
1650 1680365029
1651 1680365029
1652 1680365029
1653 1680365029
1654 1680365029
1655 1680365029
1656 1680365029
1657 1680365029
1658 1680365029
1659 1680365029
1660 1680365029
1661 1680365029
1662 1680365029
1663 1680365029
1664 1680365029
1665 1680365029
1666 1680365029
1667 1680365029
1668 1680365029
1669 1680365030
1670 1680365030
1671 1680365030
1672 1680365030
1673 1680365030
1674 1680365030
1675 1680365030
1676 1680365030
1677 1680365030
1678 1680365030
1679 1680365030
1680 1680365030
1681 1680365030
1682 1680365030
1683 1680365030
1684 1680365030
1685 1680365030
1686 1680365030
1687 1680365030
1688 1680365030
1689 1680365030
1690 1680365030
1691 1680365030
1692 1680365030
1693 1680365030
1694 1680365031
1695 1680365031
1696 1680365031
1697 1680365031
1698 1680365031
1699 1680365031
1700 1680365031
1701 1680365031
1702 1680365031
1703 1680365031
1704 1680365031
1705 1680365031
1706 1680365031
1707 1680365031
1708 1680365031
1709 1680365031
1710 1680365031
1711 1680365031
1712 1680365031
1713 1680365031
1714 1680365031
1715 1680365031
1716 1680365031
1717 1680365031
1718 1680365031
1719 1680365032
1720 1680365032
1721 1680365032
1722 1680365032
1723 1680365032
1724 1680365032
1725 1680365032
1726 1680365032
1727 1680365032
1728 1680365032
1729 1680365032
1730 1680365032
1731 1680365032
1732 1680365032
1733 1680365032
1734 1680365032
1735 1680365032
1736 1680365032
1737 1680365032
1738 1680365032
1739 1680365032
1740 1680365032
1741 1680365032
1742 1680365032
1743 1680365032
1744 1680365033
1745 1680365033
1746 1680365033
1747 1680365033
1748 1680365033
1749 1680365033
1750 1680365033
1751 1680365033
1752 1680365033
1753 1680365033
1754 1680365033
1755 1680365033
1756 1680365033
1757 1680365033
1758 1680365033
1759 1680365033
1760 1680365033
1761 1680365033
1762 1680365033
1763 1680365033
1764 1680365033
1765 1680365033
1766 1680365033
1767 1680365033
1768 1680365033
1769 1680365033
1770 1680365033
1771 1680365033
1772 1680365033
1773 1680365034
1774 1680365034
1775 1680365034
1776 1680365034
1777 1680365034
1778 1680365034
1779 1680365034
1780 1680365034
1781 1680365034
1782 1680365034
1783 1680365034
1784 1680365034
1785 1680365034
1786 1680365034
1787 1680365034
1788 1680365034
1789 1680365034
1790 1680365034
1791 1680365034
1792 1680365034
1793 1680365034
1794 1680365034
1795 1680365034
1796 1680365034
1797 1680365034
1798 1680365034
1799 1680365034
1800 1680365034
1801 1680365034
1802 1680365034
1803 1680365035
1804 1680365035
1805 1680365035
1806 1680365035
1807 1680365035
1808 1680365035
1809 1680365035
1810 1680365035
1811 1680365035
1812 1680365035
1813 1680365035
1814 1680365035
1815 1680365035
1816 1680365035
1817 1680365035
1818 1680365035
1819 1680365035
1820 1680365035
1821 1680365035
1822 1680365035
1823 1680365035
1824 1680365035
1825 1680365035
1826 1680365035
1827 1680365035
1828 1680365035
1829 1680365035
1830 1680365035
1831 1680365035
1832 1680365036
1833 1680365036
1834 1680365036
1835 1680365036
1836 1680365036
1837 1680365036
1838 1680365036
1839 1680365036
1840 1680365036
1841 1680365036
1842 1680365036
1843 1680365036
1844 1680365036
1845 1680365036
1846 1680365036
1847 1680365036
1848 1680365036
1849 1680365036
1850 1680365036
1851 1680365036
1852 1680365036
1853 1680365036
1854 1680365036
1855 1680365036
1856 1680365036
1857 1680365036
1858 1680365036
1859 1680365036
1860 1680365036
1861 1680365036
1862 1680365037
1863 1680365037
1864 1680365037
1865 1680365037
1866 1680365037
1867 1680365037
1868 1680365037
1869 1680365037
1870 1680365037
1871 1680365037
1872 1680365037
1873 1680365037
1874 1680365037
1875 1680365037
1876 1680365037
1877 1680365037
1878 1680365037
1879 1680365037
1880 1680365037
1881 1680365037
1882 1680365037
1883 1680365037
1884 1680365037
1885 1680365037
1886 1680365037
1887 1680365037
1888 1680365037
1889 1680365037
1890 1680365037
1891 1680365038
1892 1680365038
1893 1680365038
1894 1680365038
1895 1680365038
1896 1680365038
1897 1680365038
1898 1680365038
1899 1680365038
1900 1680365038
1901 1680365038
1902 1680365038
1903 1680365038
1904 1680365038
1905 1680365038
1906 1680365038
1907 1680365038
1908 1680365038
1909 1680365038
1910 1680365038
1911 1680365038
1912 1680365038
1913 1680365038
1914 1680365038
1915 1680365038
1916 1680365038
1917 1680365038
1918 1680365038
1919 1680365038
1920 1680365038
1921 1680365039
1922 1680365039
1923 1680365039
1924 1680365039
1925 1680365039
1926 1680365039
1927 1680365039
1928 1680365039
1929 1680365039
1930 1680365039
1931 1680365039
1932 1680365039
1933 1680365039
1934 1680365039
1935 1680365039
1936 1680365039
1937 1680365039
1938 1680365039
1939 1680365039
1940 1680365039
1941 1680365039
1942 1680365039
1943 1680365039
1944 1680365039
1945 1680365039
1946 1680365039
1947 1680365039
1948 1680365039
1949 1680365040
1950 1680365040
1951 1680365040
1952 1680365040
1953 1680365040
1954 1680365040
1955 1680365040
1956 1680365040
1957 1680365040
1958 1680365040
1959 1680365040
1960 1680365040
1961 1680365040
1962 1680365040
1963 1680365040
1964 1680365040
1965 1680365040
1966 1680365040
1967 1680365040
1968 1680365040
1969 1680365040
1970 1680365040
1971 1680365040
1972 1680365040
1973 1680365040
1974 1680365040
1975 1680365040
1976 1680365040
1977 1680365040
1978 1680365040
1979 1680365041
1980 1680365041
1981 1680365041
1982 1680365041
1983 1680365041
1984 1680365041
1985 1680365041
1986 1680365041
1987 1680365041
1988 1680365041
1989 1680365041
1990 1680365041
1991 1680365041
1992 1680365041
1993 1680365041
1994 1680365041
1995 1680365041
1996 1680365041
1997 1680365041
1998 1680365041
1999 1680365041
2000 1680365041
2001 1680365041
2002 1680365041
2003 1680365041
2004 1680365041
2005 1680365041
2006 1680365041
2007 1680365041
2008 1680365042
2009 1680365042
2010 1680365042
2011 1680365042
2012 1680365042
2013 1680365042
2014 1680365042
2015 1680365042
2016 1680365042
2017 1680365042
2018 1680365042
2019 1680365042
2020 1680365042
2021 1680365042
2022 1680365042
2023 1680365042
2024 1680365042
2025 1680365042
2026 1680365042
2027 1680365042
2028 1680365042
2029 1680365042
2030 1680365042
2031 1680365042
2032 1680365042
2033 1680365042
2034 1680365042
2035 1680365042
2036 1680365042
2037 1680365042
2038 1680365043
2039 1680365043
2040 1680365043
2041 1680365043
2042 1680365043
2043 1680365043
2044 1680365043
2045 1680365043
2046 1680365043
2047 1680365043
2048 1680365043
2049 1680365043
2050 1680365043
2051 1680365043
2052 1680365043
2053 1680365043
2054 1680365043
2055 1680365043
2056 1680365043
2057 1680365043
2058 1680365043
2059 1680365043
2060 1680365043
2061 1680365043
2062 1680365043
2063 1680365043
2064 1680365043
2065 1680365043
2066 1680365043
2067 1680365043
2068 1680365044
2069 1680365044
2070 1680365044
2071 1680365044
2072 1680365044
2073 1680365044
2074 1680365044
2075 1680365044
2076 1680365044
2077 1680365044
2078 1680365044
2079 1680365044
2080 1680365044
2081 1680365044
2082 1680365044
2083 1680365044
2084 1680365044
2085 1680365044
2086 1680365044
2087 1680365044
2088 1680365044
2089 1680365044
2090 1680365044
2091 1680365044
2092 1680365044
2093 1680365044
2094 1680365044
2095 1680365044
2096 1680365044
2097 1680365044
2098 1680365045
2099 1680365045
2100 1680365045
2101 1680365045
2102 1680365045
2103 1680365045
2104 1680365045
2105 1680365045
2106 1680365045
2107 1680365045
2108 1680365045
2109 1680365045
2110 1680365045
2111 1680365045
2112 1680365045
2113 1680365045
2114 1680365045
2115 1680365045
2116 1680365045
2117 1680365045
2118 1680365045
2119 1680365045
2120 1680365045
2121 1680365045
2122 1680365045
2123 1680365045
2124 1680365045
2125 1680365045
2126 1680365046
2127 1680365046
2128 1680365046
2129 1680365046
2130 1680365046
2131 1680365046
2132 1680365046
2133 1680365046
2134 1680365046
2135 1680365046
2136 1680365046
2137 1680365046
2138 1680365046
2139 1680365046
2140 1680365046
2141 1680365046
2142 1680365046
2143 1680365046
2144 1680365046
2145 1680365046
2146 1680365046
2147 1680365046
2148 1680365046
2149 1680365046
2150 1680365046
2151 1680365046
2152 1680365046
2153 1680365046
2154 1680365046
2155 1680365047
2156 1680365047
2157 1680365047
2158 1680365047
2159 1680365047
2160 1680365047
2161 1680365047
2162 1680365047
2163 1680365047
2164 1680365047
2165 1680365047
2166 1680365047
2167 1680365047
2168 1680365047
2169 1680365047
2170 1680365047
2171 1680365047
2172 1680365047
2173 1680365047
2174 1680365047
2175 1680365047
2176 1680365047
2177 1680365047
2178 1680365047
2179 1680365047
2180 1680365047
2181 1680365047
2182 1680365047
2183 1680365047
2184 1680365047
2185 1680365048
2186 1680365048
2187 1680365048
2188 1680365048
2189 1680365048
2190 1680365048
2191 1680365048
2192 1680365048
2193 1680365048
2194 1680365048
2195 1680365048
2196 1680365048
2197 1680365048
2198 1680365048
2199 1680365048
2200 1680365048
2201 1680365048
2202 1680365048
2203 1680365048
2204 1680365048
2205 1680365048
2206 1680365048
2207 1680365048
2208 1680365048
2209 1680365048
2210 1680365048
2211 1680365048
2212 1680365048
2213 1680365048
2214 1680365049
2215 1680365049
2216 1680365049
2217 1680365049
2218 1680365049
2219 1680365049
2220 1680365049
2221 1680365049
2222 1680365049
2223 1680365049
2224 1680365049
2225 1680365049
2226 1680365049
2227 1680365049
2228 1680365049
2229 1680365049
2230 1680365049
2231 1680365049
2232 1680365049
2233 1680365049
2234 1680365049
2235 1680365049
2236 1680365049
2237 1680365049
2238 1680365049
2239 1680365049
2240 1680365049
2241 1680365049
2242 1680365050
2243 1680365050
2244 1680365050
2245 1680365050
2246 1680365050
2247 1680365050
2248 1680365050
2249 1680365050
2250 1680365050
2251 1680365050
2252 1680365050
2253 1680365050
2254 1680365050
2255 1680365050
2256 1680365050
2257 1680365050
2258 1680365050
2259 1680365050
2260 1680365050
2261 1680365050
2262 1680365050
2263 1680365050
2264 1680365050
2265 1680365050
2266 1680365050
2267 1680365050
2268 1680365050
2269 1680365050
2270 1680365051
2271 1680365051
2272 1680365051
2273 1680365051
2274 1680365051
2275 1680365051
2276 1680365051
2277 1680365051
2278 1680365051
2279 1680365051
2280 1680365051
2281 1680365051
2282 1680365051
2283 1680365051
2284 1680365051
2285 1680365051
2286 1680365051
2287 1680365051
2288 1680365051
2289 1680365051
2290 1680365051
2291 1680365051
2292 1680365051
2293 1680365051
2294 1680365051
2295 1680365051
2296 1680365051
2297 1680365051
2298 1680365051
2299 1680365052
2300 1680365052
2301 1680365052
2302 1680365052
2303 1680365052
2304 1680365052
2305 1680365052
2306 1680365052
2307 1680365052
2308 1680365052
2309 1680365052
2310 1680365052
2311 1680365052
2312 1680365052
2313 1680365052
2314 1680365052
2315 1680365052
2316 1680365052
2317 1680365052
2318 1680365052
2319 1680365052
2320 1680365052
2321 1680365052
2322 1680365052
2323 1680365052
2324 1680365052
2325 1680365052
2326 1680365052
2327 1680365052
2328 1680365052
2329 1680365053
2330 1680365053
2331 1680365053
2332 1680365053
2333 1680365053
2334 1680365053
2335 1680365053
2336 1680365053
2337 1680365053
2338 1680365053
2339 1680365053
2340 1680365053
2341 1680365053
2342 1680365053
2343 1680365053
2344 1680365053
2345 1680365053
2346 1680365053
2347 1680365053
2348 1680365053
2349 1680365053
2350 1680365053
2351 1680365053
2352 1680365053
2353 1680365053
2354 1680365053
2355 1680365053
2356 1680365053
2357 1680365054
2358 1680365054
2359 1680365054
2360 1680365054
2361 1680365054
2362 1680365054
2363 1680365054
2364 1680365054
2365 1680365054
2366 1680365054
2367 1680365054
2368 1680365054
2369 1680365054
2370 1680365054
2371 1680365054
2372 1680365054
2373 1680365054
2374 1680365054
2375 1680365054
2376 1680365054
2377 1680365054
2378 1680365054
2379 1680365054
2380 1680365054
2381 1680365054
2382 1680365054
2383 1680365054
2384 1680365054
2385 1680365054
2386 1680365055
2387 1680365055
2388 1680365055
2389 1680365055
2390 1680365055
2391 1680365055
2392 1680365055
2393 1680365055
2394 1680365055
2395 1680365055
2396 1680365055
2397 1680365055
2398 1680365055
2399 1680365055
2400 1680365055
2401 1680365055
2402 1680365055
2403 1680365055
2404 1680365055
2405 1680365055
2406 1680365055
2407 1680365055
2408 1680365055
2409 1680365055
2410 1680365055
2411 1680365055
2412 1680365055
2413 1680365055
2414 1680365055
2415 1680365055
2416 1680365056
2417 1680365056
2418 1680365056
2419 1680365056
2420 1680365056
2421 1680365056
2422 1680365056
2423 1680365056
2424 1680365056
2425 1680365056
2426 1680365056
2427 1680365056
2428 1680365056
2429 1680365056
2430 1680365056
2431 1680365056
2432 1680365056
2433 1680365056
2434 1680365056
2435 1680365056
2436 1680365056
2437 1680365056
2438 1680365056
2439 1680365056
2440 1680365056
2441 1680365056
2442 1680365056
2443 1680365056
2444 1680365056
2445 1680365056
2446 1680365057
2447 1680365057
2448 1680365057
2449 1680365057
2450 1680365057
2451 1680365057
2452 1680365057
2453 1680365057
2454 1680365057
2455 1680365057
2456 1680365057
2457 1680365057
2458 1680365057
2459 1680365057
2460 1680365057
2461 1680365057
2462 1680365057
2463 1680365057
2464 1680365057
2465 1680365057
2466 1680365057
2467 1680365057
2468 1680365057
2469 1680365057
2470 1680365057
2471 1680365057
2472 1680365057
2473 1680365057
2474 1680365057
2475 1680365057
2476 1680365058
2477 1680365058
2478 1680365058
2479 1680365058
2480 1680365058
2481 1680365058
2482 1680365058
2483 1680365058
2484 1680365058
2485 1680365058
2486 1680365058
2487 1680365058
2488 1680365058
2489 1680365058
2490 1680365058
2491 1680365058
2492 1680365058
2493 1680365058
2494 1680365058
2495 1680365058
2496 1680365058
2497 1680365058
2498 1680365058
2499 1680365058
2500 1680365058
2501 1680365058
2502 1680365058
2503 1680365058
2504 1680365058
2505 1680365059
2506 1680365059
2507 1680365059
2508 1680365059
2509 1680365059
2510 1680365059
2511 1680365059
2512 1680365059
2513 1680365059
2514 1680365059
2515 1680365059
2516 1680365059
2517 1680365059
2518 1680365059
2519 1680365059
2520 1680365059
2521 1680365059
2522 1680365059
2523 1680365059
2524 1680365059
2525 1680365059
2526 1680365059
2527 1680365059
2528 1680365059
2529 1680365059
2530 1680365059
2531 1680365059
2532 1680365059
2533 1680365059
2534 1680365060
2535 1680365060
2536 1680365060
2537 1680365060
2538 1680365060
2539 1680365060
2540 1680365060
2541 1680365060
2542 1680365060
2543 1680365060
2544 1680365060
2545 1680365060
2546 1680365060
2547 1680365060
2548 1680365060
2549 1680365060
2550 1680365060
2551 1680365060
2552 1680365060
2553 1680365060
2554 1680365060
2555 1680365060
2556 1680365060
2557 1680365060
2558 1680365060
2559 1680365060
2560 1680365060
2561 1680365060
2562 1680365060
2563 1680365060
2564 1680365061
2565 1680365061
2566 1680365061
2567 1680365061
2568 1680365061
2569 1680365061
2570 1680365061
2571 1680365061
2572 1680365061
2573 1680365061
2574 1680365061
2575 1680365061
2576 1680365061
2577 1680365061
2578 1680365061
2579 1680365061
2580 1680365061
2581 1680365061
2582 1680365061
2583 1680365061
2584 1680365061
2585 1680365061
2586 1680365061
2587 1680365061
2588 1680365061
2589 1680365061
2590 1680365061
2591 1680365061
2592 1680365062
2593 1680365062
2594 1680365062
2595 1680365062
2596 1680365062
2597 1680365062
2598 1680365062
2599 1680365062
2600 1680365062
2601 1680365062
2602 1680365062
2603 1680365062
2604 1680365062
2605 1680365062
2606 1680365062
2607 1680365062
2608 1680365062
2609 1680365062
2610 1680365062
2611 1680365062
2612 1680365062
2613 1680365062
2614 1680365062
2615 1680365062
2616 1680365062
2617 1680365062
2618 1680365062
2619 1680365062
2620 1680365062
2621 1680365062
2622 1680365063
2623 1680365063
2624 1680365063
2625 1680365063
2626 1680365063
2627 1680365063
2628 1680365063
2629 1680365063
2630 1680365063
2631 1680365063
2632 1680365063
2633 1680365063
2634 1680365063
2635 1680365063
2636 1680365063
2637 1680365063
2638 1680365063
2639 1680365063
2640 1680365063
2641 1680365063
2642 1680365063
2643 1680365063
2644 1680365063
2645 1680365063
2646 1680365063
2647 1680365063
2648 1680365063
2649 1680365063
2650 1680365063
2651 1680365063
2652 1680365064
2653 1680365064
2654 1680365064
2655 1680365064
2656 1680365064
2657 1680365064
2658 1680365064
2659 1680365064
2660 1680365064
2661 1680365064
2662 1680365064
2663 1680365064
2664 1680365064
2665 1680365064
2666 1680365064
2667 1680365064
2668 1680365064
2669 1680365064
2670 1680365064
2671 1680365064
2672 1680365064
2673 1680365064
2674 1680365064
2675 1680365064
2676 1680365064
2677 1680365064
2678 1680365064
2679 1680365064
2680 1680365065
2681 1680365065
2682 1680365065
2683 1680365065
2684 1680365065
2685 1680365065
2686 1680365065
2687 1680365065
2688 1680365065
2689 1680365065
2690 1680365065
2691 1680365065
2692 1680365065
2693 1680365065
2694 1680365065
2695 1680365065
2696 1680365065
2697 1680365065
2698 1680365065
2699 1680365065
2700 1680365065
2701 1680365065
2702 1680365065
2703 1680365065
2704 1680365065
2705 1680365065
2706 1680365065
2707 1680365065
2708 1680365065
2709 1680365065
2710 1680365066
2711 1680365066
2712 1680365066
2713 1680365066
2714 1680365066
2715 1680365066
2716 1680365066
2717 1680365066
2718 1680365066
2719 1680365066
2720 1680365066
2721 1680365066
2722 1680365066
2723 1680365066
2724 1680365066
2725 1680365066
2726 1680365066
2727 1680365066
2728 1680365066
2729 1680365066
2730 1680365066
2731 1680365066
2732 1680365066
2733 1680365066
2734 1680365066
2735 1680365066
2736 1680365066
2737 1680365066
2738 1680365066
2739 1680365067
2740 1680365067
2741 1680365067
2742 1680365067
2743 1680365067
2744 1680365067
2745 1680365067
2746 1680365067
2747 1680365067
2748 1680365067
2749 1680365067
2750 1680365067
2751 1680365067
2752 1680365067
2753 1680365067
2754 1680365067
2755 1680365067
2756 1680365067
2757 1680365067
2758 1680365067
2759 1680365067
2760 1680365067
2761 1680365067
2762 1680365067
2763 1680365067
2764 1680365067
2765 1680365067
2766 1680365067
2767 1680365067
2768 1680365068
2769 1680365068
2770 1680365068
2771 1680365068
2772 1680365068
2773 1680365068
2774 1680365068
2775 1680365068
2776 1680365068
2777 1680365068
2778 1680365068
2779 1680365068
2780 1680365068
2781 1680365068
2782 1680365068
2783 1680365068
2784 1680365068
2785 1680365068
2786 1680365068
2787 1680365068
2788 1680365068
2789 1680365068
2790 1680365068
2791 1680365068
2792 1680365068
2793 1680365068
2794 1680365068
2795 1680365068
2796 1680365068
2797 1680365068
2798 1680365069
2799 1680365069
2800 1680365069
2801 1680365069
2802 1680365069
2803 1680365069
2804 1680365069
2805 1680365069
2806 1680365069
2807 1680365069
2808 1680365069
2809 1680365069
2810 1680365069
2811 1680365069
2812 1680365069
2813 1680365069
2814 1680365069
2815 1680365069
2816 1680365069
2817 1680365069
2818 1680365069
2819 1680365069
2820 1680365069
2821 1680365069
2822 1680365069
2823 1680365069
2824 1680365069
2825 1680365069
2826 1680365069
2827 1680365069
2828 1680365070
2829 1680365070
2830 1680365070
2831 1680365070
2832 1680365070
2833 1680365070
2834 1680365070
2835 1680365070
2836 1680365070
2837 1680365070
2838 1680365070
2839 1680365070
2840 1680365070
2841 1680365070
2842 1680365070
2843 1680365070
2844 1680365070
2845 1680365070
2846 1680365070
2847 1680365070
2848 1680365070
2849 1680365070
2850 1680365070
2851 1680365070
2852 1680365070
2853 1680365070
2854 1680365070
2855 1680365070
2856 1680365070
2857 1680365071
2858 1680365071
2859 1680365071
2860 1680365071
2861 1680365071
2862 1680365071
2863 1680365071
2864 1680365071
2865 1680365071
2866 1680365071
2867 1680365071
2868 1680365071
2869 1680365071
2870 1680365071
2871 1680365071
2872 1680365071
2873 1680365071
2874 1680365071
2875 1680365071
2876 1680365071
2877 1680365071
2878 1680365071
2879 1680365071
2880 1680365071
2881 1680365071
2882 1680365071
2883 1680365071
2884 1680365071
2885 1680365071
2886 1680365072
2887 1680365072
2888 1680365072
2889 1680365072
2890 1680365072
2891 1680365072
2892 1680365072
2893 1680365072
2894 1680365072
2895 1680365072
2896 1680365072
2897 1680365072
2898 1680365072
2899 1680365072
2900 1680365072
2901 1680365072
2902 1680365072
2903 1680365072
2904 1680365072
2905 1680365072
2906 1680365072
2907 1680365072
2908 1680365072
2909 1680365072
2910 1680365072
2911 1680365072
2912 1680365072
2913 1680365072
2914 1680365073
2915 1680365073
2916 1680365073
2917 1680365073
2918 1680365073
2919 1680365073
2920 1680365073
2921 1680365073
2922 1680365073
2923 1680365073
2924 1680365073
2925 1680365073
2926 1680365073
2927 1680365073
2928 1680365073
2929 1680365073
2930 1680365073
2931 1680365073
2932 1680365073
2933 1680365073
2934 1680365073
2935 1680365073
2936 1680365073
2937 1680365073
2938 1680365073
2939 1680365073
2940 1680365073
2941 1680365073
2942 1680365073
2943 1680365073
2944 1680365074
2945 1680365074
2946 1680365074
2947 1680365074
2948 1680365074
2949 1680365074
2950 1680365074
2951 1680365074
2952 1680365074
2953 1680365074
2954 1680365074
2955 1680365074
2956 1680365074
2957 1680365074
2958 1680365074
2959 1680365074
2960 1680365074
2961 1680365074
2962 1680365074
2963 1680365074
2964 1680365074
2965 1680365074
2966 1680365074
2967 1680365074
2968 1680365074
2969 1680365074
2970 1680365074
2971 1680365074
2972 1680365074
2973 1680365074
2974 1680365075
2975 1680365075
2976 1680365075
2977 1680365075
2978 1680365075
2979 1680365075
2980 1680365075
2981 1680365075
2982 1680365075
2983 1680365075
2984 1680365075
2985 1680365075
2986 1680365075
2987 1680365075
2988 1680365075
2989 1680365075
2990 1680365075
2991 1680365075
2992 1680365075
2993 1680365075
2994 1680365075
2995 1680365075
2996 1680365075
2997 1680365075
2998 1680365075
2999 1680365075
3000 1680365075
3001 1680365075
3002 1680365075
3003 1680365076
3004 1680365076
3005 1680365076
3006 1680365076
3007 1680365076
3008 1680365076
3009 1680365076
3010 1680365076
3011 1680365076
3012 1680365076
3013 1680365076
3014 1680365076
3015 1680365076
3016 1680365076
3017 1680365076
3018 1680365076
3019 1680365076
3020 1680365076
3021 1680365076
3022 1680365076
3023 1680365076
3024 1680365076
3025 1680365076
3026 1680365076
3027 1680365076
3028 1680365076
3029 1680365076
3030 1680365076
3031 1680365076
3032 1680365076
3033 1680365077
3034 1680365077
3035 1680365077
3036 1680365077
3037 1680365077
3038 1680365077
3039 1680365077
3040 1680365077
3041 1680365077
3042 1680365077
3043 1680365077
3044 1680365077
3045 1680365077
3046 1680365077
3047 1680365077
3048 1680365077
3049 1680365077
3050 1680365077
3051 1680365077
3052 1680365077
3053 1680365077
3054 1680365077
3055 1680365077
3056 1680365077
3057 1680365077
3058 1680365077
3059 1680365077
3060 1680365077
3061 1680365077
3062 1680365077
3063 1680365078
3064 1680365078
3065 1680365078
3066 1680365078
3067 1680365078
3068 1680365078
3069 1680365078
3070 1680365078
3071 1680365078
3072 1680365078
3073 1680365078
3074 1680365078
3075 1680365078
3076 1680365078
3077 1680365078
3078 1680365078
3079 1680365078
3080 1680365078
3081 1680365078
3082 1680365078
3083 1680365078
3084 1680365078
3085 1680365078
3086 1680365078
3087 1680365078
3088 1680365078
3089 1680365078
3090 1680365078
3091 1680365078
3092 1680365078
3093 1680365079
3094 1680365079
3095 1680365079
3096 1680365079
3097 1680365079
3098 1680365079
3099 1680365079
3100 1680365079
3101 1680365079
3102 1680365079
3103 1680365079
3104 1680365079
3105 1680365079
3106 1680365079
3107 1680365079
3108 1680365079
3109 1680365079
3110 1680365079
3111 1680365079
3112 1680365079
3113 1680365079
3114 1680365079
3115 1680365079
3116 1680365079
3117 1680365079
3118 1680365079
3119 1680365079
3120 1680365079
3121 1680365079
3122 1680365080
3123 1680365080
3124 1680365080
3125 1680365080
3126 1680365080
3127 1680365080
3128 1680365080
3129 1680365080
3130 1680365080
3131 1680365080
3132 1680365080
3133 1680365080
3134 1680365080
3135 1680365080
3136 1680365080
3137 1680365080
3138 1680365080
3139 1680365080
3140 1680365080
3141 1680365080
3142 1680365080
3143 1680365080
3144 1680365080
3145 1680365080
3146 1680365080
3147 1680365080
3148 1680365080
3149 1680365080
3150 1680365080
3151 1680365080
3152 1680365081
3153 1680365081
3154 1680365081
3155 1680365081
3156 1680365081
3157 1680365081
3158 1680365081
3159 1680365081
3160 1680365081
3161 1680365081
3162 1680365081
3163 1680365081
3164 1680365081
3165 1680365081
3166 1680365081
3167 1680365081
3168 1680365081
3169 1680365081
3170 1680365081
3171 1680365081
3172 1680365081
3173 1680365081
3174 1680365081
3175 1680365081
3176 1680365081
3177 1680365081
3178 1680365081
3179 1680365081
3180 1680365081
3181 1680365081
3182 1680365082
3183 1680365082
3184 1680365082
3185 1680365082
3186 1680365082
3187 1680365082
3188 1680365082
3189 1680365082
3190 1680365082
3191 1680365082
3192 1680365082
3193 1680365082
3194 1680365082
3195 1680365082
3196 1680365082
3197 1680365082
3198 1680365082
3199 1680365082
3200 1680365082
3201 1680365082
3202 1680365082
3203 1680365082
3204 1680365082
3205 1680365082
3206 1680365082
3207 1680365082
3208 1680365082
3209 1680365082
3210 1680365082
3211 1680365082
3212 1680365083
3213 1680365083
3214 1680365083
3215 1680365083
3216 1680365083
3217 1680365083
3218 1680365083
3219 1680365083
3220 1680365083
3221 1680365083
3222 1680365083
3223 1680365083
3224 1680365083
3225 1680365083
3226 1680365083
3227 1680365083
3228 1680365083
3229 1680365083
3230 1680365083
3231 1680365083
3232 1680365083
3233 1680365083
3234 1680365083
3235 1680365083
3236 1680365083
3237 1680365083
3238 1680365083
3239 1680365083
3240 1680365083
3241 1680365084
3242 1680365084
3243 1680365084
3244 1680365084
3245 1680365084
3246 1680365084
3247 1680365084
3248 1680365084
3249 1680365084
3250 1680365084
3251 1680365084
3252 1680365084
3253 1680365084
3254 1680365084
3255 1680365084
3256 1680365084
3257 1680365084
3258 1680365084
3259 1680365084
3260 1680365084
3261 1680365084
3262 1680365084
3263 1680365084
3264 1680365084
3265 1680365084
3266 1680365084
3267 1680365084
3268 1680365084
3269 1680365084
3270 1680365084
3271 1680365085
3272 1680365085
3273 1680365085
3274 1680365085
3275 1680365085
3276 1680365085
3277 1680365085
3278 1680365085
3279 1680365085
3280 1680365085
3281 1680365085
3282 1680365085
3283 1680365085
3284 1680365085
3285 1680365085
3286 1680365085
3287 1680365085
3288 1680365085
3289 1680365085
3290 1680365085
3291 1680365085
3292 1680365085
3293 1680365085
3294 1680365085
3295 1680365085
3296 1680365085
3297 1680365085
3298 1680365085
3299 1680365085
3300 1680365085
3301 1680365086
3302 1680365086
3303 1680365086
3304 1680365086
3305 1680365086
3306 1680365086
3307 1680365086
3308 1680365086
3309 1680365086
3310 1680365086
3311 1680365086
3312 1680365086
3313 1680365086
3314 1680365086
3315 1680365086
3316 1680365086
3317 1680365086
3318 1680365086
3319 1680365086
3320 1680365086
3321 1680365086
3322 1680365086
3323 1680365086
3324 1680365086
3325 1680365086
3326 1680365086
3327 1680365086
3328 1680365086
3329 1680365087
3330 1680365087
3331 1680365087
3332 1680365087
3333 1680365087
3334 1680365087
3335 1680365087
3336 1680365087
3337 1680365087
3338 1680365087
3339 1680365087
3340 1680365087
3341 1680365087
3342 1680365087
3343 1680365087
3344 1680365087
3345 1680365087
3346 1680365087
3347 1680365087
3348 1680365087
3349 1680365087
3350 1680365087
3351 1680365087
3352 1680365087
3353 1680365087
3354 1680365087
3355 1680365087
3356 1680365087
3357 1680365087
3358 1680365088
3359 1680365088
3360 1680365088
3361 1680365088
3362 1680365088
3363 1680365088
3364 1680365088
3365 1680365088
3366 1680365088
3367 1680365088
3368 1680365088
3369 1680365088
3370 1680365088
3371 1680365088
3372 1680365088
3373 1680365088
3374 1680365088
3375 1680365088
3376 1680365088
3377 1680365088
3378 1680365088
3379 1680365088
3380 1680365088
3381 1680365088
3382 1680365088
3383 1680365088
3384 1680365088
3385 1680365088
3386 1680365088
3387 1680365089
3388 1680365089
3389 1680365089
3390 1680365089
3391 1680365089
3392 1680365089
3393 1680365089
3394 1680365089
3395 1680365089
3396 1680365089
3397 1680365089
3398 1680365089
3399 1680365089
3400 1680365089
3401 1680365089
3402 1680365089
3403 1680365089
3404 1680365089
3405 1680365089
3406 1680365089
3407 1680365089
3408 1680365089
3409 1680365089
3410 1680365089
3411 1680365089
3412 1680365089
3413 1680365089
3414 1680365089
3415 1680365089
3416 1680365089
3417 1680365090
3418 1680365090
3419 1680365090
3420 1680365090
3421 1680365090
3422 1680365090
3423 1680365090
3424 1680365090
3425 1680365090
3426 1680365090
3427 1680365090
3428 1680365090
3429 1680365090
3430 1680365090
3431 1680365090
3432 1680365090
3433 1680365090
3434 1680365090
3435 1680365090
3436 1680365090
3437 1680365090
3438 1680365090
3439 1680365090
3440 1680365090
3441 1680365090
3442 1680365090
3443 1680365090
3444 1680365090
3445 1680365090
3446 1680365090
3447 1680365091
3448 1680365091
3449 1680365091
3450 1680365091
3451 1680365091
3452 1680365091
3453 1680365091
3454 1680365091
3455 1680365091
3456 1680365091
3457 1680365091
3458 1680365091
3459 1680365091
3460 1680365091
3461 1680365091
3462 1680365091
3463 1680365091
3464 1680365091
3465 1680365091
3466 1680365091
3467 1680365091
3468 1680365091
3469 1680365091
3470 1680365091
3471 1680365091
3472 1680365091
3473 1680365091
3474 1680365091
3475 1680365091
3476 1680365091
3477 1680365092
3478 1680365092
3479 1680365092
3480 1680365092
3481 1680365092
3482 1680365092
3483 1680365092
3484 1680365092
3485 1680365092
3486 1680365092
3487 1680365092
3488 1680365092
3489 1680365092
3490 1680365092
3491 1680365092
3492 1680365092
3493 1680365092
3494 1680365092
3495 1680365092
3496 1680365092
3497 1680365092
3498 1680365092
3499 1680365092
3500 1680365092
3501 1680365092
3502 1680365092
3503 1680365092
3504 1680365092
3505 1680365092
3506 1680365093
3507 1680365093
3508 1680365093
3509 1680365093
3510 1680365093
3511 1680365093
3512 1680365093
3513 1680365093
3514 1680365093
3515 1680365093
3516 1680365093
3517 1680365093
3518 1680365093
3519 1680365093
3520 1680365093
3521 1680365093
3522 1680365093
3523 1680365093
3524 1680365093
3525 1680365093
3526 1680365093
3527 1680365093
3528 1680365093
3529 1680365093
3530 1680365093
3531 1680365093
3532 1680365093
3533 1680365093
3534 1680365093
3535 1680365093
3536 1680365094
3537 1680365094
3538 1680365094
3539 1680365094
3540 1680365094
3541 1680365094
3542 1680365094
3543 1680365094
3544 1680365094
3545 1680365094
3546 1680365094
3547 1680365094
3548 1680365094
3549 1680365094
3550 1680365094
3551 1680365094
3552 1680365094
3553 1680365094
3554 1680365094
3555 1680365094
3556 1680365094
3557 1680365094
3558 1680365094
3559 1680365094
3560 1680365094
3561 1680365094
3562 1680365094
3563 1680365094
3564 1680365094
3565 1680365095
3566 1680365095
3567 1680365095
3568 1680365095
3569 1680365095
3570 1680365095
3571 1680365095
3572 1680365095
3573 1680365095
3574 1680365095
3575 1680365095
3576 1680365095
3577 1680365095
3578 1680365095
3579 1680365095
3580 1680365095
3581 1680365095
3582 1680365095
3583 1680365095
3584 1680365095
3585 1680365095
3586 1680365095
3587 1680365095
3588 1680365095
3589 1680365095
3590 1680365095
3591 1680365095
3592 1680365095
3593 1680365095
3594 1680365095
3595 1680365096
3596 1680365096
3597 1680365096
3598 1680365096
3599 1680365096
3600 1680365096
3601 1680365096
3602 1680365096
3603 1680365096
3604 1680365096
3605 1680365096
3606 1680365096
3607 1680365096
3608 1680365096
3609 1680365096
3610 1680365096
3611 1680365096
3612 1680365096
3613 1680365096
3614 1680365096
3615 1680365096
3616 1680365096
3617 1680365096
3618 1680365096
3619 1680365096
3620 1680365096
3621 1680365096
3622 1680365096
3623 1680365096
3624 1680365097
3625 1680365097
3626 1680365097
3627 1680365097
3628 1680365097
3629 1680365097
3630 1680365097
3631 1680365097
3632 1680365097
3633 1680365097
3634 1680365097
3635 1680365097
3636 1680365097
3637 1680365097
3638 1680365097
3639 1680365097
3640 1680365097
3641 1680365097
3642 1680365097
3643 1680365097
3644 1680365097
3645 1680365097
3646 1680365097
3647 1680365097
3648 1680365097
3649 1680365097
3650 1680365097
3651 1680365097
3652 1680365097
3653 1680365097
3654 1680365098
3655 1680365098
3656 1680365098
3657 1680365098
3658 1680365098
3659 1680365098
3660 1680365098
3661 1680365098
3662 1680365098
3663 1680365098
3664 1680365098
3665 1680365098
3666 1680365098
3667 1680365098
3668 1680365098
3669 1680365098
3670 1680365098
3671 1680365098
3672 1680365098
3673 1680365098
3674 1680365098
3675 1680365098
3676 1680365098
3677 1680365098
3678 1680365098
3679 1680365098
3680 1680365098
3681 1680365098
3682 1680365098
3683 1680365098
3684 1680365099
3685 1680365099
3686 1680365099
3687 1680365099
3688 1680365099
3689 1680365099
3690 1680365099
3691 1680365099
3692 1680365099
3693 1680365099
3694 1680365099
3695 1680365099
3696 1680365099
3697 1680365099
3698 1680365099
3699 1680365099
3700 1680365099
3701 1680365099
3702 1680365099
3703 1680365099
3704 1680365099
3705 1680365099
3706 1680365099
3707 1680365099
3708 1680365099
3709 1680365099
3710 1680365099
3711 1680365099
3712 1680365099
3713 1680365099
3714 1680365100
3715 1680365100
3716 1680365100
3717 1680365100
3718 1680365100
3719 1680365100
3720 1680365100
3721 1680365100
3722 1680365100
3723 1680365100
3724 1680365100
3725 1680365100
3726 1680365100
3727 1680365100
3728 1680365100
3729 1680365100
3730 1680365100
3731 1680365100
3732 1680365100
3733 1680365100
3734 1680365100
3735 1680365100
3736 1680365100
3737 1680365100
3738 1680365100
3739 1680365100
3740 1680365100
3741 1680365100
3742 1680365101
3743 1680365101
3744 1680365101
3745 1680365101
3746 1680365101
3747 1680365101
3748 1680365101
3749 1680365101
3750 1680365101
3751 1680365101
3752 1680365101
3753 1680365101
3754 1680365101
3755 1680365101
3756 1680365101
3757 1680365101
3758 1680365101
3759 1680365101
3760 1680365101
3761 1680365101
3762 1680365101
3763 1680365101
3764 1680365101
3765 1680365101
3766 1680365101
3767 1680365101
3768 1680365101
3769 1680365101
3770 1680365101
3771 1680365101
3772 1680365102
3773 1680365102
3774 1680365102
3775 1680365102
3776 1680365102
3777 1680365102
3778 1680365102
3779 1680365102
3780 1680365102
3781 1680365102
3782 1680365102
3783 1680365102
3784 1680365102
3785 1680365102
3786 1680365102
3787 1680365102
3788 1680365102
3789 1680365102
3790 1680365102
3791 1680365102
3792 1680365102
3793 1680365102
3794 1680365102
3795 1680365102
3796 1680365102
3797 1680365102
3798 1680365102
3799 1680365102
3800 1680365102
3801 1680365102
3802 1680365103
3803 1680365103
3804 1680365103
3805 1680365103
3806 1680365103
3807 1680365103
3808 1680365103
3809 1680365103
3810 1680365103
3811 1680365103
3812 1680365103
3813 1680365103
3814 1680365103
3815 1680365103
3816 1680365103
3817 1680365103
3818 1680365103
3819 1680365103
3820 1680365103
3821 1680365103
3822 1680365103
3823 1680365103
3824 1680365103
3825 1680365103
3826 1680365103
3827 1680365103
3828 1680365103
3829 1680365103
3830 1680365103
3831 1680365103
3832 1680365104
3833 1680365104
3834 1680365104
3835 1680365104
3836 1680365104
3837 1680365104
3838 1680365104
3839 1680365104
3840 1680365104
3841 1680365104
3842 1680365104
3843 1680365104
3844 1680365104
3845 1680365104
3846 1680365104
3847 1680365104
3848 1680365104
3849 1680365104
3850 1680365104
3851 1680365104
3852 1680365104
3853 1680365104
3854 1680365104
3855 1680365104
3856 1680365104
3857 1680365104
3858 1680365104
3859 1680365104
3860 1680365104
3861 1680365105
3862 1680365105
3863 1680365105
3864 1680365105
3865 1680365105
3866 1680365105
3867 1680365105
3868 1680365105
3869 1680365105
3870 1680365105
3871 1680365105
3872 1680365105
3873 1680365105
3874 1680365105
3875 1680365105
3876 1680365105
3877 1680365105
3878 1680365105
3879 1680365105
3880 1680365105
3881 1680365105
3882 1680365105
3883 1680365105
3884 1680365105
3885 1680365105
3886 1680365105
3887 1680365105
3888 1680365105
3889 1680365105
3890 1680365106
3891 1680365106
3892 1680365106
3893 1680365106
3894 1680365106
3895 1680365106
3896 1680365106
3897 1680365106
3898 1680365106
3899 1680365106
3900 1680365106
3901 1680365106
3902 1680365106
3903 1680365106
3904 1680365106
3905 1680365106
3906 1680365106
3907 1680365106
3908 1680365106
3909 1680365106
3910 1680365106
3911 1680365106
3912 1680365106
3913 1680365106
3914 1680365106
3915 1680365106
3916 1680365106
3917 1680365106
3918 1680365106
3919 1680365106
3920 1680365107
3921 1680365107
3922 1680365107
3923 1680365107
3924 1680365107
3925 1680365107
3926 1680365107
3927 1680365107
3928 1680365107
3929 1680365107
3930 1680365107
3931 1680365107
3932 1680365107
3933 1680365107
3934 1680365107
3935 1680365107
3936 1680365107
3937 1680365107
3938 1680365107
3939 1680365107
3940 1680365107
3941 1680365107
3942 1680365107
3943 1680365107
3944 1680365107
3945 1680365107
3946 1680365107
3947 1680365108
3948 1680365108
3949 1680365108
3950 1680365108
3951 1680365108
3952 1680365108
3953 1680365108
3954 1680365108
3955 1680365108
3956 1680365108
3957 1680365108
3958 1680365108
3959 1680365108
3960 1680365108
3961 1680365108
3962 1680365108
3963 1680365108
3964 1680365108
3965 1680365108
3966 1680365108
3967 1680365108
3968 1680365108
3969 1680365108
3970 1680365108
3971 1680365108
3972 1680365108
3973 1680365108
3974 1680365108
3975 1680365108
3976 1680365108
3977 1680365108
3978 1680365109
3979 1680365109
3980 1680365109
3981 1680365109
3982 1680365109
3983 1680365109
3984 1680365109
3985 1680365109
3986 1680365109
3987 1680365109
3988 1680365109
3989 1680365109
3990 1680365109
3991 1680365109
3992 1680365109
3993 1680365109
3994 1680365109
3995 1680365109
3996 1680365109
3997 1680365109
3998 1680365109
3999 1680365109
4000 1680365109
4001 1680365109
4002 1680365109
4003 1680365109
4004 1680365109
4005 1680365109
4006 1680365109
4007 1680365110
4008 1680365110
4009 1680365110
4010 1680365110
4011 1680365110
4012 1680365110
4013 1680365110
4014 1680365110
4015 1680365110
4016 1680365110
4017 1680365110
4018 1680365110
4019 1680365110
4020 1680365110
4021 1680365110
4022 1680365110
4023 1680365110
4024 1680365110
4025 1680365110
4026 1680365110
4027 1680365110
4028 1680365110
4029 1680365110
4030 1680365110
4031 1680365110
4032 1680365110
4033 1680365110
4034 1680365110
4035 1680365110
4036 1680365110
4037 1680365111
4038 1680365111
4039 1680365111
4040 1680365111
4041 1680365111
4042 1680365111
4043 1680365111
4044 1680365111
4045 1680365111
4046 1680365111
4047 1680365111
4048 1680365111
4049 1680365111
4050 1680365111
4051 1680365111
4052 1680365111
4053 1680365111
4054 1680365111
4055 1680365111
4056 1680365111
4057 1680365111
4058 1680365111
4059 1680365111
4060 1680365111
4061 1680365111
4062 1680365111
4063 1680365111
4064 1680365111
4065 1680365111
4066 1680365111
4067 1680365112
4068 1680365112
4069 1680365112
4070 1680365112
4071 1680365112
4072 1680365112
4073 1680365112
4074 1680365112
4075 1680365112
4076 1680365112
4077 1680365112
4078 1680365112
4079 1680365112
4080 1680365112
4081 1680365112
4082 1680365112
4083 1680365112
4084 1680365112
4085 1680365112
4086 1680365112
4087 1680365112
4088 1680365112
4089 1680365112
4090 1680365112
4091 1680365112
4092 1680365112
4093 1680365112
4094 1680365112
4095 1680365112
4096 1680365112
4097 1680365113
4098 1680365113
4099 1680365113
4100 1680365113
4101 1680365113
4102 1680365113
4103 1680365113
4104 1680365113
4105 1680365113
4106 1680365113
4107 1680365113
4108 1680365113
4109 1680365113
4110 1680365113
4111 1680365113
4112 1680365113
4113 1680365113
4114 1680365113
4115 1680365113
4116 1680365113
4117 1680365113
4118 1680365113
4119 1680365113
4120 1680365113
4121 1680365113
4122 1680365113
4123 1680365113
4124 1680365113
4125 1680365114
4126 1680365114
4127 1680365114
4128 1680365114
4129 1680365114
4130 1680365114
4131 1680365114
4132 1680365114
4133 1680365114
4134 1680365114
4135 1680365114
4136 1680365114
4137 1680365114
4138 1680365114
4139 1680365114
4140 1680365114
4141 1680365114
4142 1680365114
4143 1680365114
4144 1680365114
4145 1680365114
4146 1680365114
4147 1680365114
4148 1680365114
4149 1680365114
4150 1680365114
4151 1680365114
4152 1680365114
4153 1680365114
4154 1680365114
4155 1680365115
4156 1680365115
4157 1680365115
4158 1680365115
4159 1680365115
4160 1680365115
4161 1680365115
4162 1680365115
4163 1680365115
4164 1680365115
4165 1680365115
4166 1680365115
4167 1680365115
4168 1680365115
4169 1680365115
4170 1680365115
4171 1680365115
4172 1680365115
4173 1680365115
4174 1680365115
4175 1680365115
4176 1680365115
4177 1680365115
4178 1680365115
4179 1680365115
4180 1680365115
4181 1680365115
4182 1680365115
4183 1680365115
4184 1680365115
4185 1680365116
4186 1680365116
4187 1680365116
4188 1680365116
4189 1680365116
4190 1680365116
4191 1680365116
4192 1680365116
4193 1680365116
4194 1680365116
4195 1680365116
4196 1680365116
