1 1703947776015 2 101 5.006112 2 102 5.170324
2 1703947776264 3 101 5.081180 3 102 5.099947
3 1703947776974 1 101 5.189091 1 102 5.010804
4 1703947777223 2 101 5.010804 2 102 5.146865
5 1703947777467 3 101 5.043646 3 102 5.090564
6 1703947777715 1 101 5.184399 1 102 5.048338
7 1703947777968 2 101 4.992037 2 102 5.156249
8 1703947778216 3 101 5.053030 3 102 5.095255
9 1703947778467 1 101 5.165632 1 102 5.034263
10 1703947778713 2 101 5.010804 2 102 5.146865
11 1703947778961 3 101 5.085872 3 102 5.099947
12 1703947779205 1 101 5.160940 1 102 5.020187
13 1703947779452 2 101 5.020187 2 102 5.156249
14 1703947779701 3 101 5.067105 3 102 5.099947
15 1703947779949 1 101 5.179707 1 102 5.029571
16 1703947780195 2 101 5.020187 2 102 5.142173
17 1703947780443 3 101 5.085872 3 102 5.104639
18 1703947780692 1 101 5.184399 1 102 5.029571
19 1703947780938 2 101 5.006112 2 102 5.142173
20 1703947781183 3 101 5.090564 3 102 5.118714
21 1703947781432 1 101 5.165632 1 102 5.020187
22 1703947781678 2 101 4.987345 2 102 5.156249
23 1703947781926 3 101 5.085872 3 102 5.104639
24 1703947782170 1 101 5.146865 1 102 5.034263
25 1703947782422 2 101 5.020187 2 102 5.123406
26 1703947782671 3 101 5.071796 3 102 5.099947
27 1703947782918 1 101 5.151556 1 102 5.029571
28 1703947783162 2 101 5.020187 2 102 5.142173
29 1703947783410 3 101 5.062413 3 102 5.109331
30 1703947783657 1 101 5.198474 1 102 5.034263
31 1703947784475 2 101 4.982653 2 102 5.165632
32 1703947784726 3 101 5.081180 3 102 5.095255
33 1703947784972 1 101 5.179707 1 102 5.034263
34 1703947785221 2 101 5.001420 2 102 5.146865
35 1703947785471 3 101 5.067105 3 102 5.099947
36 1703947785721 1 101 5.189091 1 102 5.029571
37 1703947785972 2 101 4.987345 2 102 5.170324
38 1703947786220 3 101 5.071796 3 102 5.095255
39 1703947786471 1 101 5.189091 1 102 5.024879
40 1703947786724 2 101 5.029571 2 102 5.165632
41 1703947786973 3 101 5.095255 3 102 5.099947
42 1703947787229 1 101 5.170324 1 102 5.048338
43 1703947787490 2 101 4.996728 2 102 5.156249
44 1703947787734 3 101 5.062413 3 102 5.095255
45 1703947787982 1 101 5.175015 1 102 5.010804
46 1703947788234 2 101 4.982653 2 102 5.160940
47 1703947788485 3 101 5.076488 3 102 5.132790
48 1703947788731 1 101 5.151556 1 102 5.024879
49 1703947788982 2 101 5.020187 2 102 5.175015
50 1703947789227 3 101 5.076488 3 102 5.118714
51 1703947789474 1 101 5.189091 1 102 5.038954
52 1703947789720 2 101 5.001420 2 102 5.184399
53 1703947789968 3 101 5.057721 3 102 5.099947
54 1703947790216 1 101 5.170324 1 102 5.029571
55 1703947790461 2 101 5.001420 2 102 5.160940
56 1703947790705 3 101 5.067105 3 102 5.104639
57 1703947790954 1 101 5.189091 1 102 5.034263
58 1703947791200 2 101 5.006112 2 102 5.175015
59 1703947791444 3 101 5.076488 3 102 5.128098
60 1703947791689 1 101 5.179707 1 102 5.034263
61 1703947791932 2 101 4.982653 2 102 5.179707
62 1703947792176 3 101 5.071796 3 102 5.109331
63 1703947792421 1 101 5.146865 1 102 5.006112
64 1703947792666 2 101 4.987345 2 102 5.156249
65 1703947792914 3 101 5.057721 3 102 5.090564
66 1703947793165 1 101 5.189091 1 102 5.029571
67 1703947793411 2 101 5.006112 2 102 5.198474
68 1703947793656 3 101 5.057721 3 102 5.123406
69 1703947793921 1 101 5.193782 1 102 5.024879
70 1703947794173 2 101 4.987345 2 102 5.142173
71 1703947794449 3 101 5.071796 3 102 5.109331
72 1703947794700 1 101 5.160940 1 102 5.034263
73 1703947794946 2 101 4.996728 2 102 5.165632
74 1703947795193 3 101 5.043646 3 102 5.123406
75 1703947795448 1 101 5.170324 1 102 5.048338
76 1703947795694 2 101 4.996728 2 102 5.160940
77 1703947795944 3 101 5.081180 3 102 5.128098
78 1703947796189 1 101 5.165632 1 102 5.043646
79 1703947796435 2 101 4.992037 2 102 5.184399
80 1703947796683 3 101 5.053030 3 102 5.104639
81 1703947796933 1 101 5.193782 1 102 5.043646
82 1703947797181 2 101 4.982653 2 102 5.165632
83 1703947797426 3 101 5.038954 3 102 5.076488
84 1703947797676 1 101 5.184399 1 102 5.048338
85 1703947797923 2 101 5.006112 2 102 5.137481
86 1703947798169 3 101 5.076488 3 102 5.085872
87 1703947798417 1 101 5.156249 1 102 5.034263
88 1703947798668 2 101 4.987345 2 102 5.175015
89 1703947798923 3 101 5.081180 3 102 5.085872
90 1703947799173 1 101 5.170324 1 102 5.015495
91 1703947799421 2 101 4.996728 2 102 5.170324
92 1703947799671 3 101 5.081180 3 102 5.132790
93 1703947799920 1 101 5.170324 1 102 5.034263
94 1703947800164 2 101 4.996728 2 102 5.156249
95 1703947800415 3 101 5.076488 3 102 5.114023
96 1703947800661 1 101 5.156249 1 102 5.034263
97 1703947800909 2 101 5.006112 2 102 5.175015
98 1703947801159 3 101 5.067105 3 102 5.114023
99 1703947801404 1 101 5.170324 1 102 5.024879
100 1703947801652 2 101 5.015495 2 102 5.189091
101 1703947801899 3 101 5.053030 3 102 5.099947
102 1703947802149 1 101 5.160940 1 102 5.038954
103 1703947802402 2 101 5.001420 2 102 5.156249
104 1703947802652 3 101 5.071796 3 102 5.104639
105 1703947802906 1 101 5.170324 1 102 5.043646
106 1703947803153 2 101 5.006112 2 102 5.156249
107 1703947803400 3 101 5.057721 3 102 5.104639
108 1703947803653 1 101 5.137481 1 102 5.024879
109 1703947803902 2 101 5.006112 2 102 5.146865
110 1703947804151 3 101 5.053030 3 102 5.142173
111 1703947804398 1 101 5.175015 1 102 5.015495
112 1703947804643 2 101 5.006112 2 102 5.156249
113 1703947804892 3 101 5.048338 3 102 5.090564
114 1703947805140 1 101 5.151556 1 102 5.034263
115 1703947805385 2 101 5.006112 2 102 5.160940
116 1703947805631 3 101 5.076488 3 102 5.118714
117 1703947805878 1 101 5.170324 1 102 5.048338
118 1703947806123 2 101 4.996728 2 102 5.165632
119 1703947806370 3 101 5.053030 3 102 5.099947
120 1703947806616 1 101 5.132790 1 102 5.057721
121 1703947806861 2 101 5.001420 2 102 5.170324
122 1703947807108 3 101 5.024879 3 102 5.076488
123 1703947807357 1 101 5.184399 1 102 5.038954
124 1703947807608 2 101 5.024879 2 102 5.142173
125 1703947807853 3 101 5.043646 3 102 5.123406
126 1703947808099 1 101 5.170324 1 102 5.024879
127 1703947808353 2 101 5.006112 2 102 5.160940
128 1703947808601 3 101 5.053030 3 102 5.118714
129 1703947808846 1 101 5.165632 1 102 5.006112
130 1703947809091 2 101 5.006112 2 102 5.165632
131 1703947809341 3 101 5.062413 3 102 5.090564
132 1703947809584 1 101 5.160940 1 102 5.029571
133 1703947809827 2 101 5.001420 2 102 5.128098
134 1703947810075 3 101 5.076488 3 102 5.099947
135 1703947810321 1 101 5.160940 1 102 5.043646
136 1703947810571 2 101 5.015495 2 102 5.170324
137 1703947810816 3 101 5.053030 3 102 5.118714
138 1703947811064 1 101 5.203166 1 102 5.029571
139 1703947811313 2 101 5.006112 2 102 5.189091
140 1703947811559 3 101 5.067105 3 102 5.132790
141 1703947811803 1 101 5.165632 1 102 5.024879
142 1703947812047 2 101 5.006112 2 102 5.160940
143 1703947812295 3 101 5.090564 3 102 5.104639
144 1703947812541 1 101 5.146865 1 102 5.029571
145 1703947812785 2 101 4.992037 2 102 5.156249
146 1703947813030 3 101 5.057721 3 102 5.118714
147 1703947813280 1 101 5.179707 1 102 5.043646
148 1703947813523 2 101 5.024879 2 102 5.137481
149 1703947813768 3 101 5.048338 3 102 5.118714
150 1703947814013 1 101 5.128098 1 102 5.043646
151 1703947814257 2 101 5.010804 2 102 5.151556
152 1703947814501 3 101 5.038954 3 102 5.090564
153 1703947814746 1 101 5.160940 1 102 5.029571
154 1703947814991 2 101 5.001420 2 102 5.175015
155 1703947815241 3 101 5.053030 3 102 5.104639
156 1703947815490 1 101 5.189091 1 102 5.043646
157 1703947815736 2 101 4.996728 2 102 5.156249
158 1703947815985 3 101 5.057721 3 102 5.099947
159 1703947816235 1 101 5.193782 1 102 5.015495
160 1703947816483 2 101 5.001420 2 102 5.142173
161 1703947816732 3 101 5.067105 3 102 5.099947
162 1703947816978 1 101 5.184399 1 102 5.043646
163 1703947817228 2 101 4.996728 2 102 5.207858
164 1703947817475 3 101 5.076488 3 102 5.104639
165 1703947817725 1 101 5.170324 1 102 5.038954
166 1703947817976 2 101 5.001420 2 102 5.160940
167 1703947818223 3 101 5.071796 3 102 5.081180
168 1703947818471 1 101 5.193782 1 102 5.015495
169 1703947818719 2 101 5.024879 2 102 5.142173
170 1703947818966 3 101 5.081180 3 102 5.104639
171 1703947819214 1 101 5.189091 1 102 5.015495
172 1703947819460 2 101 4.987345 2 102 5.156249
173 1703947819710 3 101 5.062413 3 102 5.123406
174 1703947819958 1 101 5.175015 1 102 5.048338
175 1703947820207 2 101 5.006112 2 102 5.179707
176 1703947820459 3 101 5.076488 3 102 5.095255
177 1703947820707 1 101 5.132790 1 102 5.024879
178 1703947820956 2 101 5.015495 2 102 5.165632
179 1703947821204 3 101 5.076488 3 102 5.104639
180 1703947821450 1 101 5.151556 1 102 5.029571
181 1703947821704 2 101 4.992037 2 102 5.137481
182 1703947821950 3 101 5.085872 3 102 5.085872
183 1703947822198 1 101 5.179707 1 102 5.062413
184 1703947822446 2 101 5.006112 2 102 5.160940
185 1703947822693 3 101 5.067105 3 102 5.128098
186 1703947822937 1 101 5.189091 1 102 5.024879
187 1703947823184 2 101 4.982653 2 102 5.165632
188 1703947823433 3 101 5.053030 3 102 5.118714
189 1703947823681 1 101 5.170324 1 102 5.024879
190 1703947823927 2 101 4.987345 2 102 5.170324
191 1703947824175 3 101 5.071796 3 102 5.137481
192 1703947824420 1 101 5.184399 1 102 4.987345
193 1703947824665 2 101 5.006112 2 102 5.146865
194 1703947824913 3 101 5.071796 3 102 5.118714
195 1703947825159 1 101 5.156249 1 102 5.015495
196 1703947825406 2 101 5.006112 2 102 5.170324
197 1703947825650 3 101 5.076488 3 102 5.146865
198 1703947825896 1 101 5.184399 1 102 5.010804
199 1703947826141 2 101 4.992037 2 102 5.170324
200 1703947826388 3 101 5.057721 3 102 5.095255
201 1703947826634 1 101 5.146865 1 102 5.048338
202 1703947826879 2 101 5.006112 2 102 5.165632
203 1703947827125 3 101 5.053030 3 102 5.095255
204 1703947827372 1 101 5.160940 1 102 5.001420
205 1703947827619 2 101 4.982653 2 102 5.189091
206 1703947827862 3 101 5.043646 3 102 5.085872
207 1703947828109 1 101 5.193782 1 102 5.015495
208 1703947828362 2 101 5.001420 2 102 5.156249
209 1703947828610 3 101 5.081180 3 102 5.104639
210 1703947828857 1 101 5.175015 1 102 5.038954
211 1703947829105 2 101 5.001420 2 102 5.165632
212 1703947829352 3 101 5.067105 3 102 5.081180
213 1703947829596 1 101 5.179707 1 102 5.010804
214 1703947829847 2 101 4.987345 2 102 5.156249
215 1703947830094 3 101 5.053030 3 102 5.109331
216 1703947830340 1 101 5.146865 1 102 5.038954
217 1703947830587 2 101 5.001420 2 102 5.170324
218 1703947830832 3 101 5.057721 3 102 5.118714
219 1703947831079 1 101 5.189091 1 102 5.020187
220 1703947831336 2 101 5.006112 2 102 5.146865
221 1703947831580 3 101 5.057721 3 102 5.085872
222 1703947831827 1 101 5.170324 1 102 5.048338
223 1703947832073 2 101 5.006112 2 102 5.123406
224 1703947832319 3 101 5.071796 3 102 5.095255
225 1703947832566 1 101 5.179707 1 102 5.029571
226 1703947832810 2 101 4.982653 2 102 5.151556
227 1703947833060 3 101 5.067105 3 102 5.067105
228 1703947833304 1 101 5.193782 1 102 5.048338
229 1703947833549 2 101 5.024879 2 102 5.151556
230 1703947833796 3 101 5.053030 3 102 5.085872
231 1703947834044 1 101 5.184399 1 102 5.057721
232 1703947834293 2 101 5.010804 2 102 5.146865
233 1703947834538 3 101 5.090564 3 102 5.090564
234 1703947834784 1 101 5.156249 1 102 5.015495
235 1703947835027 2 101 5.001420 2 102 5.175015
236 1703947835273 3 101 5.048338 3 102 5.085872
237 1703947835516 1 101 5.137481 1 102 5.038954
238 1703947835761 2 101 5.006112 2 102 5.156249
239 1703947836007 3 101 5.067105 3 102 5.114023
240 1703947836251 1 101 5.184399 1 102 5.038954
241 1703947836496 2 101 5.006112 2 102 5.156249
242 1703947836747 3 101 5.043646 3 102 5.123406
243 1703947836996 1 101 5.175015 1 102 5.029571
244 1703947837243 2 101 5.006112 2 102 5.160940
245 1703947837490 3 101 5.067105 3 102 5.085872
246 1703947837735 1 101 5.189091 1 102 5.053030
247 1703947837991 2 101 5.006112 2 102 5.179707
248 1703947838238 3 101 5.067105 3 102 5.095255
249 1703947838488 1 101 5.179707 1 102 5.043646
250 1703947838735 2 101 5.010804 2 102 5.170324
251 1703947838980 3 101 5.067105 3 102 5.114023
252 1703947839226 1 101 5.165632 1 102 5.015495
253 1703947839474 2 101 4.987345 2 102 5.165632
254 1703947839719 3 101 5.057721 3 102 5.081180
255 1703947839965 1 101 5.165632 1 102 5.015495
256 1703947840212 2 101 5.006112 2 102 5.175015
257 1703947840456 3 101 5.085872 3 102 5.099947
258 1703947840703 1 101 5.175015 1 102 5.029571
259 1703947840952 2 101 5.001420 2 102 5.160940
260 1703947841210 3 101 5.067105 3 102 5.109331
261 1703947841464 1 101 5.203166 1 102 5.020187
262 1703947841711 2 101 4.982653 2 102 5.160940
263 1703947841957 3 101 5.067105 3 102 5.085872
264 1703947842202 1 101 5.156249 1 102 5.024879
265 1703947842449 2 101 5.015495 2 102 5.170324
266 1703947842694 3 101 5.071796 3 102 5.085872
267 1703947842938 1 101 5.170324 1 102 5.015495
268 1703947843182 2 101 5.001420 2 102 5.137481
269 1703947843427 3 101 5.067105 3 102 5.109331
270 1703947843671 1 101 5.160940 1 102 5.034263
271 1703947843919 2 101 5.006112 2 102 5.175015
272 1703947844163 3 101 5.071796 3 102 5.090564
273 1703947844413 1 101 5.193782 1 102 5.015495
274 1703947844656 2 101 5.010804 2 102 5.142173
275 1703947844904 3 101 5.034263 3 102 5.109331
276 1703947845152 1 101 5.193782 1 102 5.038954
277 1703947845403 2 101 4.987345 2 102 5.170324
278 1703947845649 3 101 5.048338 3 102 5.114023
279 1703947845895 1 101 5.156249 1 102 5.043646
280 1703947846141 2 101 4.996728 2 102 5.156249
281 1703947846388 3 101 5.067105 3 102 5.109331
282 1703947846640 1 101 5.189091 1 102 5.038954
283 1703947846884 2 101 5.001420 2 102 5.179707
284 1703947847134 3 101 5.062413 3 102 5.104639
285 1703947847397 1 101 5.165632 1 102 5.048338
286 1703947847644 2 101 4.977962 2 102 5.184399
287 1703947847891 3 101 5.043646 3 102 5.114023
288 1703947848137 1 101 5.175015 1 102 4.987345
289 1703947848383 2 101 4.992037 2 102 5.151556
290 1703947848630 3 101 5.062413 3 102 5.109331
291 1703947848881 1 101 5.170324 1 102 5.010804
292 1703947849132 2 101 4.996728 2 102 5.146865
293 1703947849386 3 101 5.062413 3 102 5.114023
294 1703947849668 1 101 5.170324 1 102 5.057721
295 1703947849925 2 101 4.992037 2 102 5.189091
296 1703947850173 3 101 5.053030 3 102 5.085872
297 1703947850424 1 101 5.146865 1 102 5.020187
298 1703947850668 2 101 5.001420 2 102 5.165632
299 1703947850918 3 101 5.057721 3 102 5.123406
300 1703947851162 1 101 5.156249 1 102 5.029571
301 1703947851407 2 101 4.996728 2 102 5.175015
302 1703947851654 3 101 5.071796 3 102 5.095255
303 1703947851952 1 101 5.179707 1 102 5.038954
304 1703947852209 2 101 5.010804 2 102 5.160940
305 1703947852457 3 101 5.076488 3 102 5.099947
306 1703947852700 1 101 5.165632 1 102 5.010804
307 1703947852950 2 101 5.010804 2 102 5.170324
308 1703947853196 3 101 5.071796 3 102 5.104639
309 1703947853444 1 101 5.165632 1 102 5.010804
310 1703947853689 2 101 4.992037 2 102 5.151556
311 1703947853939 3 101 5.043646 3 102 5.104639
312 1703947854190 1 101 5.189091 1 102 5.020187
313 1703947854447 2 101 5.010804 2 102 5.146865
314 1703947854693 3 101 5.053030 3 102 5.146865
315 1703947854943 1 101 5.175015 1 102 5.034263
316 1703947855191 2 101 5.001420 2 102 5.156249
317 1703947855459 3 101 5.090564 3 102 5.132790
318 1703947855737 1 101 5.151556 1 102 5.034263
319 1703947855994 2 101 5.010804 2 102 5.156249
320 1703947856242 3 101 5.067105 3 102 5.085872
321 1703947856490 1 101 5.165632 1 102 5.015495
322 1703947856738 2 101 4.992037 2 102 5.165632
323 1703947856983 3 101 5.071796 3 102 5.128098
324 1703947857229 1 101 5.179707 1 102 5.057721
325 1703947857475 2 101 4.996728 2 102 5.160940
326 1703947857721 3 101 5.076488 3 102 5.090564
327 1703947857967 1 101 5.156249 1 102 5.020187
328 1703947858213 2 101 4.992037 2 102 5.151556
329 1703947858460 3 101 5.038954 3 102 5.114023
330 1703947858704 1 101 5.170324 1 102 5.029571
331 1703947858958 2 101 5.020187 2 102 5.142173
332 1703947859210 3 101 5.062413 3 102 5.095255