1 1703947776865
2 1703947776953
3 1703947776969
4 1703947777001
5 1703947777029
6 1703947777061
7 1703947777093
8 1703947777129
9 1703947777161
10 1703947777193
11 1703947777229
12 1703947777262
13 1703947777299
14 1703947777330
15 1703947777362
16 1703947777398
17 1703947777433
18 1703947777470
19 1703947777501
20 1703947777533
21 1703947777569
22 1703947777601
23 1703947777661
24 1703947777714
25 1703947777766
26 1703947777805
27 1703947777845
28 1703947777885
29 1703947777915
30 1703947777950
31 1703947777985
32 1703947778018
33 1703947778050
34 1703947778082
35 1703947778121
36 1703947778154
37 1703947778186
38 1703947778223
39 1703947778254
40 1703947778287
41 1703947778319
42 1703947778353
43 1703947778386
44 1703947778417
45 1703947778453
46 1703947778485
47 1703947778517
48 1703947778554
49 1703947778585
50 1703947778622
51 1703947778654
52 1703947778685
53 1703947778721
54 1703947778752
55 1703947778789
56 1703947778821
57 1703947778853
58 1703947778889
59 1703947778921
60 1703947778957
61 1703947778989
62 1703947779020
63 1703947779057
64 1703947779090
65 1703947779125
66 1703947779157
67 1703947779190
68 1703947779225
69 1703947779257
70 1703947779293
71 1703947779325
72 1703947779357
73 1703947779393
74 1703947779425
75 1703947779461
76 1703947779493
77 1703947779525
78 1703947779561
79 1703947779594
80 1703947779630
81 1703947779661
82 1703947779693
83 1703947779729
84 1703947779761
85 1703947779797
86 1703947779830
87 1703947779861
88 1703947779897
89 1703947779929
90 1703947779968
91 1703947780000
92 1703947780030
93 1703947780065
94 1703947780097
95 1703947780133
96 1703947780165
97 1703947780198
98 1703947780236
99 1703947780268
100 1703947780303
101 1703947780334
102 1703947780366
103 1703947780401
104 1703947780434
105 1703947780471
106 1703947780503
107 1703947780534
108 1703947780570
109 1703947780603
110 1703947780638
111 1703947780671
112 1703947780702
113 1703947780738
114 1703947780771
115 1703947780806
116 1703947780838
117 1703947780871
118 1703947780907
119 1703947780938
120 1703947780974
121 1703947781006
122 1703947781039
123 1703947781075
124 1703947781107
125 1703947781142
126 1703947781174
127 1703947781207
128 1703947781241
129 1703947781273
130 1703947781310
131 1703947781341
132 1703947781373
133 1703947781409
134 1703947781441
135 1703947781477
136 1703947781509
137 1703947781542
138 1703947781578
139 1703947781610
140 1703947781646
141 1703947781678
142 1703947781712
143 1703947781748
144 1703947781780
145 1703947781814
146 1703947781846
147 1703947781878
148 1703947781914
149 1703947781946
150 1703947781982
151 1703947782014
152 1703947782046
153 1703947782083
154 1703947782115
155 1703947782151
156 1703947782183
157 1703947782215
158 1703947782251
159 1703947782283
160 1703947782318
161 1703947782350
162 1703947782382
163 1703947782418
164 1703947782452
165 1703947782488
166 1703947782527
167 1703947782567
168 1703947782607
169 1703947782647
170 1703947782688
171 1703947782728
172 1703947782767
173 1703947782807
174 1703947782847
175 1703947782887
176 1703947782928
177 1703947782967
178 1703947783007
179 1703947783052
180 1703947783091
181 1703947783131
182 1703947783171
183 1703947783212
184 1703947783251
185 1703947783292
186 1703947783331
187 1703947783372
188 1703947783412
189 1703947783452
190 1703947783492
191 1703947783532
192 1703947783570
193 1703947783614
194 1703947783654
195 1703947783695
196 1703947783735
197 1703947783775
198 1703947783816
199 1703947783855
200 1703947783896
201 1703947783935
202 1703947783976
203 1703947784015
204 1703947784055
205 1703947784093
206 1703947784134
207 1703947784178
208 1703947784219
209 1703947784258
210 1703947784299
211 1703947784339
212 1703947784377
213 1703947784418
214 1703947784458
215 1703947784497
216 1703947784538
217 1703947784577
218 1703947784618
219 1703947784658
220 1703947784701
221 1703947784741
222 1703947784782
223 1703947784822
224 1703947784861
225 1703947784902
226 1703947784943
227 1703947784981
228 1703947785021
229 1703947785062
230 1703947785102
231 1703947785142
232 1703947785181
233 1703947785225
234 1703947785266
235 1703947785306
236 1703947785346
237 1703947785386
238 1703947785428
239 1703947785468
240 1703947785505
241 1703947785545
242 1703947785585
243 1703947785627
244 1703947785667
245 1703947785706
246 1703947785747
247 1703947785787
248 1703947785830
249 1703947785870
250 1703947785912
251 1703947785952
252 1703947785989
253 1703947786029
254 1703947786070
255 1703947786110
256 1703947786151
257 1703947786191
258 1703947786230
259 1703947786270
260 1703947786309
261 1703947786351
262 1703947786395
263 1703947786435
264 1703947786473
265 1703947786513
266 1703947786554
267 1703947786594
268 1703947786635
269 1703947786674
270 1703947786715
271 1703947786755
272 1703947786793
273 1703947786834
274 1703947786875
275 1703947786914
276 1703947786960
277 1703947786998
278 1703947787038
279 1703947787078
280 1703947787117
281 1703947787159
282 1703947787198
283 1703947787237
284 1703947787278
285 1703947787318
286 1703947787359
287 1703947787399
288 1703947787439
289 1703947787483
290 1703947787524
291 1703947787563
292 1703947787603
293 1703947787643
294 1703947787681
295 1703947787722
296 1703947787764
297 1703947787804
298 1703947787844
299 1703947787881
300 1703947787922
301 1703947787965
302 1703947788004
303 1703947788048
304 1703947788088
305 1703947788128
306 1703947788168
307 1703947788207
308 1703947788246
309 1703947788286
310 1703947788326
311 1703947788366
312 1703947788406
313 1703947788446
314 1703947788487
315 1703947788528
316 1703947788567
317 1703947788612
318 1703947788652
319 1703947788691
320 1703947788731
321 1703947788771
322 1703947788811
323 1703947788851
324 1703947788891
325 1703947788931
326 1703947788971
327 1703947789012
328 1703947789051
329 1703947789090
330 1703947789130
331 1703947789174
332 1703947789214
333 1703947789254
334 1703947789294
335 1703947789334
336 1703947789374
337 1703947789414
338 1703947789453
339 1703947789493
340 1703947789533
341 1703947789573
342 1703947789613
343 1703947789653
344 1703947789693
345 1703947789737
346 1703947789777
347 1703947789817
348 1703947789857
349 1703947789897
350 1703947789937
351 1703947789977
352 1703947790017
353 1703947790057
354 1703947790097
355 1703947790137
356 1703947790177
357 1703947790217
358 1703947790261
359 1703947790301
360 1703947790341
361 1703947790381
362 1703947790421
363 1703947790461
364 1703947790501
365 1703947790541
366 1703947790581
367 1703947790621
368 1703947790661
369 1703947790701
370 1703947790741
371 1703947790781
372 1703947790825
373 1703947790865
374 1703947790905
375 1703947790945
376 1703947790985
377 1703947791025
378 1703947791065
379 1703947791105
380 1703947791145
381 1703947791185
382 1703947791225
383 1703947791265
384 1703947791305
385 1703947791345
386 1703947791389
387 1703947791429
388 1703947791469
389 1703947791509
390 1703947791549
391 1703947791589
392 1703947791629
393 1703947791669
394 1703947791709
395 1703947791749
396 1703947791789
397 1703947791829
398 1703947791869
399 1703947791909
400 1703947791953
401 1703947791993
402 1703947792033
403 1703947792073
404 1703947792113
405 1703947792153
406 1703947792195
407 1703947792235
408 1703947792273
409 1703947792315
410 1703947792355
411 1703947792394
412 1703947792434
413 1703947792474
414 1703947792518
415 1703947792558
416 1703947792598
417 1703947792638
418 1703947792679
419 1703947792719
420 1703947792759
421 1703947792799
422 1703947792839
423 1703947792879
424 1703947792919
425 1703947792959
426 1703947792999
427 1703947793043
428 1703947793083
429 1703947793123
430 1703947793163
431 1703947793203
432 1703947793243
433 1703947793283
434 1703947793323
435 1703947793363
436 1703947793403
437 1703947793444
438 1703947793483
439 1703947793523
440 1703947793563
441 1703947793607
442 1703947793647
443 1703947793687
444 1703947793727
445 1703947793767
446 1703947793807
447 1703947793847
448 1703947793887
449 1703947793927
450 1703947793967
451 1703947794007
452 1703947794047
453 1703947794087
454 1703947794127
455 1703947794171
456 1703947794211
457 1703947794251
458 1703947794291
459 1703947794331
460 1703947794371
461 1703947794411
462 1703947794451
463 1703947794491
464 1703947794531
465 1703947794571
466 1703947794611
467 1703947794652
468 1703947794691
469 1703947794735
470 1703947794774
471 1703947794814
472 1703947794857
473 1703947794895
474 1703947794935
475 1703947794976
476 1703947795015
477 1703947795055
478 1703947795095
479 1703947795135
480 1703947795175
481 1703947795216
482 1703947795255
483 1703947795299
484 1703947795340
485 1703947795381
486 1703947795419
487 1703947795460
488 1703947795499
489 1703947795540
490 1703947795579
491 1703947795619
492 1703947795660
493 1703947795699
494 1703947795740
495 1703947795779
496 1703947795822
497 1703947795862
498 1703947795902
499 1703947795942
500 1703947795984
501 1703947796023
502 1703947796062
503 1703947796101
504 1703947796141
505 1703947796181
506 1703947796221
507 1703947796261
508 1703947796304
509 1703947796344
510 1703947796387
511 1703947796427
512 1703947796466
513 1703947796505
514 1703947796548
515 1703947796588
516 1703947796627
517 1703947796668
518 1703947796707
519 1703947796748
520 1703947796787
521 1703947796828
522 1703947796868
523 1703947796907
524 1703947796952
525 1703947796992
526 1703947797031
527 1703947797071
528 1703947797111
529 1703947797152
530 1703947797191
531 1703947797231
532 1703947797272
533 1703947797312
534 1703947797351
535 1703947797391
536 1703947797430
537 1703947797470
538 1703947797514
539 1703947797555
540 1703947797594
541 1703947797635
542 1703947797675
543 1703947797716
544 1703947797755
545 1703947797794
546 1703947797834
547 1703947797874
548 1703947797917
549 1703947797957
550 1703947797997
551 1703947798036
552 1703947798080
553 1703947798118
554 1703947798158
555 1703947798200
556 1703947798240
557 1703947798280
558 1703947798320
559 1703947798361
560 1703947798400
561 1703947798441
562 1703947798480
563 1703947798520
564 1703947798560
565 1703947798602
566 1703947798642
567 1703947798683
568 1703947798723
569 1703947798763
570 1703947798804
571 1703947798843
572 1703947798886
573 1703947798922
574 1703947798962
575 1703947799004
576 1703947799044
577 1703947799084
578 1703947799124
579 1703947799168
580 1703947799208
581 1703947799246
582 1703947799286
583 1703947799328
584 1703947799368
585 1703947799408
586 1703947799447
587 1703947799486
588 1703947799527
589 1703947799566
590 1703947799607
591 1703947799647
592 1703947799686
593 1703947799730
594 1703947799771
595 1703947799810
596 1703947799851
597 1703947799891
598 1703947799931
599 1703947799971
600 1703947800010
601 1703947800051
602 1703947800091
603 1703947800130
604 1703947800171
605 1703947800212
606 1703947800253
607 1703947800297
608 1703947800338
609 1703947800374
610 1703947800413
611 1703947800453
612 1703947800493
613 1703947800533
614 1703947800574
615 1703947800615
616 1703947800655
617 1703947800696
618 1703947800735
619 1703947800776
620 1703947800816
621 1703947800860
622 1703947800900
623 1703947800940
624 1703947800980
625 1703947801020
626 1703947801060
627 1703947801101
628 1703947801141
629 1703947801180
630 1703947801220
631 1703947801260
632 1703947801300
633 1703947801341
634 1703947801383
635 1703947801422
636 1703947801463
637 1703947801502
638 1703947801543
639 1703947801584
640 1703947801624
641 1703947801663
642 1703947801704
643 1703947801744
644 1703947801784
645 1703947801823
646 1703947801864
647 1703947801903
648 1703947801948
649 1703947801987
650 1703947802028
651 1703947802068
652 1703947802107
653 1703947802148
654 1703947802187
655 1703947802228
656 1703947802268
657 1703947802307
658 1703947802347
659 1703947802388
660 1703947802428
661 1703947802468
662 1703947802512
663 1703947802553
664 1703947802591
665 1703947802632
666 1703947802674
667 1703947802710
668 1703947802750
669 1703947802790
670 1703947802830
671 1703947802871
672 1703947802911
673 1703947802951
674 1703947802991
675 1703947803032
676 1703947803075
677 1703947803115
678 1703947803155
679 1703947803195
680 1703947803235
681 1703947803275
682 1703947803316
683 1703947803356
684 1703947803396
685 1703947803436
686 1703947803476
687 1703947803515
688 1703947803555
689 1703947803596
690 1703947803639
691 1703947803680
692 1703947803720
693 1703947803760
694 1703947803800
695 1703947803840
696 1703947803880
697 1703947803920
698 1703947803959
699 1703947804000
700 1703947804042
701 1703947804081
702 1703947804118
703 1703947804163
704 1703947804203
705 1703947804243
706 1703947804283
707 1703947804323
708 1703947804364
709 1703947804404
710 1703947804444
711 1703947804484
712 1703947804524
713 1703947804564
714 1703947804603
715 1703947804644
716 1703947804684
717 1703947804727
718 1703947804768
719 1703947804808
720 1703947804848
721 1703947804887
722 1703947804928
723 1703947804968
724 1703947805007
725 1703947805048
726 1703947805088
727 1703947805128
728 1703947805168
729 1703947805208
730 1703947805248
731 1703947805292
732 1703947805332
733 1703947805372
734 1703947805412
735 1703947805453
736 1703947805492
737 1703947805532
738 1703947805572
739 1703947805612
740 1703947805652
741 1703947805691
742 1703947805732
743 1703947805772
744 1703947805813
745 1703947805856
746 1703947805896
747 1703947805936
748 1703947805975
749 1703947806014
750 1703947806054
751 1703947806095
752 1703947806135
753 1703947806174
754 1703947806215
755 1703947806256
756 1703947806297
757 1703947806337
758 1703947806376
759 1703947806420
760 1703947806460
761 1703947806500
762 1703947806540
763 1703947806581
764 1703947806620
765 1703947806660
766 1703947806700
767 1703947806740
768 1703947806780
769 1703947806820
770 1703947806859
771 1703947806899
772 1703947806943
773 1703947806983
774 1703947807024
775 1703947807065
776 1703947807105
777 1703947807142
778 1703947807182
779 1703947807223
780 1703947807263
781 1703947807303
782 1703947807343
783 1703947807383
784 1703947807423
785 1703947807463
786 1703947807507
787 1703947807546
788 1703947807586
789 1703947807627
790 1703947807667
791 1703947807708
792 1703947807748
793 1703947807788
794 1703947807826
795 1703947807866
796 1703947807907
797 1703947807947
798 1703947807986
799 1703947808028
800 1703947808073
801 1703947808111
802 1703947808151
803 1703947808191
804 1703947808231
805 1703947808271
806 1703947808311
807 1703947808352
808 1703947808391
809 1703947808431
810 1703947808471
811 1703947808511
812 1703947808551
813 1703947808591
814 1703947808635
815 1703947808675
816 1703947808715
817 1703947808755
818 1703947808795
819 1703947808835
820 1703947808875
821 1703947808915
822 1703947808955
823 1703947808995
824 1703947809036
825 1703947809076
826 1703947809118
827 1703947809156
828 1703947809200
829 1703947809240
830 1703947809280
831 1703947809320
832 1703947809360
833 1703947809401
834 1703947809440
835 1703947809481
836 1703947809520
837 1703947809560
838 1703947809601
839 1703947809640
840 1703947809680
841 1703947809724
842 1703947809764
843 1703947809804
844 1703947809845
845 1703947809885
846 1703947809924
847 1703947809963
848 1703947810003
849 1703947810044
850 1703947810084
851 1703947810124
852 1703947810164
853 1703947810204
854 1703947810244
855 1703947810288
856 1703947810328
857 1703947810368
858 1703947810408
859 1703947810448
860 1703947810488
861 1703947810529
862 1703947810568
863 1703947810608
864 1703947810648
865 1703947810688
866 1703947810728
867 1703947810768
868 1703947810808
869 1703947810852
870 1703947810892
871 1703947810932
872 1703947810971
873 1703947811012
874 1703947811052
875 1703947811092
876 1703947811133
877 1703947811172
878 1703947811212
879 1703947811252
880 1703947811292
881 1703947811334
882 1703947811372
883 1703947811416
884 1703947811456
885 1703947811496
886 1703947811536
887 1703947811577
888 1703947811616
889 1703947811656
890 1703947811696
891 1703947811736
892 1703947811776
893 1703947811816
894 1703947811856
895 1703947811896
896 1703947811936
897 1703947811980
898 1703947812020
899 1703947812058
900 1703947812099
901 1703947812139
902 1703947812180
903 1703947812220
904 1703947812259
905 1703947812299
906 1703947812339
907 1703947812379
908 1703947812419
909 1703947812460
910 1703947812504
911 1703947812545
912 1703947812584
913 1703947812625
914 1703947812664
915 1703947812703
916 1703947812743
917 1703947812783
918 1703947812823
919 1703947812863
920 1703947812903
921 1703947812944
922 1703947812984
923 1703947813024
924 1703947813068
925 1703947813108
926 1703947813148
927 1703947813188
928 1703947813228
929 1703947813268
930 1703947813309
931 1703947813348
932 1703947813388
933 1703947813428
934 1703947813468
935 1703947813508
936 1703947813546
937 1703947813586
938 1703947813631
939 1703947813671
940 1703947813713
941 1703947813753
942 1703947813793
943 1703947813832
944 1703947813872
945 1703947813913
946 1703947813952
947 1703947813990
948 1703947814030
949 1703947814071
950 1703947814111
951 1703947814152
952 1703947814196
953 1703947814236
954 1703947814276
955 1703947814316
956 1703947814356
957 1703947814396
958 1703947814436
959 1703947814477
960 1703947814517
961 1703947814556
962 1703947814596
963 1703947814637
964 1703947814676
965 1703947814717
966 1703947814761
967 1703947814801
968 1703947814841
969 1703947814881
970 1703947814920
971 1703947814959
972 1703947815001
973 1703947815040
974 1703947815082
975 1703947815118
976 1703947815158
977 1703947815200
978 1703947815239
979 1703947815283
980 1703947815323
981 1703947815364
982 1703947815403
983 1703947815443
984 1703947815484
985 1703947815524
986 1703947815564
987 1703947815605
988 1703947815644
989 1703947815685
990 1703947815723
991 1703947815762
992 1703947815803
993 1703947815850
994 1703947815888
995 1703947815929
996 1703947815968
997 1703947816008
998 1703947816050
999 1703947816089
1000 1703947816128
1001 1703947816168
1002 1703947816208
1003 1703947816249
1004 1703947816289
1005 1703947816326
1006 1703947816367
1007 1703947816411
1008 1703947816450
1009 1703947816490
1010 1703947816531
1011 1703947816571
1012 1703947816613
1013 1703947816653
1014 1703947816692
1015 1703947816733
1016 1703947816773
1017 1703947816813
1018 1703947816852
1019 1703947816892
1020 1703947816932
1021 1703947816977
1022 1703947817017
1023 1703947817056
1024 1703947817095
1025 1703947817136
1026 1703947817175
1027 1703947817215
1028 1703947817255
1029 1703947817295
1030 1703947817336
1031 1703947817375
1032 1703947817417
1033 1703947817456
1034 1703947817497
1035 1703947817540
1036 1703947817581
1037 1703947817620
1038 1703947817661
1039 1703947817701
1040 1703947817739
1041 1703947817779
1042 1703947817819
1043 1703947817859
1044 1703947817899
1045 1703947817940
1046 1703947817981
1047 1703947818022
1048 1703947818065
1049 1703947818105
1050 1703947818144
1051 1703947818185
1052 1703947818224
1053 1703947818265
1054 1703947818303
1055 1703947818343
1056 1703947818384
1057 1703947818423
1058 1703947818465
1059 1703947818506
1060 1703947818544
1061 1703947818583
1062 1703947818627
1063 1703947818667
1064 1703947818707
1065 1703947818748
1066 1703947818787
1067 1703947818827
1068 1703947818867
1069 1703947818907
1070 1703947818948
1071 1703947818987
1072 1703947819027
1073 1703947819066
1074 1703947819107
1075 1703947819149
1076 1703947819192
1077 1703947819232
1078 1703947819272
1079 1703947819312
1080 1703947819352
1081 1703947819392
1082 1703947819433
1083 1703947819474
1084 1703947819512
1085 1703947819553
1086 1703947819593
1087 1703947819633
1088 1703947819673
1089 1703947819713
1090 1703947819757
1091 1703947819797
1092 1703947819837
1093 1703947819876
1094 1703947819917
1095 1703947819957
1096 1703947819997
1097 1703947820036
1098 1703947820077
1099 1703947820117
1100 1703947820157
1101 1703947820197
1102 1703947820237
1103 1703947820277
1104 1703947820321
1105 1703947820361
1106 1703947820400
1107 1703947820441
1108 1703947820482
1109 1703947820519
1110 1703947820559
1111 1703947820599
1112 1703947820639
1113 1703947820679
1114 1703947820720
1115 1703947820759
1116 1703947820799
1117 1703947820844
1118 1703947820884
1119 1703947820925
1120 1703947820964
1121 1703947821005
1122 1703947821044
1123 1703947821084
1124 1703947821125
1125 1703947821164
1126 1703947821204
1127 1703947821244
1128 1703947821283
1129 1703947821323
1130 1703947821364
1131 1703947821408
1132 1703947821448
1133 1703947821487
1134 1703947821527
1135 1703947821567
1136 1703947821607
1137 1703947821648
1138 1703947821688
1139 1703947821728
1140 1703947821767
1141 1703947821806
1142 1703947821850
1143 1703947821887
1144 1703947821926
1145 1703947821970
1146 1703947822010
1147 1703947822053
1148 1703947822094
1149 1703947822131
1150 1703947822171
1151 1703947822211
1152 1703947822253
1153 1703947822293
1154 1703947822333
1155 1703947822373
1156 1703947822413
1157 1703947822453
1158 1703947822493
1159 1703947822537
1160 1703947822577
1161 1703947822617
1162 1703947822657
1163 1703947822697
1164 1703947822737
1165 1703947822775
1166 1703947822815
1167 1703947822855
1168 1703947822896
1169 1703947822937
1170 1703947822976
1171 1703947823017
1172 1703947823057
1173 1703947823101
1174 1703947823141
1175 1703947823181
1176 1703947823222
1177 1703947823261
1178 1703947823301
1179 1703947823341
1180 1703947823381
1181 1703947823421
1182 1703947823461
1183 1703947823499
1184 1703947823539
1185 1703947823580
1186 1703947823624
1187 1703947823665
1188 1703947823705
1189 1703947823745
1190 1703947823783
1191 1703947823824
1192 1703947823864
1193 1703947823903
1194 1703947823943
1195 1703947823983
1196 1703947824023
1197 1703947824063
1198 1703947824103
1199 1703947824144
1200 1703947824187
1201 1703947824227
1202 1703947824267
1203 1703947824308
1204 1703947824348
1205 1703947824387
1206 1703947824427
1207 1703947824467
1208 1703947824507
1209 1703947824548
1210 1703947824588
1211 1703947824628
1212 1703947824668
1213 1703947824708
1214 1703947824752
1215 1703947824792
1216 1703947824832
1217 1703947824872
1218 1703947824912
1219 1703947824952
1220 1703947824992
1221 1703947825032
1222 1703947825072
1223 1703947825113
1224 1703947825152
1225 1703947825193
1226 1703947825232
1227 1703947825272
1228 1703947825316
1229 1703947825356
1230 1703947825396
1231 1703947825436
1232 1703947825476
1233 1703947825516
1234 1703947825556
1235 1703947825596
1236 1703947825636
1237 1703947825677
1238 1703947825716
1239 1703947825756
1240 1703947825797
1241 1703947825836
1242 1703947825880
1243 1703947825920
1244 1703947825960
1245 1703947826000
1246 1703947826040
1247 1703947826080
1248 1703947826120
1249 1703947826160
1250 1703947826200
1251 1703947826240
1252 1703947826280
1253 1703947826320
1254 1703947826360
1255 1703947826404
1256 1703947826444
1257 1703947826484
1258 1703947826524
1259 1703947826564
1260 1703947826604
1261 1703947826644
1262 1703947826684
1263 1703947826724
1264 1703947826764
1265 1703947826804
1266 1703947826844
1267 1703947826884
1268 1703947826924
1269 1703947826968
1270 1703947827008
1271 1703947827048
1272 1703947827088
1273 1703947827128
1274 1703947827168
1275 1703947827208
1276 1703947827249
1277 1703947827288
1278 1703947827328
1279 1703947827368
1280 1703947827408
1281 1703947827448
1282 1703947827488
1283 1703947827532
1284 1703947827572
1285 1703947827612
1286 1703947827653
1287 1703947827693
1288 1703947827732
1289 1703947827772
1290 1703947827812
1291 1703947827852
1292 1703947827892
1293 1703947827933
1294 1703947827972
1295 1703947828011
1296 1703947828052
1297 1703947828095
1298 1703947828134
1299 1703947828175
1300 1703947828217
1301 1703947828256
1302 1703947828296
1303 1703947828336
1304 1703947828375
1305 1703947828416
1306 1703947828455
1307 1703947828496
1308 1703947828536
1309 1703947828576
1310 1703947828616
1311 1703947828660
1312 1703947828700
1313 1703947828740
1314 1703947828781
1315 1703947828821
1316 1703947828860
1317 1703947828900
1318 1703947828940
1319 1703947828980
1320 1703947829020
1321 1703947829060
1322 1703947829100
1323 1703947829141
1324 1703947829184
1325 1703947829224
1326 1703947829265
1327 1703947829304
1328 1703947829344
1329 1703947829384
1330 1703947829424
1331 1703947829464
1332 1703947829504
1333 1703947829544
1334 1703947829584
1335 1703947829625
1336 1703947829664
1337 1703947829704
1338 1703947829748
1339 1703947829788
1340 1703947829829
1341 1703947829869
1342 1703947829909
1343 1703947829948
1344 1703947829988
1345 1703947830028
1346 1703947830068
1347 1703947830108
1348 1703947830148
1349 1703947830188
1350 1703947830228
1351 1703947830268
1352 1703947830312
1353 1703947830352
1354 1703947830393
1355 1703947830432
1356 1703947830472
1357 1703947830512
1358 1703947830552
1359 1703947830592
1360 1703947830632
1361 1703947830672
1362 1703947830712
1363 1703947830752
1364 1703947830792
1365 1703947830833
1366 1703947830876
1367 1703947830916
1368 1703947830956
1369 1703947830996
1370 1703947831036
1371 1703947831076
1372 1703947831116
1373 1703947831156
1374 1703947831196
1375 1703947831236
1376 1703947831277
1377 1703947831316
1378 1703947831356
1379 1703947831396
1380 1703947831440
1381 1703947831480
1382 1703947831520
1383 1703947831560
1384 1703947831600
1385 1703947831640
1386 1703947831680
1387 1703947831720
1388 1703947831760
1389 1703947831800
1390 1703947831840
1391 1703947831880
1392 1703947831920
1393 1703947831964
1394 1703947832004
1395 1703947832045
1396 1703947832084
1397 1703947832124
1398 1703947832164
1399 1703947832204
1400 1703947832245
1401 1703947832284
1402 1703947832324
1403 1703947832365
1404 1703947832404
1405 1703947832445
1406 1703947832485
1407 1703947832529
1408 1703947832568
1409 1703947832608
1410 1703947832648
1411 1703947832688
1412 1703947832729
1413 1703947832768
1414 1703947832808
1415 1703947832848
1416 1703947832888
1417 1703947832928
1418 1703947832968
1419 1703947833008
1420 1703947833048
1421 1703947833093
1422 1703947833132
1423 1703947833171
1424 1703947833211
1425 1703947833253
1426 1703947833294
1427 1703947833333
1428 1703947833371
1429 1703947833412
1430 1703947833453
1431 1703947833493
1432 1703947833532
1433 1703947833573
1434 1703947833613
1435 1703947833657
1436 1703947833697
1437 1703947833736
1438 1703947833776
1439 1703947833816
1440 1703947833856
1441 1703947833896
1442 1703947833936
1443 1703947833976
1444 1703947834016
1445 1703947834056
1446 1703947834097
1447 1703947834136
1448 1703947834176
1449 1703947834220
1450 1703947834260
1451 1703947834300
1452 1703947834340
1453 1703947834380
1454 1703947834420
1455 1703947834461
1456 1703947834501
1457 1703947834541
1458 1703947834580
1459 1703947834620
1460 1703947834660
1461 1703947834700
1462 1703947834745
1463 1703947834784
1464 1703947834824
1465 1703947834864
1466 1703947834904
1467 1703947834945
1468 1703947834984
1469 1703947835024
1470 1703947835065
1471 1703947835104
1472 1703947835144
1473 1703947835184
1474 1703947835224
1475 1703947835264
1476 1703947835309
1477 1703947835349
1478 1703947835388
1479 1703947835428
1480 1703947835468
1481 1703947835508
1482 1703947835549
1483 1703947835589
1484 1703947835628
1485 1703947835669
1486 1703947835708
1487 1703947835748
1488 1703947835789
1489 1703947835829
1490 1703947835873
1491 1703947835912
1492 1703947835951
1493 1703947835992
1494 1703947836032
1495 1703947836072
1496 1703947836113
1497 1703947836152
1498 1703947836193
1499 1703947836233
1500 1703947836272
1501 1703947836313
1502 1703947836352
1503 1703947836392
1504 1703947836436
1505 1703947836477
1506 1703947836516
1507 1703947836556
1508 1703947836596
1509 1703947836636
1510 1703947836676
1511 1703947836716
1512 1703947836756
1513 1703947836797
1514 1703947836836
1515 1703947836876
1516 1703947836916
1517 1703947836957
1518 1703947837000
1519 1703947837040
1520 1703947837080
1521 1703947837120
1522 1703947837161
1523 1703947837200
1524 1703947837241
1525 1703947837280
1526 1703947837320
1527 1703947837360
1528 1703947837400
1529 1703947837440
1530 1703947837480
1531 1703947837526
1532 1703947837565
1533 1703947837604
1534 1703947837644
1535 1703947837684
1536 1703947837725
1537 1703947837765
1538 1703947837804
1539 1703947837844
1540 1703947837885
1541 1703947837925
1542 1703947837964
1543 1703947838005
1544 1703947838043
1545 1703947838087
1546 1703947838131
1547 1703947838169
1548 1703947838209
1549 1703947838248
1550 1703947838288
1551 1703947838328
1552 1703947838368
1553 1703947838408
1554 1703947838448
1555 1703947838488
1556 1703947838528
1557 1703947838568
1558 1703947838608
1559 1703947838652
1560 1703947838692
1561 1703947838733
1562 1703947838772
1563 1703947838812
1564 1703947838852
1565 1703947838892
1566 1703947838932
1567 1703947838972
1568 1703947839012
1569 1703947839052
1570 1703947839092
1571 1703947839132
1572 1703947839172
1573 1703947839216
1574 1703947839257
1575 1703947839298
1576 1703947839338
1577 1703947839376
1578 1703947839416
1579 1703947839456
1580 1703947839496
1581 1703947839537
1582 1703947839577
1583 1703947839616
1584 1703947839656
1585 1703947839696
1586 1703947839736
1587 1703947839780
1588 1703947839820
1589 1703947839860
1590 1703947839900
1591 1703947839940
1592 1703947839980
1593 1703947840020
1594 1703947840060
1595 1703947840100
1596 1703947840140
1597 1703947840180
1598 1703947840220
1599 1703947840260
1600 1703947840304
1601 1703947840344
1602 1703947840384
1603 1703947840424
1604 1703947840463
1605 1703947840503
1606 1703947840544
1607 1703947840584
1608 1703947840624
1609 1703947840664
1610 1703947840705
1611 1703947840744
1612 1703947840784
1613 1703947840824
1614 1703947840868
1615 1703947840909
1616 1703947840949
1617 1703947840987
1618 1703947841029
1619 1703947841068
1620 1703947841108
1621 1703947841148
1622 1703947841188
1623 1703947841228
1624 1703947841268
1625 1703947841307
1626 1703947841347
1627 1703947841388
1628 1703947841433
1629 1703947841472
1630 1703947841511
1631 1703947841552
1632 1703947841592
1633 1703947841632
1634 1703947841672
1635 1703947841712
1636 1703947841752
1637 1703947841791
1638 1703947841832
1639 1703947841872
1640 1703947841912
1641 1703947841952
1642 1703947841996
1643 1703947842036
1644 1703947842077
1645 1703947842116
1646 1703947842156
1647 1703947842195
1648 1703947842236
1649 1703947842276
1650 1703947842316
1651 1703947842356
1652 1703947842396
1653 1703947842436
1654 1703947842478
1655 1703947842515
1656 1703947842560
1657 1703947842600
1658 1703947842641
1659 1703947842681
1660 1703947842721
1661 1703947842761
1662 1703947842801
1663 1703947842841
1664 1703947842881
1665 1703947842921
1666 1703947842960
1667 1703947843001
1668 1703947843041
1669 1703947843085
1670 1703947843124
1671 1703947843164
1672 1703947843205
1673 1703947843245
1674 1703947843284
1675 1703947843325
1676 1703947843365
1677 1703947843404
1678 1703947843445
1679 1703947843484
1680 1703947843524
1681 1703947843565
1682 1703947843605
1683 1703947843647
1684 1703947843688
1685 1703947843727
1686 1703947843767
1687 1703947843810
1688 1703947843849
1689 1703947843889
1690 1703947843929
1691 1703947843971
1692 1703947844010
1693 1703947844048
1694 1703947844087
1695 1703947844127
1696 1703947844167
1697 1703947844213
1698 1703947844253
1699 1703947844294
1700 1703947844333
1701 1703947844373
1702 1703947844414
1703 1703947844455
1704 1703947844494
1705 1703947844535
1706 1703947844571
1707 1703947844612
1708 1703947844653
1709 1703947844693
1710 1703947844733
1711 1703947844777
1712 1703947844816
1713 1703947844857
1714 1703947844897
1715 1703947844937
1716 1703947844977
1717 1703947845017
1718 1703947845056
1719 1703947845097
1720 1703947845137
1721 1703947845176
1722 1703947845216
1723 1703947845256
1724 1703947845297
1725 1703947845341
1726 1703947845381
1727 1703947845420
1728 1703947845461
1729 1703947845500
1730 1703947845540
1731 1703947845582
1732 1703947845621
1733 1703947845663
1734 1703947845700
1735 1703947845740
1736 1703947845780
1737 1703947845820
1738 1703947845864
1739 1703947845906
1740 1703947845946
1741 1703947845985
1742 1703947846026
1743 1703947846066
1744 1703947846105
1745 1703947846146
1746 1703947846186
1747 1703947846226
1748 1703947846265
1749 1703947846305
1750 1703947846345
1751 1703947846386
1752 1703947846430
1753 1703947846469
1754 1703947846509
1755 1703947846549
1756 1703947846590
1757 1703947846630
1758 1703947846670
1759 1703947846709
1760 1703947846749
1761 1703947846790
1762 1703947846829
1763 1703947846869
1764 1703947846910
1765 1703947846950
1766 1703947846992
1767 1703947847032
1768 1703947847072
1769 1703947847112
1770 1703947847154
1771 1703947847193
1772 1703947847234
1773 1703947847273
1774 1703947847311
1775 1703947847351
1776 1703947847394
1777 1703947847434
1778 1703947847473
1779 1703947847513
1780 1703947847557
1781 1703947847597
1782 1703947847638
1783 1703947847678
1784 1703947847717
1785 1703947847758
1786 1703947847797
1787 1703947847838
1788 1703947847878
1789 1703947847918
1790 1703947847957
1791 1703947847997
1792 1703947848037
1793 1703947848078
1794 1703947848119
1795 1703947848159
1796 1703947848201
1797 1703947848243
1798 1703947848280
1799 1703947848319
1800 1703947848360
1801 1703947848402
1802 1703947848441
1803 1703947848481
1804 1703947848521
1805 1703947848562
1806 1703947848601
1807 1703947848644
1808 1703947848684
1809 1703947848724
1810 1703947848764
1811 1703947848804
1812 1703947848845
1813 1703947848884
1814 1703947848924
1815 1703947848964
1816 1703947849004
1817 1703947849044
1818 1703947849084
1819 1703947849124
1820 1703947849164
1821 1703947849208
1822 1703947849248
1823 1703947849288
1824 1703947849328
1825 1703947849368
1826 1703947849408
1827 1703947849448
1828 1703947849488
1829 1703947849528
1830 1703947849568
1831 1703947849608
1832 1703947849649
1833 1703947849688
1834 1703947849727
1835 1703947849773
1836 1703947849814
1837 1703947849851
1838 1703947849891
1839 1703947849932
1840 1703947849972
1841 1703947850012
1842 1703947850052
1843 1703947850092
1844 1703947850133
1845 1703947850172
1846 1703947850212
1847 1703947850251
1848 1703947850292
1849 1703947850336
1850 1703947850377
1851 1703947850417
1852 1703947850458
1853 1703947850496
1854 1703947850536
1855 1703947850576
1856 1703947850616
1857 1703947850658
1858 1703947850698
1859 1703947850736
1860 1703947850777
1861 1703947850817
1862 1703947850857
1863 1703947850901
1864 1703947850941
1865 1703947850981
1866 1703947851021
1867 1703947851061
1868 1703947851101
1869 1703947851141
1870 1703947851181
1871 1703947851221
1872 1703947851261
1873 1703947851301
1874 1703947851341
1875 1703947851381
1876 1703947851425
1877 1703947851465
1878 1703947851505
1879 1703947851545
1880 1703947851585
1881 1703947851625
1882 1703947851665
1883 1703947851705
1884 1703947851745
1885 1703947851785
1886 1703947851825
1887 1703947851865
1888 1703947851905
1889 1703947851945
1890 1703947851989
1891 1703947852028
1892 1703947852068
1893 1703947852109
1894 1703947852149
1895 1703947852189
1896 1703947852229
1897 1703947852268
1898 1703947852308
1899 1703947852349
1900 1703947852388
1901 1703947852429
1902 1703947852468
1903 1703947852509
1904 1703947852552
1905 1703947852593
1906 1703947852632
1907 1703947852673
1908 1703947852713
1909 1703947852753
1910 1703947852792
1911 1703947852833
1912 1703947852873
1913 1703947852913
1914 1703947852953
1915 1703947852993
1916 1703947853032
1917 1703947853073
1918 1703947853117
1919 1703947853157
1920 1703947853197
1921 1703947853237
1922 1703947853277
1923 1703947853317
1924 1703947853357
1925 1703947853397
1926 1703947853437
1927 1703947853477
1928 1703947853517
1929 1703947853557
1930 1703947853597
1931 1703947853636
1932 1703947853681
1933 1703947853722
1934 1703947853760
1935 1703947853800
1936 1703947853841
1937 1703947853882
1938 1703947853922
1939 1703947853962
1940 1703947854002
1941 1703947854042
1942 1703947854081
1943 1703947854122
1944 1703947854162
1945 1703947854206
1946 1703947854246
1947 1703947854286
1948 1703947854324
1949 1703947854364
1950 1703947854405
1951 1703947854445
1952 1703947854485
1953 1703947854525
1954 1703947854565
1955 1703947854605
1956 1703947854645
1957 1703947854685
1958 1703947854725
1959 1703947854769
1960 1703947854809
1961 1703947854849
1962 1703947854889
1963 1703947854929
1964 1703947854970
1965 1703947855009
1966 1703947855049
1967 1703947855088
1968 1703947855128
1969 1703947855169
1970 1703947855209
1971 1703947855248
1972 1703947855289
1973 1703947855333
1974 1703947855373
1975 1703947855413
1976 1703947855452
1977 1703947855493
1978 1703947855533
1979 1703947855572
1980 1703947855611
1981 1703947855654
1982 1703947855694
1983 1703947855732
1984 1703947855772
1985 1703947855813
1986 1703947855852
1987 1703947855896
1988 1703947855937
1989 1703947855977
1990 1703947856017
1991 1703947856057
1992 1703947856097
1993 1703947856137
1994 1703947856177
1995 1703947856217
1996 1703947856257
1997 1703947856297
1998 1703947856337
1999 1703947856377
2000 1703947856417
2001 1703947856461
2002 1703947856501
2003 1703947856541
2004 1703947856581
2005 1703947856621
2006 1703947856661
2007 1703947856701
2008 1703947856741
2009 1703947856781
2010 1703947856821
2011 1703947856861
2012 1703947856901
2013 1703947856941
2014 1703947856985
2015 1703947857025
2016 1703947857065
2017 1703947857105
2018 1703947857145
2019 1703947857185
2020 1703947857225
2021 1703947857266
2022 1703947857305
2023 1703947857345
2024 1703947857385
2025 1703947857425
2026 1703947857465
2027 1703947857506
2028 1703947857549
2029 1703947857589
2030 1703947857629
2031 1703947857669
2032 1703947857709
2033 1703947857749
2034 1703947857789
2035 1703947857829
2036 1703947857869
2037 1703947857909
2038 1703947857949
2039 1703947857989
2040 1703947858029
2041 1703947858069
2042 1703947858117
2043 1703947858154
2044 1703947858193
2045 1703947858231
2046 1703947858271
2047 1703947858311
2048 1703947858352
2049 1703947858392
2050 1703947858434
2051 1703947858475
2052 1703947858515
2053 1703947858555
2054 1703947858594
2055 1703947858634
2056 1703947858678
2057 1703947858719
2058 1703947858756
2059 1703947858796
2060 1703947858836
2061 1703947858877
2062 1703947858917
2063 1703947858957
2064 1703947858997
2065 1703947859036
2066 1703947859076
2067 1703947859116
2068 1703947859158
