1 1703947386694 2 101 4.992037 2 102 5.038954
2 1703947386940 3 101 5.104639 3 102 4.992037
3 1703947387185 1 101 5.081180 1 102 5.184399
4 1703947387431 2 101 5.020187 2 102 5.048338
5 1703947387675 3 101 5.104639 3 102 4.977962
6 1703947387919 1 101 5.081180 1 102 5.179707
7 1703947388167 2 101 5.024879 2 102 5.029571
8 1703947388426 3 101 5.118714 3 102 4.973269
9 1703947388671 1 101 5.057721 1 102 5.165632
10 1703947388918 2 101 5.010804 2 102 5.048338
11 1703947389162 3 101 5.137481 3 102 4.982653
12 1703947390426 1 101 5.109331 1 102 5.193782
13 1703947390673 2 101 5.020187 2 102 5.057721
14 1703947390922 3 101 5.085872 3 102 4.987345
15 1703947391170 1 101 5.043646 1 102 5.198474
16 1703947391415 2 101 5.006112 2 102 5.076488
17 1703947391665 3 101 5.081180 3 102 4.954503
18 1703947391908 1 101 5.038954 1 102 5.193782
19 1703947392150 2 101 5.010804 2 102 5.053030
20 1703947392395 3 101 5.104639 3 102 4.982653
21 1703947392641 1 101 5.048338 1 102 5.203166
22 1703947392887 2 101 4.973269 2 102 5.048338
23 1703947393133 3 101 5.118714 3 102 5.010804
24 1703947393379 1 101 5.062413 1 102 5.207858
25 1703947393624 2 101 5.006112 2 102 5.048338
26 1703947393870 3 101 5.118714 3 102 4.982653
27 1703947394117 1 101 5.038954 1 102 5.189091
28 1703947394366 2 101 4.992037 2 102 5.034263
29 1703947394609 3 101 5.123406 3 102 4.973269
30 1703947394855 1 101 5.071796 1 102 5.207858
31 1703947395103 2 101 4.987345 2 102 5.043646
32 1703947395346 3 101 5.109331 3 102 5.020187
33 1703947395594 1 101 5.020187 1 102 5.193782
34 1703947395840 2 101 5.001420 2 102 5.029571
35 1703947396083 3 101 5.123406 3 102 4.968578
36 1703947396329 1 101 5.053030 1 102 5.212550
37 1703947396573 2 101 4.996728 2 102 5.053030
38 1703947396817 3 101 5.067105 3 102 4.987345
39 1703947397064 1 101 5.020187 1 102 5.179707
40 1703947397308 2 101 4.987345 2 102 5.006112
41 1703947397550 3 101 5.137481 3 102 5.010804
42 1703947397795 1 101 5.057721 1 102 5.212550
43 1703947398040 2 101 5.001420 2 102 5.081180
44 1703947398285 3 101 5.132790 3 102 5.001420
45 1703947398530 1 101 5.057721 1 102 5.189091
46 1703947398785 2 101 4.996728 2 102 5.038954
47 1703947399031 3 101 5.118714 3 102 5.006112
48 1703947399281 1 101 5.048338 1 102 5.203166
49 1703947399527 2 101 5.020187 2 102 5.015495
50 1703947399771 3 101 5.146865 3 102 5.024879
51 1703947400018 1 101 5.048338 1 102 5.217241
52 1703947400261 2 101 5.015495 2 102 5.034263
53 1703947400513 3 101 5.104639 3 102 4.987345
54 1703947400755 1 101 5.020187 1 102 5.156249
55 1703947401001 2 101 5.006112 2 102 5.071796
56 1703947401248 3 101 5.095255 3 102 5.010804
57 1703947401494 1 101 5.067105 1 102 5.221933
58 1703947401738 2 101 5.006112 2 102 5.024879
59 1703947401982 3 101 5.123406 3 102 4.996728
60 1703947402229 1 101 5.029571 1 102 5.184399
61 1703947402476 2 101 5.020187 2 102 5.020187
62 1703947402726 3 101 5.128098 3 102 4.982653
63 1703947402973 1 101 5.024879 1 102 5.198474
64 1703947403221 2 101 4.996728 2 102 5.057721
65 1703947403465 3 101 5.090564 3 102 5.015495
66 1703947403712 1 101 5.038954 1 102 5.203166
67 1703947403960 2 101 5.020187 2 102 5.062413
68 1703947404205 3 101 5.095255 3 102 4.963886
69 1703947404452 1 101 5.067105 1 102 5.198474
70 1703947404701 2 101 4.987345 2 102 4.987345
71 1703947404952 3 101 5.081180 3 102 4.996728
72 1703947405204 1 101 5.001420 1 102 5.198474
73 1703947405450 2 101 5.015495 2 102 5.043646
74 1703947405697 3 101 5.090564 3 102 4.954503
75 1703947405946 1 101 5.048338 1 102 5.212550
76 1703947406199 2 101 4.992037 2 102 5.006112
77 1703947406450 3 101 5.128098 3 102 5.001420
78 1703947406698 1 101 5.043646 1 102 5.184399
79 1703947406945 2 101 5.001420 2 102 5.034263
80 1703947407194 3 101 5.099947 3 102 4.973269
81 1703947407436 1 101 5.062413 1 102 5.207858
82 1703947407681 2 101 4.982653 2 102 5.067105
83 1703947407925 3 101 5.099947 3 102 4.987345
84 1703947408171 1 101 5.081180 1 102 5.207858
85 1703947408417 2 101 4.973269 2 102 5.043646
86 1703947408662 3 101 5.090564 3 102 4.973269
87 1703947408907 1 101 5.034263 1 102 5.198474
88 1703947409153 2 101 4.973269 2 102 5.062413
89 1703947409394 3 101 5.132790 3 102 4.992037
90 1703947409639 1 101 4.992037 1 102 5.189091
91 1703947409886 2 101 4.982653 2 102 5.029571
92 1703947410131 3 101 5.104639 3 102 5.006112
93 1703947410375 1 101 5.010804 1 102 5.193782
94 1703947410620 2 101 5.029571 2 102 5.020187
95 1703947410873 3 101 5.104639 3 102 4.949811
96 1703947411120 1 101 4.996728 1 102 5.221933
97 1703947412387 2 101 5.015495 2 102 5.085872
98 1703947412630 3 101 5.137481 3 102 4.987345
99 1703947412873 1 101 5.048338 1 102 5.212550
100 1703947413117 2 101 4.996728 2 102 5.076488
101 1703947413362 3 101 5.114023 3 102 5.010804
102 1703947413604 1 101 5.076488 1 102 5.221933
103 1703947413851 2 101 5.006112 2 102 5.020187
104 1703947414095 3 101 5.099947 3 102 4.996728
105 1703947414343 1 101 5.015495 1 102 5.198474
106 1703947414589 2 101 4.987345 2 102 5.020187
107 1703947414836 3 101 5.099947 3 102 4.949811
108 1703947415085 1 101 5.038954 1 102 5.207858
109 1703947415333 2 101 4.982653 2 102 5.010804
110 1703947415585 3 101 5.114023 3 102 5.001420
111 1703947415830 1 101 5.109331 1 102 5.203166
112 1703947416076 2 101 4.992037 2 102 5.085872
113 1703947416320 3 101 5.118714 3 102 4.954503
114 1703947416568 1 101 5.053030 1 102 5.189091
115 1703947416815 2 101 4.996728 2 102 5.010804
116 1703947417061 3 101 5.090564 3 102 4.982653
117 1703947417306 1 101 5.090564 1 102 5.189091
118 1703947417549 2 101 4.996728 2 102 5.034263
119 1703947417796 3 101 5.132790 3 102 4.963886
120 1703947418038 1 101 5.034263 1 102 5.193782
121 1703947418283 2 101 4.987345 2 102 5.048338
122 1703947418528 3 101 5.104639 3 102 4.973269
123 1703947418775 1 101 5.085872 1 102 5.179707
124 1703947419022 2 101 4.987345 2 102 5.057721
125 1703947419271 3 101 5.142173 3 102 5.006112
126 1703947419517 1 101 5.006112 1 102 5.221933
127 1703947419762 2 101 5.001420 2 102 5.038954
128 1703947420005 3 101 5.118714 3 102 4.996728
129 1703947420250 1 101 5.114023 1 102 5.198474
130 1703947420497 2 101 5.006112 2 102 5.038954
131 1703947420745 3 101 5.104639 3 102 4.973269
132 1703947420994 1 101 5.010804 1 102 5.207858
133 1703947421245 2 101 4.992037 2 102 5.010804
134 1703947421489 3 101 5.104639 3 102 4.977962
135 1703947421734 1 101 5.048338 1 102 5.236008
136 1703947421983 2 101 5.001420 2 102 5.029571
137 1703947422235 3 101 5.114023 3 102 4.992037
138 1703947422478 1 101 5.024879 1 102 5.165632
139 1703947422724 2 101 4.996728 2 102 5.053030
140 1703947422975 3 101 5.099947 3 102 4.977962
141 1703947423221 1 101 5.034263 1 102 5.254776
142 1703947423465 2 101 5.010804 2 102 5.029571
143 1703947423710 3 101 5.109331 3 102 4.973269
144 1703947423955 1 101 5.067105 1 102 5.198474
145 1703947424202 2 101 4.982653 2 102 5.053030
146 1703947424449 3 101 5.104639 3 102 4.968578
147 1703947424694 1 101 5.057721 1 102 5.217241
148 1703947424944 2 101 4.982653 2 102 5.053030
149 1703947425190 3 101 5.128098 3 102 4.968578
150 1703947425433 1 101 5.053030 1 102 5.207858
151 1703947425680 2 101 5.015495 2 102 5.048338
152 1703947425928 3 101 5.090564 3 102 4.973269
153 1703947426170 1 101 5.020187 1 102 5.198474
154 1703947426418 2 101 4.996728 2 102 5.053030
155 1703947426664 3 101 5.146865 3 102 4.992037
156 1703947426908 1 101 4.992037 1 102 5.198474
157 1703947427152 2 101 4.996728 2 102 5.048338
158 1703947427399 3 101 5.099947 3 102 4.996728
159 1703947427646 1 101 5.015495 1 102 5.189091
160 1703947427891 2 101 5.006112 2 102 5.015495
161 1703947428136 3 101 5.114023 3 102 4.982653
162 1703947428380 1 101 5.024879 1 102 5.175015
163 1703947428625 2 101 5.053030 2 102 5.038954
164 1703947428868 3 101 5.104639 3 102 4.963886
165 1703947429114 1 101 5.020187 1 102 5.217241
166 1703947429356 2 101 4.992037 2 102 5.024879
167 1703947429600 3 101 5.114023 3 102 5.006112
168 1703947429841 1 101 5.020187 1 102 5.203166
169 1703947430083 2 101 5.034263 2 102 5.067105
170 1703947430327 3 101 5.114023 3 102 4.973269
171 1703947430573 1 101 5.015495 1 102 5.184399
172 1703947430821 2 101 4.996728 2 102 5.029571
173 1703947431065 3 101 5.104639 3 102 5.020187
174 1703947431309 1 101 5.024879 1 102 5.198474
175 1703947431554 2 101 5.015495 2 102 5.034263
176 1703947431805 3 101 5.118714 3 102 4.996728
177 1703947432046 1 101 5.048338 1 102 5.203166
178 1703947432291 2 101 5.010804 2 102 5.024879
179 1703947432536 3 101 5.095255 3 102 4.987345
180 1703947432782 1 101 5.043646 1 102 5.231317
181 1703947433031 2 101 5.020187 2 102 5.053030
182 1703947434299 3 101 5.114023 3 102 4.996728
183 1703947434545 1 101 5.095255 1 102 5.203166
184 1703947434789 2 101 5.006112 2 102 5.029571
185 1703947435033 3 101 5.099947 3 102 4.982653
186 1703947435279 1 101 5.015495 1 102 5.179707
187 1703947435531 2 101 5.010804 2 102 5.038954
188 1703947435776 3 101 5.095255 3 102 4.987345
189 1703947436025 1 101 5.057721 1 102 5.212550
190 1703947436270 2 101 5.001420 2 102 5.048338
191 1703947436516 3 101 5.137481 3 102 4.992037
192 1703947436760 1 101 5.081180 1 102 5.207858
193 1703947437005 2 101 5.001420 2 102 5.043646
194 1703947437249 3 101 5.099947 3 102 4.992037
195 1703947437495 1 101 5.081180 1 102 5.203166
196 1703947437741 2 101 5.006112 2 102 5.062413
197 1703947437992 3 101 5.137481 3 102 4.987345
198 1703947438239 1 101 5.081180 1 102 5.198474
199 1703947438484 2 101 5.001420 2 102 5.038954
200 1703947438728 3 101 5.099947 3 102 4.963886
201 1703947438974 1 101 5.015495 1 102 5.198474
202 1703947439218 2 101 5.015495 2 102 5.053030
203 1703947439467 3 101 5.114023 3 102 5.010804
204 1703947439713 1 101 5.076488 1 102 5.217241
205 1703947439957 2 101 5.006112 2 102 5.057721
206 1703947440202 3 101 5.109331 3 102 5.006112
207 1703947440448 1 101 4.987345 1 102 5.217241
208 1703947440692 2 101 5.010804 2 102 5.048338
209 1703947440940 3 101 5.095255 3 102 4.992037
210 1703947441185 1 101 5.020187 1 102 5.217241
211 1703947441431 2 101 5.006112 2 102 5.029571
212 1703947441678 3 101 5.109331 3 102 5.006112
213 1703947441925 1 101 5.001420 1 102 5.184399
214 1703947442171 2 101 4.996728 2 102 5.010804
215 1703947442418 3 101 5.085872 3 102 5.001420
216 1703947442664 1 101 5.048338 1 102 5.217241
217 1703947442910 2 101 5.020187 2 102 5.067105
218 1703947443156 3 101 5.095255 3 102 4.996728
219 1703947443403 1 101 5.034263 1 102 5.193782
220 1703947443647 2 101 5.010804 2 102 5.038954
221 1703947443892 3 101 5.109331 3 102 4.982653
222 1703947444139 1 101 5.081180 1 102 5.170324
223 1703947444386 2 101 5.034263 2 102 5.048338
224 1703947444628 3 101 5.109331 3 102 4.982653
225 1703947444871 1 101 5.034263 1 102 5.189091
226 1703947445113 2 101 4.992037 2 102 5.020187
227 1703947445356 3 101 5.099947 3 102 4.982653
228 1703947445605 1 101 5.057721 1 102 5.198474
229 1703947445851 2 101 4.992037 2 102 5.038954
230 1703947446095 3 101 5.128098 3 102 5.001420
231 1703947446339 1 101 5.076488 1 102 5.198474
232 1703947446587 2 101 4.996728 2 102 5.053030
233 1703947446833 3 101 5.095255 3 102 4.992037
234 1703947447076 1 101 5.048338 1 102 5.179707