1 1703947388334
2 1703947388422
3 1703947388445
4 1703947388477
5 1703947388505
6 1703947388537
7 1703947388569
8 1703947388601
9 1703947388640
10 1703947388670
11 1703947388705
12 1703947388737
13 1703947388772
14 1703947388808
15 1703947388839
16 1703947388877
17 1703947388908
18 1703947388940
19 1703947388976
20 1703947389008
21 1703947389044
22 1703947389076
23 1703947389137
24 1703947389189
25 1703947389238
26 1703947389277
27 1703947389316
28 1703947389356
29 1703947389390
30 1703947389423
31 1703947389461
32 1703947389493
33 1703947389525
34 1703947389561
35 1703947389593
36 1703947389628
37 1703947389660
38 1703947389692
39 1703947389728
40 1703947389760
41 1703947389796
42 1703947389828
43 1703947389860
44 1703947389893
45 1703947389925
46 1703947389961
47 1703947389994
48 1703947390025
49 1703947390061
50 1703947390094
51 1703947390130
52 1703947390161
53 1703947390192
54 1703947390229
55 1703947390260
56 1703947390297
57 1703947390328
58 1703947390361
59 1703947390397
60 1703947390429
61 1703947390464
62 1703947390497
63 1703947390529
64 1703947390565
65 1703947390597
66 1703947390633
67 1703947390665
68 1703947390697
69 1703947390732
70 1703947390764
71 1703947390800
72 1703947390832
73 1703947390865
74 1703947390900
75 1703947390932
76 1703947390969
77 1703947391000
78 1703947391033
79 1703947391069
80 1703947391101
81 1703947391138
82 1703947391170
83 1703947391201
84 1703947391237
85 1703947391269
86 1703947391306
87 1703947391339
88 1703947391369
89 1703947391405
90 1703947391438
91 1703947391473
92 1703947391505
93 1703947391537
94 1703947391573
95 1703947391605
96 1703947391641
97 1703947391673
98 1703947391705
99 1703947391741
100 1703947391773
101 1703947391809
102 1703947391841
103 1703947391873
104 1703947391909
105 1703947391943
106 1703947391979
107 1703947392011
108 1703947392041
109 1703947392077
110 1703947392109
111 1703947392145
112 1703947392177
113 1703947392209
114 1703947392245
115 1703947392277
116 1703947392314
117 1703947392346
118 1703947392378
119 1703947392414
120 1703947392447
121 1703947392482
122 1703947392514
123 1703947392546
124 1703947392581
125 1703947392613
126 1703947392649
127 1703947392681
128 1703947392713
129 1703947392749
130 1703947392781
131 1703947392817
132 1703947392849
133 1703947392881
134 1703947392917
135 1703947392951
136 1703947392986
137 1703947393017
138 1703947393049
139 1703947393085
140 1703947393117
141 1703947393155
142 1703947393187
143 1703947393220
144 1703947393256
145 1703947393285
146 1703947393321
147 1703947393353
148 1703947393385
149 1703947393421
150 1703947393454
151 1703947393489
152 1703947393522
153 1703947393554
154 1703947393590
155 1703947393622
156 1703947393658
157 1703947393690
158 1703947393722
159 1703947393758
160 1703947393790
161 1703947393827
162 1703947393858
163 1703947393890
164 1703947393926
165 1703947393958
166 1703947393994
167 1703947394025
168 1703947394057
169 1703947394093
170 1703947394125
171 1703947394161
172 1703947394193
173 1703947394227
174 1703947394264
175 1703947394295
176 1703947394330
177 1703947394362
178 1703947394394
179 1703947394430
180 1703947394462
181 1703947394498
182 1703947394530
183 1703947394562
184 1703947394598
185 1703947394630
186 1703947394666
187 1703947394698
188 1703947394730
189 1703947394766
190 1703947394798
191 1703947394834
192 1703947394866
193 1703947394898
194 1703947394934
195 1703947394966
196 1703947395001
197 1703947395033
198 1703947395064
199 1703947395101
200 1703947395133
201 1703947395170
202 1703947395203
203 1703947395235
204 1703947395270
205 1703947395302
206 1703947395339
207 1703947395371
208 1703947395402
209 1703947395437
210 1703947395469
211 1703947395505
212 1703947395539
213 1703947395571
214 1703947395608
215 1703947395638
216 1703947395674
217 1703947395706
218 1703947395738
219 1703947395774
220 1703947395806
221 1703947395842
222 1703947395874
223 1703947395906
224 1703947395942
225 1703947395974
226 1703947396010
227 1703947396042
228 1703947396074
229 1703947396110
230 1703947396142
231 1703947396178
232 1703947396210
233 1703947396242
234 1703947396278
235 1703947396310
236 1703947396346
237 1703947396378
238 1703947396410
239 1703947396446
240 1703947396478
241 1703947396514
242 1703947396546
243 1703947396578
244 1703947396614
245 1703947396646
246 1703947396682
247 1703947396714
248 1703947396746
249 1703947396782
250 1703947396814
251 1703947396851
252 1703947396881
253 1703947396913
254 1703947396949
255 1703947396981
256 1703947397017
257 1703947397051
258 1703947397083
259 1703947397119
260 1703947397152
261 1703947397187
262 1703947397219
263 1703947397251
264 1703947397285
265 1703947397317
266 1703947397353
267 1703947397387
268 1703947397419
269 1703947397456
270 1703947397487
271 1703947397523
272 1703947397556
273 1703947397589
274 1703947397621
275 1703947397653
276 1703947397689
277 1703947397723
278 1703947397756
279 1703947397791
280 1703947397824
281 1703947397859
282 1703947397890
283 1703947397921
284 1703947397957
285 1703947397989
286 1703947398025
287 1703947398057
288 1703947398089
289 1703947398127
290 1703947398160
291 1703947398196
292 1703947398226
293 1703947398258
294 1703947398294
295 1703947398326
296 1703947398362
297 1703947398395
298 1703947398425
299 1703947398463
300 1703947398496
301 1703947398532
302 1703947398566
303 1703947398593
304 1703947398631
305 1703947398664
306 1703947398701
307 1703947398729
308 1703947398764
309 1703947398800
310 1703947398833
311 1703947398865
312 1703947398897
313 1703947398931
314 1703947398969
315 1703947398999
316 1703947399036
317 1703947399069
318 1703947399098
319 1703947399133
320 1703947399165
321 1703947399203
322 1703947399237
323 1703947399267
324 1703947399304
325 1703947399333
326 1703947399372
327 1703947399405
328 1703947399438
329 1703947399472
330 1703947399504
331 1703947399538
332 1703947399569
333 1703947399604
334 1703947399641
335 1703947399673
336 1703947399707
337 1703947399738
338 1703947399769
339 1703947399805
340 1703947399837
341 1703947399876
342 1703947399909
343 1703947399940
344 1703947399975
345 1703947400008
346 1703947400044
347 1703947400073
348 1703947400105
349 1703947400143
350 1703947400177
351 1703947400212
352 1703947400242
353 1703947400273
354 1703947400309
355 1703947400341
356 1703947400378
357 1703947400411
358 1703947400446
359 1703947400480
360 1703947400511
361 1703947400547
362 1703947400577
363 1703947400610
364 1703947400646
365 1703947400678
366 1703947400714
367 1703947400746
368 1703947400779
369 1703947400815
370 1703947400846
371 1703947400883
372 1703947400915
373 1703947400947
374 1703947400983
375 1703947401015
376 1703947401051
377 1703947401082
378 1703947401115
379 1703947401151
380 1703947401183
381 1703947401220
382 1703947401256
383 1703947401281
384 1703947401317
385 1703947401349
386 1703947401386
387 1703947401419
388 1703947401451
389 1703947401487
390 1703947401520
391 1703947401555
392 1703947401587
393 1703947401619
394 1703947401655
395 1703947401687
396 1703947401721
397 1703947401756
398 1703947401790
399 1703947401825
400 1703947401853
401 1703947401889
402 1703947401921
403 1703947401954
404 1703947401990
405 1703947402023
406 1703947402061
407 1703947402092
408 1703947402122
409 1703947402158
410 1703947402190
411 1703947402228
412 1703947402259
413 1703947402292
414 1703947402325
415 1703947402357
416 1703947402395
417 1703947402428
418 1703947402460
419 1703947402497
420 1703947402528
421 1703947402562
422 1703947402593
423 1703947402627
424 1703947402663
425 1703947402696
426 1703947402729
427 1703947402762
428 1703947402793
429 1703947402832
430 1703947402864
431 1703947402901
432 1703947402933
433 1703947402964
434 1703947402997
435 1703947403031
436 1703947403067
437 1703947403099
438 1703947403133
439 1703947403167
440 1703947403199
441 1703947403236
442 1703947403269
443 1703947403299
444 1703947403334
445 1703947403366
446 1703947403402
447 1703947403434
448 1703947403467
449 1703947403503
450 1703947403536
451 1703947403573
452 1703947403602
453 1703947403634
454 1703947403670
455 1703947403702
456 1703947403739
457 1703947403771
458 1703947403804
459 1703947403839
460 1703947403871
461 1703947403906
462 1703947403938
463 1703947403970
464 1703947404006
465 1703947404040
466 1703947404076
467 1703947404109
468 1703947404138
469 1703947404173
470 1703947404205
471 1703947404243
472 1703947404275
473 1703947404307
474 1703947404345
475 1703947404375
476 1703947404409
477 1703947404444
478 1703947404475
479 1703947404511
480 1703947404544
481 1703947404579
482 1703947404609
483 1703947404641
484 1703947404678
485 1703947404711
486 1703947404749
487 1703947404781
488 1703947404809
489 1703947404848
490 1703947404881
491 1703947404916
492 1703947404947
493 1703947404980
494 1703947405017
495 1703947405049
496 1703947405081
497 1703947405113
498 1703947405145
499 1703947405182
500 1703947405215
501 1703947405251
502 1703947405283
503 1703947405315
504 1703947405351
505 1703947405383
506 1703947405419
507 1703947405451
508 1703947405484
509 1703947405519
510 1703947405551
511 1703947405587
512 1703947405619
513 1703947405651
514 1703947405686
515 1703947405719
516 1703947405755
517 1703947405787
518 1703947405819
519 1703947405855
520 1703947405887
521 1703947405923
522 1703947405955
523 1703947405987
524 1703947406023
525 1703947406055
526 1703947406091
527 1703947406123
528 1703947406155
529 1703947406191
530 1703947406223
531 1703947406259
532 1703947406291
533 1703947406323
534 1703947406359
535 1703947406391
536 1703947406425
537 1703947406457
538 1703947406489
539 1703947406526
540 1703947406559
541 1703947406596
542 1703947406628
543 1703947406660
544 1703947406693
545 1703947406725
546 1703947406761
547 1703947406794
548 1703947406826
549 1703947406863
550 1703947406894
551 1703947406930
552 1703947406963
553 1703947406994
554 1703947407030
555 1703947407062
556 1703947407098
557 1703947407130
558 1703947407162
559 1703947407198
560 1703947407230
561 1703947407266
562 1703947407298
563 1703947407330
564 1703947407366
565 1703947407398
566 1703947407434
567 1703947407466
568 1703947407498
569 1703947407534
570 1703947407566
571 1703947407602
572 1703947407634
573 1703947407666
574 1703947407702
575 1703947407736
576 1703947407773
577 1703947407802
578 1703947407833
579 1703947407869
580 1703947407902
581 1703947407938
582 1703947407970
583 1703947408002
584 1703947408038
585 1703947408070
586 1703947408106
587 1703947408138
588 1703947408170
589 1703947408206
590 1703947408238
591 1703947408274
592 1703947408308
593 1703947408340
594 1703947408376
595 1703947408406
596 1703947408442
597 1703947408474
598 1703947408505
599 1703947408542
600 1703947408574
601 1703947408610
602 1703947408642
603 1703947408674
604 1703947408710
605 1703947408742
606 1703947408778
607 1703947408810
608 1703947408842
609 1703947408877
610 1703947408909
611 1703947408946
612 1703947408978
613 1703947409010
614 1703947409046
615 1703947409078
616 1703947409114
617 1703947409146
618 1703947409179
619 1703947409216
620 1703947409250
621 1703947409281
622 1703947409313
623 1703947409345
624 1703947409382
625 1703947409414
626 1703947409450
627 1703947409482
628 1703947409514
629 1703947409550
630 1703947409582
631 1703947409618
632 1703947409650
633 1703947409682
634 1703947409718
635 1703947409751
636 1703947409787
637 1703947409818
638 1703947409850
639 1703947409887
640 1703947409919
641 1703947409955
642 1703947409986
643 1703947410019
644 1703947410054
645 1703947410086
646 1703947410122
647 1703947410154
648 1703947410187
649 1703947410223
650 1703947410254
651 1703947410292
652 1703947410325
653 1703947410356
654 1703947410389
655 1703947410421
656 1703947410457
657 1703947410491
658 1703947410524
659 1703947410560
660 1703947410595
661 1703947410628
662 1703947410659
663 1703947410690
664 1703947410728
665 1703947410761
666 1703947410796
667 1703947410826
668 1703947410858
669 1703947410894
670 1703947410926
671 1703947410963
672 1703947410996
673 1703947411027
674 1703947411063
675 1703947411096
676 1703947411131
677 1703947411164
678 1703947411196
679 1703947411232
680 1703947411265
681 1703947411298
682 1703947411330
683 1703947411362
684 1703947411399
685 1703947411430
686 1703947411467
687 1703947411499
688 1703947411531
689 1703947411567
690 1703947411599
691 1703947411635
692 1703947411668
693 1703947411699
694 1703947411735
695 1703947411767
696 1703947411803
697 1703947411836
698 1703947411867
699 1703947411903
700 1703947411935
701 1703947411971
702 1703947412003
703 1703947412035
704 1703947412071
705 1703947412102
706 1703947412137
707 1703947412172
708 1703947412206
709 1703947412240
710 1703947412270
711 1703947412306
712 1703947412338
713 1703947412372
714 1703947412409
715 1703947412441
716 1703947412477
717 1703947412506
718 1703947412537
719 1703947412574
720 1703947412606
721 1703947412643
722 1703947412675
723 1703947412706
724 1703947412742
725 1703947412776
726 1703947412812
727 1703947412842
728 1703947412874
729 1703947412910
730 1703947412942
731 1703947412980
732 1703947413013
733 1703947413044
734 1703947413080
735 1703947413112
736 1703947413148
737 1703947413178
738 1703947413210
739 1703947413247
740 1703947413279
741 1703947413314
742 1703947413346
743 1703947413378
744 1703947413414
745 1703947413446
746 1703947413482
747 1703947413514
748 1703947413546
749 1703947413582
750 1703947413614
751 1703947413650
752 1703947413682
753 1703947413715
754 1703947413750
755 1703947413782
756 1703947413818
757 1703947413850
758 1703947413883
759 1703947413918
760 1703947413950
761 1703947413986
762 1703947414018
763 1703947414051
764 1703947414086
765 1703947414118
766 1703947414154
767 1703947414187
768 1703947414218
769 1703947414255
770 1703947414286
771 1703947414322
772 1703947414356
773 1703947414386
774 1703947414422
775 1703947414454
776 1703947414491
777 1703947414524
778 1703947414556
779 1703947414592
780 1703947414625
781 1703947414661
782 1703947414690
783 1703947414723
784 1703947414759
785 1703947414790
786 1703947414828
787 1703947414861
788 1703947414894
789 1703947414925
790 1703947414958
791 1703947414994
792 1703947415027
793 1703947415060
794 1703947415096
795 1703947415152
796 1703947415161
797 1703947415194
798 1703947415226
799 1703947415263
800 1703947415296
801 1703947415332
802 1703947415365
803 1703947415396
804 1703947415432
805 1703947415464
806 1703947415501
807 1703947415531
808 1703947415562
809 1703947415598
810 1703947415630
811 1703947415667
812 1703947415698
813 1703947415730
814 1703947415766
815 1703947415798
816 1703947415834
817 1703947415866
818 1703947415898
819 1703947415934
820 1703947415966
821 1703947416002
822 1703947416036
823 1703947416067
824 1703947416102
825 1703947416134
826 1703947416170
827 1703947416202
828 1703947416234
829 1703947416270
830 1703947416302
831 1703947416339
832 1703947416370
833 1703947416402
834 1703947416439
835 1703947416471
836 1703947416506
837 1703947416539
838 1703947416570
839 1703947416606
840 1703947416639
841 1703947416675
842 1703947416706
843 1703947416739
844 1703947416775
845 1703947416806
846 1703947416843
847 1703947416874
848 1703947416906
849 1703947416942
850 1703947416974
851 1703947417010
852 1703947417043
853 1703947417075
854 1703947417110
855 1703947417142
856 1703947417178
857 1703947417210
858 1703947417243
859 1703947417279
860 1703947417310
861 1703947417346
862 1703947417378
863 1703947417410
864 1703947417446
865 1703947417479
866 1703947417514
867 1703947417546
868 1703947417578
869 1703947417614
870 1703947417646
871 1703947417684
872 1703947417715
873 1703947417746
874 1703947417782
875 1703947417815
876 1703947417852
877 1703947417884
878 1703947417916
879 1703947417951
880 1703947417982
881 1703947418018
882 1703947418051
883 1703947418083
884 1703947418119
885 1703947418151
886 1703947418187
887 1703947418219
888 1703947418250
889 1703947418286
890 1703947418318
891 1703947418356
892 1703947418388
893 1703947418420
894 1703947418455
895 1703947418486
896 1703947418522
897 1703947418554
898 1703947418587
899 1703947418623
900 1703947418655
901 1703947418691
902 1703947418723
903 1703947418755
904 1703947418791
905 1703947418823
906 1703947418859
907 1703947418891
908 1703947418923
909 1703947418959
910 1703947418991
911 1703947419027
912 1703947419059
913 1703947419091
914 1703947419127
915 1703947419159
916 1703947419195
917 1703947419227
918 1703947419259
919 1703947419295
920 1703947419327
921 1703947419363
922 1703947419395
923 1703947419427
924 1703947419463
925 1703947419495
926 1703947419531
927 1703947419563
928 1703947419595
929 1703947419631
930 1703947419663
931 1703947419699
932 1703947419731
933 1703947419763
934 1703947419799
935 1703947419831
936 1703947419867
937 1703947419899
938 1703947419931
939 1703947419967
940 1703947419999
941 1703947420035
942 1703947420067
943 1703947420099
944 1703947420135
945 1703947420167
946 1703947420203
947 1703947420235
948 1703947420267
949 1703947420303
950 1703947420335
951 1703947420371
952 1703947420403
953 1703947420435
954 1703947420471
955 1703947420503
956 1703947420539
957 1703947420571
958 1703947420603
959 1703947420639
960 1703947420671
961 1703947420707
962 1703947420739
963 1703947420771
964 1703947420807
965 1703947420839
966 1703947420875
967 1703947420907
968 1703947420939
969 1703947420975
970 1703947421007
971 1703947421043
972 1703947421075
973 1703947421107
974 1703947421143
975 1703947421175
976 1703947421211
977 1703947421243
978 1703947421275
979 1703947421311
980 1703947421343
981 1703947421379
982 1703947421411
983 1703947421443
984 1703947421479
985 1703947421511
986 1703947421547
987 1703947421579
988 1703947421611
989 1703947421647
990 1703947421679
991 1703947421715
992 1703947421747
993 1703947421779
994 1703947421815
995 1703947421847
996 1703947421883
997 1703947421915
998 1703947421947
999 1703947421983
1000 1703947422016
1001 1703947422051
1002 1703947422083
1003 1703947422115
1004 1703947422151
1005 1703947422183
1006 1703947422219
1007 1703947422251
1008 1703947422283
1009 1703947422319
1010 1703947422351
1011 1703947422387
1012 1703947422419
1013 1703947422451
1014 1703947422487
1015 1703947422519
1016 1703947422555
1017 1703947422587
1018 1703947422619
1019 1703947422655
1020 1703947422687
1021 1703947422723
1022 1703947422755
1023 1703947422787
1024 1703947422823
1025 1703947422856
1026 1703947422890
1027 1703947422921
1028 1703947422953
1029 1703947422989
1030 1703947423022
1031 1703947423058
1032 1703947423092
1033 1703947423124
1034 1703947423160
1035 1703947423193
1036 1703947423227
1037 1703947423259
1038 1703947423291
1039 1703947423327
1040 1703947423359
1041 1703947423395
1042 1703947423427
1043 1703947423458
1044 1703947423495
1045 1703947423526
1046 1703947423562
1047 1703947423596
1048 1703947423629
1049 1703947423664
1050 1703947423696
1051 1703947423731
1052 1703947423763
1053 1703947423795
1054 1703947423831
1055 1703947423863
1056 1703947423899
1057 1703947423931
1058 1703947423963
1059 1703947423999
1060 1703947424031
1061 1703947424067
1062 1703947424099
1063 1703947424131
1064 1703947424167
1065 1703947424199
1066 1703947424235
1067 1703947424267
1068 1703947424299
1069 1703947424335
1070 1703947424367
1071 1703947424403
1072 1703947424435
1073 1703947424467
1074 1703947424503
1075 1703947424535
1076 1703947424571
1077 1703947424603
1078 1703947424635
1079 1703947424671
1080 1703947424703
1081 1703947424739
1082 1703947424771
1083 1703947424803
1084 1703947424839
1085 1703947424871
1086 1703947424907
1087 1703947424939
1088 1703947424971
1089 1703947425007
1090 1703947425039
1091 1703947425075
1092 1703947425107
1093 1703947425139
1094 1703947425175
1095 1703947425208
1096 1703947425244
1097 1703947425277
1098 1703947425308
1099 1703947425344
1100 1703947425376
1101 1703947425410
1102 1703947425442
1103 1703947425474
1104 1703947425511
1105 1703947425543
1106 1703947425579
1107 1703947425612
1108 1703947425643
1109 1703947425682
1110 1703947425712
1111 1703947425747
1112 1703947425779
1113 1703947425812
1114 1703947425848
1115 1703947425880
1116 1703947425916
1117 1703947425948
1118 1703947425980
1119 1703947426016
1120 1703947426048
1121 1703947426084
1122 1703947426116
1123 1703947426148
1124 1703947426184
1125 1703947426216
1126 1703947426251
1127 1703947426283
1128 1703947426315
1129 1703947426352
1130 1703947426384
1131 1703947426420
1132 1703947426455
1133 1703947426482
1134 1703947426518
1135 1703947426551
1136 1703947426588
1137 1703947426619
1138 1703947426651
1139 1703947426687
1140 1703947426720
1141 1703947426755
1142 1703947426788
1143 1703947426819
1144 1703947426855
1145 1703947426888
1146 1703947426923
1147 1703947426955
1148 1703947426987
1149 1703947427023
1150 1703947427055
1151 1703947427091
1152 1703947427123
1153 1703947427155
1154 1703947427191
1155 1703947427223
1156 1703947427259
1157 1703947427291
1158 1703947427323
1159 1703947427360
1160 1703947427391
1161 1703947427428
1162 1703947427459
1163 1703947427491
1164 1703947427527
1165 1703947427560
1166 1703947427596
1167 1703947427627
1168 1703947427660
1169 1703947427696
1170 1703947427727
1171 1703947427763
1172 1703947427795
1173 1703947427827
1174 1703947427863
1175 1703947427896
1176 1703947427931
1177 1703947427963
1178 1703947427995
1179 1703947428031
1180 1703947428063
1181 1703947428099
1182 1703947428131
1183 1703947428164
1184 1703947428199
1185 1703947428232
1186 1703947428267
1187 1703947428299
1188 1703947428331
1189 1703947428367
1190 1703947428400
1191 1703947428435
1192 1703947428467
1193 1703947428499
1194 1703947428535
1195 1703947428567
1196 1703947428603
1197 1703947428635
1198 1703947428667
1199 1703947428703
1200 1703947428735
1201 1703947428772
1202 1703947428804
1203 1703947428835
1204 1703947428871
1205 1703947428904
1206 1703947428939
1207 1703947428972
1208 1703947429003
1209 1703947429039
1210 1703947429071
1211 1703947429107
1212 1703947429139
1213 1703947429171
1214 1703947429208
1215 1703947429239
1216 1703947429275
1217 1703947429307
1218 1703947429340
1219 1703947429376
1220 1703947429407
1221 1703947429444
1222 1703947429476
1223 1703947429508
1224 1703947429544
1225 1703947429575
1226 1703947429612
1227 1703947429642
1228 1703947429674
1229 1703947429710
1230 1703947429742
1231 1703947429780
1232 1703947429813
1233 1703947429844
1234 1703947429881
1235 1703947429912
1236 1703947429949
1237 1703947429980
1238 1703947430010
1239 1703947430046
1240 1703947430079
1241 1703947430116
1242 1703947430148
1243 1703947430180
1244 1703947430216
1245 1703947430248
1246 1703947430283
1247 1703947430316
1248 1703947430347
1249 1703947430383
1250 1703947430415
1251 1703947430451
1252 1703947430483
1253 1703947430516
1254 1703947430551
1255 1703947430583
1256 1703947430619
1257 1703947430651
1258 1703947430683
1259 1703947430720
1260 1703947430751
1261 1703947430787
1262 1703947430819
1263 1703947430852
1264 1703947430886
1265 1703947430918
1266 1703947430954
1267 1703947430988
1268 1703947431020
1269 1703947431056
1270 1703947431089
1271 1703947431124
1272 1703947431155
1273 1703947431187
1274 1703947431223
1275 1703947431256
1276 1703947431292
1277 1703947431324
1278 1703947431356
1279 1703947431392
1280 1703947431424
1281 1703947431460
1282 1703947431492
1283 1703947431524
1284 1703947431560
1285 1703947431592
1286 1703947431628
1287 1703947431660
1288 1703947431692
1289 1703947431728
1290 1703947431760
1291 1703947431796
1292 1703947431828
1293 1703947431860
1294 1703947431894
1295 1703947431926
1296 1703947431962
1297 1703947431995
1298 1703947432027
1299 1703947432065
1300 1703947432097
1301 1703947432133
1302 1703947432165
1303 1703947432195
1304 1703947432230
1305 1703947432262
1306 1703947432299
1307 1703947432331
1308 1703947432363
1309 1703947432399
1310 1703947432431
1311 1703947432467
1312 1703947432499
1313 1703947432531
1314 1703947432567
1315 1703947432599
1316 1703947432635
1317 1703947432667
1318 1703947432699
1319 1703947432735
1320 1703947432767
1321 1703947432803
1322 1703947432835
1323 1703947432867
1324 1703947432903
1325 1703947432935
1326 1703947432971
1327 1703947433003
1328 1703947433035
1329 1703947433071
1330 1703947433103
1331 1703947433139
1332 1703947433171
1333 1703947433203
1334 1703947433239
1335 1703947433271
1336 1703947433307
1337 1703947433340
1338 1703947433371
1339 1703947433407
1340 1703947433439
1341 1703947433475
1342 1703947433507
1343 1703947433539
1344 1703947433575
1345 1703947433607
1346 1703947433643
1347 1703947433675
1348 1703947433707
1349 1703947433743
1350 1703947433775
1351 1703947433811
1352 1703947433843
1353 1703947433875
1354 1703947433911
1355 1703947433943
1356 1703947433979
1357 1703947434011
1358 1703947434043
1359 1703947434079
1360 1703947434111
1361 1703947434147
1362 1703947434179
1363 1703947434211
1364 1703947434247
1365 1703947434279
1366 1703947434315
1367 1703947434347
1368 1703947434379
1369 1703947434415
1370 1703947434447
1371 1703947434483
1372 1703947434515
1373 1703947434547
1374 1703947434583
1375 1703947434615
1376 1703947434651
1377 1703947434683
1378 1703947434715
1379 1703947434752
1380 1703947434783
1381 1703947434819
1382 1703947434851
1383 1703947434883
1384 1703947434919
1385 1703947434952
1386 1703947434986
1387 1703947435018
1388 1703947435050
1389 1703947435086
1390 1703947435118
1391 1703947435155
1392 1703947435187
1393 1703947435219
1394 1703947435256
1395 1703947435287
1396 1703947435323
1397 1703947435355
1398 1703947435387
1399 1703947435423
1400 1703947435455
1401 1703947435491
1402 1703947435523
1403 1703947435555
1404 1703947435591
1405 1703947435623
1406 1703947435659
1407 1703947435691
1408 1703947435723
1409 1703947435759
1410 1703947435791
1411 1703947435828
1412 1703947435860
1413 1703947435892
1414 1703947435928
1415 1703947435961
1416 1703947435996
1417 1703947436029
1418 1703947436062
1419 1703947436094
1420 1703947436126
1421 1703947436163
1422 1703947436195
1423 1703947436227
1424 1703947436263
1425 1703947436295
1426 1703947436331
1427 1703947436363
1428 1703947436395
1429 1703947436431
1430 1703947436463
1431 1703947436499
1432 1703947436532
1433 1703947436563
1434 1703947436599
1435 1703947436632
1436 1703947436668
1437 1703947436699
1438 1703947436731
1439 1703947436768
1440 1703947436799
1441 1703947436835
1442 1703947436867
1443 1703947436899
1444 1703947436935
1445 1703947436967
1446 1703947437003
1447 1703947437036
1448 1703947437067
1449 1703947437103
1450 1703947437135
1451 1703947437171
1452 1703947437203
1453 1703947437235
1454 1703947437272
1455 1703947437304
1456 1703947437340
1457 1703947437372
1458 1703947437403
1459 1703947437439
1460 1703947437471
1461 1703947437508
1462 1703947437539
1463 1703947437571
1464 1703947437607
1465 1703947437639
1466 1703947437675
1467 1703947437707
1468 1703947437739
1469 1703947437776
1470 1703947437807
1471 1703947437843
1472 1703947437875
1473 1703947437907
1474 1703947437943
1475 1703947437975
1476 1703947438012
1477 1703947438043
1478 1703947438075
1479 1703947438111
1480 1703947438144
1481 1703947438180
1482 1703947438211
1483 1703947438243
1484 1703947438279
1485 1703947438311
1486 1703947438347
1487 1703947438379
1488 1703947438411
1489 1703947438447
1490 1703947438479
1491 1703947438515
1492 1703947438547
1493 1703947438579
1494 1703947438615
1495 1703947438647
1496 1703947438683
1497 1703947438715
1498 1703947438748
1499 1703947438785
1500 1703947438816
1501 1703947438851
1502 1703947438883
1503 1703947438915
1504 1703947438951
1505 1703947438983
1506 1703947439019
1507 1703947439051
1508 1703947439083
1509 1703947439119
1510 1703947439151
1511 1703947439187
1512 1703947439219
1513 1703947439251
1514 1703947439287
1515 1703947439319
1516 1703947439357
1517 1703947439386
1518 1703947439419
1519 1703947439455
1520 1703947439487
1521 1703947439524
1522 1703947439555
1523 1703947439588
1524 1703947439623
1525 1703947439655
1526 1703947439691
1527 1703947439723
1528 1703947439755
1529 1703947439791
1530 1703947439823
1531 1703947439859
1532 1703947439891
1533 1703947439923
1534 1703947439961
1535 1703947439993
1536 1703947440027
1537 1703947440059
1538 1703947440091
1539 1703947440127
1540 1703947440160
1541 1703947440197
1542 1703947440229
1543 1703947440262
1544 1703947440295
1545 1703947440326
1546 1703947440362
1547 1703947440394
1548 1703947440427
1549 1703947440465
1550 1703947440499
1551 1703947440533
1552 1703947440566
1553 1703947440595
1554 1703947440630
1555 1703947440663
1556 1703947440701
1557 1703947440733
1558 1703947440765
1559 1703947440801
1560 1703947440833
1561 1703947440870
1562 1703947440901
1563 1703947440933
1564 1703947440967
1565 1703947440999
1566 1703947441035
1567 1703947441067
1568 1703947441099
1569 1703947441135
1570 1703947441167
1571 1703947441205
1572 1703947441237
1573 1703947441269
1574 1703947441303
1575 1703947441335
1576 1703947441371
1577 1703947441403
1578 1703947441435
1579 1703947441472
1580 1703947441503
1581 1703947441539
1582 1703947441571
1583 1703947441603
1584 1703947441639
1585 1703947441671
1586 1703947441707
1587 1703947441739
1588 1703947441771
1589 1703947441807
1590 1703947441839
1591 1703947441875
1592 1703947441907
1593 1703947441939
1594 1703947441975
1595 1703947442007
1596 1703947442043
1597 1703947442075
1598 1703947442107
1599 1703947442143
1600 1703947442175
1601 1703947442211
1602 1703947442243
1603 1703947442275
1604 1703947442311
1605 1703947442344
1606 1703947442380
1607 1703947442411
1608 1703947442443
1609 1703947442479
1610 1703947442511
1611 1703947442547
1612 1703947442579
1613 1703947442611
1614 1703947442648
1615 1703947442679
1616 1703947442715
1617 1703947442748
1618 1703947442780
1619 1703947442815
1620 1703947442847
1621 1703947442883
1622 1703947442915
1623 1703947442947
1624 1703947442983
1625 1703947443015
1626 1703947443051
1627 1703947443083
1628 1703947443115
1629 1703947443151
1630 1703947443185
1631 1703947443221
1632 1703947443253
1633 1703947443285
1634 1703947443319
1635 1703947443351
1636 1703947443387
1637 1703947443419
1638 1703947443451
1639 1703947443487
1640 1703947443519
1641 1703947443557
1642 1703947443589
1643 1703947443623
1644 1703947443655
1645 1703947443686
1646 1703947443722
1647 1703947443754
1648 1703947443787
1649 1703947443824
1650 1703947443855
1651 1703947443891
1652 1703947443924
1653 1703947443956
1654 1703947443991
1655 1703947444023
1656 1703947444059
1657 1703947444091
1658 1703947444123
1659 1703947444159
1660 1703947444191
1661 1703947444230
1662 1703947444261
1663 1703947444293
1664 1703947444329
1665 1703947444361
1666 1703947444396
1667 1703947444427
1668 1703947444459
1669 1703947444495
1670 1703947444527
1671 1703947444563
1672 1703947444595
1673 1703947444627
1674 1703947444664
1675 1703947444694
1676 1703947444730
1677 1703947444762
1678 1703947444794
1679 1703947444831
1680 1703947444865
1681 1703947444902
1682 1703947444933
1683 1703947444965
1684 1703947445001
1685 1703947445033
1686 1703947445067
1687 1703947445099
1688 1703947445131
1689 1703947445167
1690 1703947445201
1691 1703947445237
1692 1703947445269
1693 1703947445301
1694 1703947445335
1695 1703947445367
1696 1703947445403
1697 1703947445436
1698 1703947445468
1699 1703947445504
1700 1703947445536
1701 1703947445572
1702 1703947445604
1703 1703947445636
1704 1703947445672
1705 1703947445704
1706 1703947445739
1707 1703947445771
1708 1703947445803
1709 1703947445839
1710 1703947445871
1711 1703947445907
1712 1703947445939
1713 1703947445971
1714 1703947446009
1715 1703947446041
1716 1703947446077
1717 1703947446110
1718 1703947446139
1719 1703947446175
1720 1703947446207
1721 1703947446243
1722 1703947446275
1723 1703947446308
1724 1703947446344
1725 1703947446375
1726 1703947446411
1727 1703947446444
1728 1703947446475
1729 1703947446512
1730 1703947446543
1731 1703947446580
1732 1703947446612
1733 1703947446643
1734 1703947446679
1735 1703947446712
1736 1703947446748
1737 1703947446780
1738 1703947446810
1739 1703947446846
1740 1703947446878
1741 1703947446914
1742 1703947446946
1743 1703947446978
