1 1703948991124 2 101 5.160940 2 102 5.015495
2 1703948991897 1 101 5.043646 1 102 5.221933
3 1703948992144 2 101 5.179707 2 102 5.029571
4 1703948992857 3 101 5.099947 3 102 5.071796
5 1703948993100 1 101 5.062413 1 102 5.184399
6 1703948993350 2 101 5.170324 2 102 5.015495
7 1703948993595 3 101 5.132790 3 102 5.099947
8 1703948993839 1 101 5.034263 1 102 5.207858
9 1703948994088 2 101 5.170324 2 102 5.001420
10 1703948994331 3 101 5.114023 3 102 5.010804
11 1703948994572 1 101 5.057721 1 102 5.193782
12 1703948994825 2 101 5.160940 2 102 5.024879
13 1703948995070 3 101 5.095255 3 102 5.043646
14 1703948995315 1 101 5.043646 1 102 5.170324
15 1703948995559 2 101 5.156249 2 102 5.015495
16 1703948995804 3 101 5.085872 3 102 5.057721
17 1703948996049 1 101 5.038954 1 102 5.170324
18 1703948996296 2 101 5.165632 2 102 5.015495
19 1703948996540 3 101 5.137481 3 102 5.057721
20 1703948996795 1 101 5.057721 1 102 5.184399
21 1703948997043 2 101 5.146865 2 102 5.024879
22 1703948997287 3 101 5.109331 3 102 5.067105
23 1703948997537 1 101 5.067105 1 102 5.165632
24 1703948997785 2 101 5.189091 2 102 5.020187
25 1703948998029 3 101 5.099947 3 102 5.076488
26 1703948998274 1 101 5.015495 1 102 5.189091
27 1703948998518 2 101 5.193782 2 102 5.038954
28 1703948998763 3 101 5.104639 3 102 5.053030
29 1703948999009 1 101 5.048338 1 102 5.184399
30 1703948999256 2 101 5.198474 2 102 5.024879
31 1703948999501 3 101 5.123406 3 102 5.053030
32 1703948999748 1 101 5.048338 1 102 5.165632
33 1703948999994 2 101 5.175015 2 102 4.996728
34 1703949000239 3 101 5.090564 3 102 5.048338
35 1703949000492 1 101 5.024879 1 102 5.184399
36 1703949000737 2 101 5.160940 2 102 5.001420
37 1703949000982 3 101 5.123406 3 102 5.062413
38 1703949001232 1 101 5.057721 1 102 5.160940
39 1703949001477 2 101 5.184399 2 102 5.024879
40 1703949002830 3 101 5.114023 3 102 5.076488
41 1703949003079 1 101 5.048338 1 102 5.189091
42 1703949003324 2 101 5.175015 2 102 5.001420
43 1703949003569 3 101 5.099947 3 102 5.081180
44 1703949003818 1 101 5.043646 1 102 5.175015
45 1703949004064 2 101 5.170324 2 102 5.034263
46 1703949004312 3 101 5.123406 3 102 5.048338
47 1703949004558 1 101 5.067105 1 102 5.170324
48 1703949004803 2 101 5.170324 2 102 5.010804
49 1703949005049 3 101 5.104639 3 102 5.048338
50 1703949005297 1 101 5.034263 1 102 5.156249
51 1703949005541 2 101 5.179707 2 102 5.043646
52 1703949005787 3 101 5.128098 3 102 5.062413
53 1703949006032 1 101 5.043646 1 102 5.175015
54 1703949006276 2 101 5.184399 2 102 5.001420
55 1703949006522 3 101 5.114023 3 102 5.057721
56 1703949006770 1 101 5.062413 1 102 5.184399
57 1703949007016 2 101 5.184399 2 102 5.006112
58 1703949007262 3 101 5.114023 3 102 5.048338
59 1703949007509 1 101 5.062413 1 102 5.170324
60 1703949007754 2 101 5.198474 2 102 5.043646
61 1703949008001 3 101 5.104639 3 102 5.057721
62 1703949008247 1 101 5.038954 1 102 5.156249
63 1703949008494 2 101 5.146865 2 102 5.010804
64 1703949008742 3 101 5.128098 3 102 5.067105
65 1703949008986 1 101 5.038954 1 102 5.156249
66 1703949009231 2 101 5.160940 2 102 5.006112
67 1703949010494 3 101 5.123406 3 102 5.048338
68 1703949010742 1 101 5.029571 1 102 5.165632
69 1703949010986 2 101 5.193782 2 102 5.020187
70 1703949011233 3 101 5.109331 3 102 5.067105
71 1703949011480 1 101 5.071796 1 102 5.184399
72 1703949011725 2 101 5.184399 2 102 5.006112
73 1703949011973 3 101 5.123406 3 102 5.043646
74 1703949012218 1 101 5.043646 1 102 5.160940
75 1703949012463 2 101 5.165632 2 102 5.038954
76 1703949012709 3 101 5.109331 3 102 5.043646
77 1703949013972 1 101 5.053030 1 102 5.151556
78 1703949014216 2 101 5.203166 2 102 5.029571
79 1703949015159 3 101 5.109331 3 102 5.062413
80 1703949015405 1 101 5.067105 1 102 5.175015
81 1703949015649 2 101 5.179707 2 102 5.010804
82 1703949015893 3 101 5.114023 3 102 5.062413
83 1703949016138 1 101 5.038954 1 102 5.165632
84 1703949016387 2 101 5.170324 2 102 5.015495
85 1703949016631 3 101 5.095255 3 102 5.057721
86 1703949016876 1 101 5.057721 1 102 5.137481
87 1703949017121 2 101 5.189091 2 102 5.010804
88 1703949017365 3 101 5.099947 3 102 5.053030
89 1703949017609 1 101 5.053030 1 102 5.165632
90 1703949017856 2 101 5.179707 2 102 5.010804
91 1703949018100 3 101 5.099947 3 102 5.071796
92 1703949018343 1 101 5.038954 1 102 5.193782
93 1703949018595 2 101 5.175015 2 102 5.020187
94 1703949018840 3 101 5.090564 3 102 5.062413
95 1703949019092 1 101 5.024879 1 102 5.156249
96 1703949019337 2 101 5.189091 2 102 5.001420
97 1703949019582 3 101 5.095255 3 102 5.038954
98 1703949019825 1 101 5.038954 1 102 5.179707
99 1703949020074 2 101 5.170324 2 102 4.992037
100 1703949020318 3 101 5.081180 3 102 5.057721
101 1703949020565 1 101 5.062413 1 102 5.193782
102 1703949020812 2 101 5.170324 2 102 5.010804
103 1703949021061 3 101 5.132790 3 102 5.062413
104 1703949021308 1 101 5.057721 1 102 5.184399
105 1703949021555 2 101 5.179707 2 102 4.996728
106 1703949021802 3 101 5.099947 3 102 5.043646
107 1703949022047 1 101 5.020187 1 102 5.151556
108 1703949022295 2 101 5.175015 2 102 5.029571
109 1703949022541 3 101 5.109331 3 102 5.081180
110 1703949022786 1 101 5.081180 1 102 5.165632
111 1703949023038 2 101 5.165632 2 102 5.015495
112 1703949023288 3 101 5.114023 3 102 5.067105
113 1703949023535 1 101 5.034263 1 102 5.184399
114 1703949023783 2 101 5.179707 2 102 5.038954
115 1703949024030 3 101 5.090564 3 102 5.057721
116 1703949024274 1 101 5.057721 1 102 5.189091
117 1703949024518 2 101 5.179707 2 102 5.024879
118 1703949024766 3 101 5.104639 3 102 5.062413
119 1703949025013 1 101 5.024879 1 102 5.165632
120 1703949025257 2 101 5.193782 2 102 5.006112
121 1703949025504 3 101 5.109331 3 102 5.043646
122 1703949025747 1 101 5.062413 1 102 5.175015
123 1703949025991 2 101 5.170324 2 102 5.029571
124 1703949026236 3 101 5.118714 3 102 5.071796
125 1703949026479 1 101 5.038954 1 102 5.160940
126 1703949026724 2 101 5.170324 2 102 5.020187
127 1703949026970 3 101 5.095255 3 102 5.090564
128 1703949027217 1 101 5.048338 1 102 5.179707
129 1703949027464 2 101 5.156249 2 102 5.029571
130 1703949027709 3 101 5.099947 3 102 5.053030
131 1703949027954 1 101 5.034263 1 102 5.160940
132 1703949028199 2 101 5.184399 2 102 5.020187
133 1703949028444 3 101 5.085872 3 102 5.048338
134 1703949028689 1 101 4.992037 1 102 5.146865
135 1703949028936 2 101 5.165632 2 102 5.020187
136 1703949029182 3 101 5.090564 3 102 5.067105
137 1703949029428 1 101 5.081180 1 102 5.156249
138 1703949029677 2 101 5.189091 2 102 5.029571
139 1703949029921 3 101 5.123406 3 102 5.062413
140 1703949030165 1 101 5.006112 1 102 5.151556
141 1703949030407 2 101 5.179707 2 102 5.006112
142 1703949030654 3 101 5.104639 3 102 5.071796
143 1703949030897 1 101 5.071796 1 102 5.184399
144 1703949031141 2 101 5.184399 2 102 4.992037
145 1703949031386 3 101 5.132790 3 102 5.071796
146 1703949031634 1 101 5.076488 1 102 5.160940
147 1703949031877 2 101 5.160940 2 102 5.034263
148 1703949032123 3 101 5.109331 3 102 5.048338
149 1703949032367 1 101 5.015495 1 102 5.170324
150 1703949032611 2 101 5.170324 2 102 5.015495
151 1703949032857 3 101 5.099947 3 102 5.057721
152 1703949033107 1 101 5.057721 1 102 5.184399
153 1703949033355 2 101 5.175015 2 102 5.015495
154 1703949033603 3 101 5.095255 3 102 5.034263
155 1703949033849 1 101 5.043646 1 102 5.184399
156 1703949034094 2 101 5.198474 2 102 5.006112
157 1703949034337 3 101 5.090564 3 102 5.062413
158 1703949034583 1 101 5.053030 1 102 5.156249
159 1703949034828 2 101 5.198474 2 102 5.034263
160 1703949035076 3 101 5.090564 3 102 5.053030
161 1703949035321 1 101 5.062413 1 102 5.156249
162 1703949035568 2 101 5.160940 2 102 5.010804
163 1703949035814 3 101 5.104639 3 102 5.034263
164 1703949036064 1 101 5.053030 1 102 5.184399
165 1703949036306 2 101 5.165632 2 102 5.020187
166 1703949036555 3 101 5.114023 3 102 5.057721
167 1703949036801 1 101 5.038954 1 102 5.179707
168 1703949037046 2 101 5.170324 2 102 5.020187
169 1703949037292 3 101 5.146865 3 102 5.062413
170 1703949037538 1 101 5.038954 1 102 5.184399
171 1703949037791 2 101 5.207858 2 102 5.015495
172 1703949038036 3 101 5.099947 3 102 5.067105
173 1703949038282 1 101 5.038954 1 102 5.151556
174 1703949038531 2 101 5.165632 2 102 5.010804
175 1703949038774 3 101 5.109331 3 102 5.057721
176 1703949039020 1 101 5.024879 1 102 5.165632
177 1703949039266 2 101 5.175015 2 102 5.015495
178 1703949039514 3 101 5.095255 3 102 5.048338
179 1703949039760 1 101 5.053030 1 102 5.146865
180 1703949040006 2 101 5.160940 2 102 5.020187
181 1703949040255 3 101 5.085872 3 102 5.071796
182 1703949040500 1 101 5.043646 1 102 5.189091
183 1703949040746 2 101 5.146865 2 102 5.024879
184 1703949040992 3 101 5.109331 3 102 5.053030
185 1703949041239 1 101 5.034263 1 102 5.170324
186 1703949041485 2 101 5.165632 2 102 5.020187
187 1703949041731 3 101 5.090564 3 102 5.053030
188 1703949041981 1 101 5.067105 1 102 5.184399
189 1703949042229 2 101 5.189091 2 102 5.015495
190 1703949042475 3 101 5.114023 3 102 5.062413
191 1703949042721 1 101 5.034263 1 102 5.151556
192 1703949042968 2 101 5.170324 2 102 5.024879
193 1703949043213 3 101 5.109331 3 102 5.076488
194 1703949043458 1 101 5.076488 1 102 5.175015
195 1703949043701 2 101 5.156249 2 102 5.015495
196 1703949043946 3 101 5.085872 3 102 5.062413
197 1703949044194 1 101 5.024879 1 102 5.189091
198 1703949044439 2 101 5.165632 2 102 5.029571
199 1703949044686 3 101 5.118714 3 102 5.057721
200 1703949044936 1 101 5.024879 1 102 5.175015
201 1703949045183 2 101 5.184399 2 102 5.015495
202 1703949045427 3 101 5.114023 3 102 5.062413
203 1703949045674 1 101 5.038954 1 102 5.189091
204 1703949045921 2 101 5.170324 2 102 5.034263
205 1703949046165 3 101 5.081180 3 102 5.057721
206 1703949046411 1 101 5.057721 1 102 5.170324
207 1703949046659 2 101 5.137481 2 102 5.020187
208 1703949046903 3 101 5.123406 3 102 5.053030
209 1703949047149 1 101 5.043646 1 102 5.151556
210 1703949047392 2 101 5.170324 2 102 5.015495
211 1703949047634 3 101 5.095255 3 102 5.062413
212 1703949047876 1 101 5.043646 1 102 5.175015
213 1703949048120 2 101 5.151556 2 102 5.015495
214 1703949048362 3 101 5.109331 3 102 5.043646
215 1703949048605 1 101 5.024879 1 102 5.156249
216 1703949048849 2 101 5.165632 2 102 5.024879
217 1703949049095 3 101 5.109331 3 102 5.043646
218 1703949049338 1 101 5.024879 1 102 5.156249
219 1703949049580 2 101 5.170324 2 102 5.010804
220 1703949049828 3 101 5.123406 3 102 5.071796
221 1703949050071 1 101 5.038954 1 102 5.179707
222 1703949050323 2 101 5.165632 2 102 5.048338
223 1703949050571 3 101 5.085872 3 102 5.071796
224 1703949050819 1 101 5.015495 1 102 5.160940
225 1703949051062 2 101 5.189091 2 102 5.024879
226 1703949051309 3 101 5.104639 3 102 5.071796
227 1703949051551 1 101 5.043646 1 102 5.165632
228 1703949051796 2 101 5.184399 2 102 5.010804
229 1703949052042 3 101 5.109331 3 102 5.057721
230 1703949052289 1 101 5.010804 1 102 5.179707
231 1703949052536 2 101 5.146865 2 102 5.015495
232 1703949052781 3 101 5.146865 3 102 5.062413
233 1703949053028 1 101 5.024879 1 102 5.160940
234 1703949053273 2 101 5.165632 2 102 5.020187
235 1703949053518 3 101 5.095255 3 102 5.062413
236 1703949053764 1 101 5.062413 1 102 5.165632
237 1703949054010 2 101 5.156249 2 102 5.024879
238 1703949054257 3 101 5.076488 3 102 5.053030
239 1703949054500 1 101 5.029571 1 102 5.189091
240 1703949054745 2 101 5.165632 2 102 5.020187
241 1703949054993 3 101 5.104639 3 102 5.057721
242 1703949055240 1 101 5.029571 1 102 5.160940
243 1703949055485 2 101 5.175015 2 102 5.024879
244 1703949055732 3 101 5.109331 3 102 5.038954
245 1703949055980 1 101 5.029571 1 102 5.151556
246 1703949056225 2 101 5.179707 2 102 5.010804
247 1703949056471 3 101 5.114023 3 102 5.057721
248 1703949056721 1 101 5.029571 1 102 5.160940
249 1703949056965 2 101 5.170324 2 102 5.015495
250 1703949057210 3 101 5.109331 3 102 5.067105
251 1703949057459 1 101 5.024879 1 102 5.146865
252 1703949057706 2 101 5.170324 2 102 5.020187
253 1703949057951 3 101 5.076488 3 102 5.062413
254 1703949058196 1 101 5.020187 1 102 5.184399
255 1703949058445 2 101 5.151556 2 102 5.024879
256 1703949058692 3 101 5.109331 3 102 5.081180
257 1703949058936 1 101 5.067105 1 102 5.165632
258 1703949059182 2 101 5.170324 2 102 5.029571
259 1703949059426 3 101 5.099947 3 102 5.053030
260 1703949059672 1 101 5.071796 1 102 5.151556
261 1703949059917 2 101 5.156249 2 102 5.006112
262 1703949060166 3 101 5.109331 3 102 5.053030
263 1703949060414 1 101 5.062413 1 102 5.151556
264 1703949060660 2 101 5.123406 2 102 5.029571
265 1703949060908 3 101 5.104639 3 102 5.067105
266 1703949061153 1 101 5.024879 1 102 5.170324
267 1703949061399 2 101 5.156249 2 102 5.010804
268 1703949061642 3 101 5.128098 3 102 5.048338
269 1703949061884 1 101 5.057721 1 102 5.146865
270 1703949062128 2 101 5.179707 2 102 5.020187
271 1703949062370 3 101 5.095255 3 102 5.057721
272 1703949062613 1 101 5.034263 1 102 5.189091
273 1703949062858 2 101 5.156249 2 102 5.010804
274 1703949063103 3 101 5.114023 3 102 5.067105
275 1703949063347 1 101 5.076488 1 102 5.184399
276 1703949063591 2 101 5.170324 2 102 5.038954
277 1703949063841 3 101 5.090564 3 102 5.043646
278 1703949064085 1 101 5.006112 1 102 5.179707
279 1703949064329 2 101 5.175015 2 102 5.010804
280 1703949064574 3 101 5.099947 3 102 5.029571
281 1703949064818 1 101 5.062413 1 102 5.175015
282 1703949065060 2 101 5.165632 2 102 5.006112
283 1703949065307 3 101 5.099947 3 102 5.043646
284 1703949065551 1 101 5.034263 1 102 5.189091
285 1703949065792 2 101 5.179707 2 102 5.038954
286 1703949066035 3 101 5.109331 3 102 5.071796
287 1703949066279 1 101 5.034263 1 102 5.165632
288 1703949066525 2 101 5.203166 2 102 5.015495
289 1703949066769 3 101 5.090564 3 102 5.024879
290 1703949067014 1 101 5.038954 1 102 5.179707
291 1703949067258 2 101 5.184399 2 102 5.001420
292 1703949067502 3 101 5.095255 3 102 5.029571
293 1703949067747 1 101 5.057721 1 102 5.160940
294 1703949067993 2 101 5.146865 2 102 4.996728
295 1703949068238 3 101 5.071796 3 102 5.062413
296 1703949068484 1 101 5.067105 1 102 5.151556
297 1703949068731 2 101 5.160940 2 102 5.006112
298 1703949068976 3 101 5.099947 3 102 5.099947
299 1703949069223 1 101 5.034263 1 102 5.170324
300 1703949069472 2 101 5.193782 2 102 5.010804
301 1703949069719 3 101 5.099947 3 102 5.048338
302 1703949069966 1 101 5.038954 1 102 5.184399
303 1703949070213 2 101 5.170324 2 102 4.992037
304 1703949070459 3 101 5.114023 3 102 5.038954
305 1703949070704 1 101 5.043646 1 102 5.189091
306 1703949070951 2 101 5.160940 2 102 5.024879
307 1703949071203 3 101 5.090564 3 102 5.071796
308 1703949071448 1 101 5.067105 1 102 5.175015
309 1703949071695 2 101 5.165632 2 102 5.006112
310 1703949071942 3 101 5.109331 3 102 5.057721
311 1703949072192 1 101 5.034263 1 102 5.170324
312 1703949072442 2 101 5.170324 2 102 5.010804
313 1703949072686 3 101 5.132790 3 102 5.076488
314 1703949072932 1 101 5.043646 1 102 5.203166
315 1703949073177 2 101 5.165632 2 102 5.015495
316 1703949073421 3 101 5.123406 3 102 5.043646
317 1703949074240 1 101 5.071796 1 102 5.160940
318 1703949074490 2 101 5.165632 2 102 4.996728
319 1703949074734 3 101 5.085872 3 102 5.062413
320 1703949074977 1 101 5.062413 1 102 5.170324
321 1703949075224 2 101 5.198474 2 102 5.010804
322 1703949075469 3 101 5.109331 3 102 5.024879
323 1703949075719 1 101 5.038954 1 102 5.203166
324 1703949075966 2 101 5.146865 2 102 4.996728
325 1703949076213 3 101 5.114023 3 102 5.095255
326 1703949076461 1 101 5.048338 1 102 5.146865
327 1703949076706 2 101 5.207858 2 102 5.001420
328 1703949076953 3 101 5.114023 3 102 5.067105
329 1703949077201 1 101 5.034263 1 102 5.189091
330 1703949077459 2 101 5.175015 2 102 5.015495
331 1703949077706 3 101 5.123406 3 102 5.062413
332 1703949077947 1 101 5.029571 1 102 5.170324
333 1703949078192 2 101 5.160940 2 102 5.010804
334 1703949078437 3 101 5.095255 3 102 5.067105
335 1703949078683 1 101 5.071796 1 102 5.156249
336 1703949078927 2 101 5.151556 2 102 5.006112
337 1703949079172 3 101 5.081180 3 102 5.057721
338 1703949079414 1 101 5.034263 1 102 5.170324
339 1703949079661 2 101 5.189091 2 102 5.029571
340 1703949079906 3 101 5.076488 3 102 5.062413
341 1703949080148 1 101 5.034263 1 102 5.165632
342 1703949080397 2 101 5.170324 2 102 5.024879
343 1703949080640 3 101 5.123406 3 102 5.062413
344 1703949080888 1 101 5.048338 1 102 5.165632
345 1703949081134 2 101 5.179707 2 102 5.010804