1 1703948992848
2 1703948992941
3 1703948992960
4 1703948992993
5 1703948993026
6 1703948993052
7 1703948993089
8 1703948993122
9 1703948993156
10 1703948993189
11 1703948993221
12 1703948993257
13 1703948993289
14 1703948993322
15 1703948993357
16 1703948993389
17 1703948993427
18 1703948993460
19 1703948993491
20 1703948993528
21 1703948993560
22 1703948993596
23 1703948993657
24 1703948993717
25 1703948993765
26 1703948993809
27 1703948993849
28 1703948993888
29 1703948993918
30 1703948993950
31 1703948993988
32 1703948994021
33 1703948994056
34 1703948994088
35 1703948994121
36 1703948994157
37 1703948994188
38 1703948994224
39 1703948994254
40 1703948994285
41 1703948994320
42 1703948994352
43 1703948994389
44 1703948994420
45 1703948994453
46 1703948994490
47 1703948994523
48 1703948994557
49 1703948994588
50 1703948994621
51 1703948994657
52 1703948994689
53 1703948994724
54 1703948994756
55 1703948994788
56 1703948994824
57 1703948994856
58 1703948994892
59 1703948994925
60 1703948994956
61 1703948994992
62 1703948995024
63 1703948995060
64 1703948995093
65 1703948995127
66 1703948995160
67 1703948995192
68 1703948995228
69 1703948995260
70 1703948995292
71 1703948995328
72 1703948995360
73 1703948995396
74 1703948995428
75 1703948995460
76 1703948995496
77 1703948995528
78 1703948995565
79 1703948995596
80 1703948995628
81 1703948995667
82 1703948995697
83 1703948995732
84 1703948995766
85 1703948995797
86 1703948995833
87 1703948995864
88 1703948995900
89 1703948995932
90 1703948995965
91 1703948996001
92 1703948996032
93 1703948996068
94 1703948996100
95 1703948996132
96 1703948996168
97 1703948996200
98 1703948996238
99 1703948996269
100 1703948996301
101 1703948996337
102 1703948996369
103 1703948996405
104 1703948996437
105 1703948996470
106 1703948996507
107 1703948996538
108 1703948996573
109 1703948996604
110 1703948996636
111 1703948996675
112 1703948996707
113 1703948996741
114 1703948996776
115 1703948996807
116 1703948996840
117 1703948996872
118 1703948996909
119 1703948996943
120 1703948996975
121 1703948997010
122 1703948997041
123 1703948997077
124 1703948997109
125 1703948997141
126 1703948997177
127 1703948997209
128 1703948997245
129 1703948997277
130 1703948997309
131 1703948997345
132 1703948997377
133 1703948997413
134 1703948997445
135 1703948997477
136 1703948997513
137 1703948997545
138 1703948997581
139 1703948997613
140 1703948997645
141 1703948997681
142 1703948997713
143 1703948997751
144 1703948997784
145 1703948997820
146 1703948997850
147 1703948997880
148 1703948997916
149 1703948997948
150 1703948997980
151 1703948998016
152 1703948998048
153 1703948998084
154 1703948998117
155 1703948998149
156 1703948998185
157 1703948998217
158 1703948998253
159 1703948998287
160 1703948998319
161 1703948998353
162 1703948998385
163 1703948998421
164 1703948998453
165 1703948998485
166 1703948998530
167 1703948998569
168 1703948998609
169 1703948998649
170 1703948998689
171 1703948998730
172 1703948998768
173 1703948998808
174 1703948998848
175 1703948998889
176 1703948998928
177 1703948998968
178 1703948999009
179 1703948999052
180 1703948999092
181 1703948999132
182 1703948999173
183 1703948999212
184 1703948999252
185 1703948999292
186 1703948999333
187 1703948999373
188 1703948999413
189 1703948999452
190 1703948999492
191 1703948999533
192 1703948999573
193 1703948999616
194 1703948999657
195 1703948999697
196 1703948999737
197 1703948999780
198 1703948999817
199 1703948999857
200 1703948999896
201 1703948999939
202 1703948999978
203 1703949000016
204 1703949000056
205 1703949000098
206 1703949000137
207 1703949000181
208 1703949000221
209 1703949000262
210 1703949000302
211 1703949000341
212 1703949000381
213 1703949000421
214 1703949000461
215 1703949000501
216 1703949000540
217 1703949000581
218 1703949000621
219 1703949000661
220 1703949000701
221 1703949000747
222 1703949000787
223 1703949000824
224 1703949000864
225 1703949000905
226 1703949000946
227 1703949000986
228 1703949001026
229 1703949001067
230 1703949001107
231 1703949001147
232 1703949001185
233 1703949001226
234 1703949001267
235 1703949001310
236 1703949001350
237 1703949001390
238 1703949001430
239 1703949001470
240 1703949001511
241 1703949001550
242 1703949001590
243 1703949001630
244 1703949001670
245 1703949001710
246 1703949001750
247 1703949001790
248 1703949001834
249 1703949001874
250 1703949001914
251 1703949001954
252 1703949001994
253 1703949002035
254 1703949002074
255 1703949002114
256 1703949002154
257 1703949002194
258 1703949002234
259 1703949002274
260 1703949002314
261 1703949002354
262 1703949002398
263 1703949002438
264 1703949002478
265 1703949002518
266 1703949002559
267 1703949002598
268 1703949002638
269 1703949002678
270 1703949002718
271 1703949002758
272 1703949002798
273 1703949002838
274 1703949002878
275 1703949002918
276 1703949002962
277 1703949003002
278 1703949003042
279 1703949003084
280 1703949003124
281 1703949003161
282 1703949003201
283 1703949003241
284 1703949003282
285 1703949003323
286 1703949003363
287 1703949003403
288 1703949003443
289 1703949003481
290 1703949003525
291 1703949003565
292 1703949003607
293 1703949003646
294 1703949003685
295 1703949003727
296 1703949003767
297 1703949003807
298 1703949003845
299 1703949003885
300 1703949003927
301 1703949003967
302 1703949004007
303 1703949004045
304 1703949004091
305 1703949004131
306 1703949004171
307 1703949004209
308 1703949004249
309 1703949004289
310 1703949004330
311 1703949004370
312 1703949004410
313 1703949004450
314 1703949004490
315 1703949004530
316 1703949004570
317 1703949004614
318 1703949004654
319 1703949004694
320 1703949004734
321 1703949004774
322 1703949004814
323 1703949004854
324 1703949004894
325 1703949004934
326 1703949004974
327 1703949005014
328 1703949005054
329 1703949005094
330 1703949005134
331 1703949005178
332 1703949005218
333 1703949005258
334 1703949005298
335 1703949005337
336 1703949005377
337 1703949005419
338 1703949005458
339 1703949005497
340 1703949005538
341 1703949005578
342 1703949005617
343 1703949005657
344 1703949005698
345 1703949005744
346 1703949005781
347 1703949005820
348 1703949005862
349 1703949005902
350 1703949005942
351 1703949005982
352 1703949006022
353 1703949006062
354 1703949006102
355 1703949006142
356 1703949006182
357 1703949006222
358 1703949006262
359 1703949006307
360 1703949006346
361 1703949006386
362 1703949006426
363 1703949006466
364 1703949006506
365 1703949006546
366 1703949006586
367 1703949006626
368 1703949006666
369 1703949006706
370 1703949006746
371 1703949006786
372 1703949006826
373 1703949006872
374 1703949006912
375 1703949006951
376 1703949006991
377 1703949007032
378 1703949007071
379 1703949007111
380 1703949007151
381 1703949007192
382 1703949007231
383 1703949007272
384 1703949007311
385 1703949007351
386 1703949007395
387 1703949007435
388 1703949007475
389 1703949007515
390 1703949007555
391 1703949007595
392 1703949007635
393 1703949007675
394 1703949007715
395 1703949007755
396 1703949007796
397 1703949007834
398 1703949007873
399 1703949007914
400 1703949007959
401 1703949007999
402 1703949008039
403 1703949008079
404 1703949008119
405 1703949008159
406 1703949008199
407 1703949008239
408 1703949008280
409 1703949008319
410 1703949008359
411 1703949008399
412 1703949008439
413 1703949008479
414 1703949008524
415 1703949008563
416 1703949008603
417 1703949008644
418 1703949008683
419 1703949008721
420 1703949008762
421 1703949008802
422 1703949008841
423 1703949008881
424 1703949008921
425 1703949008962
426 1703949009002
427 1703949009042
428 1703949009086
429 1703949009126
430 1703949009166
431 1703949009205
432 1703949009245
433 1703949009286
434 1703949009326
435 1703949009366
436 1703949009405
437 1703949009445
438 1703949009487
439 1703949009525
440 1703949009565
441 1703949009606
442 1703949009651
443 1703949009690
444 1703949009730
445 1703949009770
446 1703949009810
447 1703949009852
448 1703949009889
449 1703949009929
450 1703949009970
451 1703949010011
452 1703949010050
453 1703949010091
454 1703949010130
455 1703949010170
456 1703949010214
457 1703949010254
458 1703949010295
459 1703949010334
460 1703949010375
461 1703949010414
462 1703949010454
463 1703949010494
464 1703949010534
465 1703949010573
466 1703949010613
467 1703949010654
468 1703949010695
469 1703949010739
470 1703949010780
471 1703949010819
472 1703949010859
473 1703949010900
474 1703949010939
475 1703949010979
476 1703949011020
477 1703949011060
478 1703949011099
479 1703949011138
480 1703949011177
481 1703949011218
482 1703949011258
483 1703949011302
484 1703949011343
485 1703949011383
486 1703949011423
487 1703949011463
488 1703949011503
489 1703949011543
490 1703949011583
491 1703949011623
492 1703949011663
493 1703949011703
494 1703949011743
495 1703949011783
496 1703949011823
497 1703949011867
498 1703949011907
499 1703949011947
500 1703949011987
501 1703949012027
502 1703949012067
503 1703949012107
504 1703949012147
505 1703949012187
506 1703949012227
507 1703949012267
508 1703949012307
509 1703949012348
510 1703949012387
511 1703949012431
512 1703949012471
513 1703949012511
514 1703949012551
515 1703949012591
516 1703949012631
517 1703949012672
518 1703949012711
519 1703949012751
520 1703949012791
521 1703949012831
522 1703949012871
523 1703949012911
524 1703949012951
525 1703949012995
526 1703949013035
527 1703949013075
528 1703949013115
529 1703949013155
530 1703949013195
531 1703949013235
532 1703949013275
533 1703949013315
534 1703949013355
535 1703949013395
536 1703949013435
537 1703949013475
538 1703949013519
539 1703949013559
540 1703949013599
541 1703949013639
542 1703949013679
543 1703949013719
544 1703949013759
545 1703949013797
546 1703949013838
547 1703949013880
548 1703949013920
549 1703949013959
550 1703949013999
551 1703949014041
552 1703949014081
553 1703949014121
554 1703949014162
555 1703949014204
556 1703949014244
557 1703949014283
558 1703949014323
559 1703949014363
560 1703949014404
561 1703949014443
562 1703949014483
563 1703949014523
564 1703949014564
565 1703949014603
566 1703949014647
567 1703949014687
568 1703949014727
569 1703949014766
570 1703949014806
571 1703949014846
572 1703949014887
573 1703949014927
574 1703949014966
575 1703949015006
576 1703949015045
577 1703949015086
578 1703949015127
579 1703949015167
580 1703949015211
581 1703949015250
582 1703949015291
583 1703949015330
584 1703949015371
585 1703949015411
586 1703949015450
587 1703949015490
588 1703949015530
589 1703949015571
590 1703949015611
591 1703949015651
592 1703949015691
593 1703949015730
594 1703949015774
595 1703949015814
596 1703949015855
597 1703949015894
598 1703949015934
599 1703949015976
600 1703949016014
601 1703949016053
602 1703949016093
603 1703949016133
604 1703949016173
605 1703949016212
606 1703949016252
607 1703949016297
608 1703949016337
609 1703949016377
610 1703949016417
611 1703949016457
612 1703949016497
613 1703949016537
614 1703949016577
615 1703949016617
616 1703949016656
617 1703949016696
618 1703949016736
619 1703949016777
620 1703949016817
621 1703949016860
622 1703949016901
623 1703949016941
624 1703949016980
625 1703949017020
626 1703949017060
627 1703949017101
628 1703949017141
629 1703949017180
630 1703949017220
631 1703949017260
632 1703949017300
633 1703949017340
634 1703949017380
635 1703949017425
636 1703949017465
637 1703949017504
638 1703949017544
639 1703949017585
640 1703949017625
641 1703949017665
642 1703949017705
643 1703949017744
644 1703949017785
645 1703949017824
646 1703949017864
647 1703949017905
648 1703949017945
649 1703949017989
650 1703949018029
651 1703949018069
652 1703949018109
653 1703949018149
654 1703949018189
655 1703949018229
656 1703949018269
657 1703949018308
658 1703949018348
659 1703949018388
660 1703949018428
661 1703949018469
662 1703949018509
663 1703949018553
664 1703949018593
665 1703949018635
666 1703949018675
667 1703949018713
668 1703949018754
669 1703949018794
670 1703949018835
671 1703949018875
672 1703949018913
673 1703949018953
674 1703949018994
675 1703949019035
676 1703949019078
677 1703949019119
678 1703949019158
679 1703949019199
680 1703949019238
681 1703949019279
682 1703949019318
683 1703949019359
684 1703949019399
685 1703949019439
686 1703949019478
687 1703949019519
688 1703949019559
689 1703949019599
690 1703949019643
691 1703949019682
692 1703949019722
693 1703949019762
694 1703949019803
695 1703949019842
696 1703949019882
697 1703949019922
698 1703949019963
699 1703949020003
700 1703949020043
701 1703949020081
702 1703949020121
703 1703949020162
704 1703949020206
705 1703949020247
706 1703949020285
707 1703949020327
708 1703949020367
709 1703949020406
710 1703949020446
711 1703949020487
712 1703949020526
713 1703949020567
714 1703949020607
715 1703949020647
716 1703949020687
717 1703949020727
718 1703949020771
719 1703949020811
720 1703949020851
721 1703949020891
722 1703949020930
723 1703949020971
724 1703949021011
725 1703949021051
726 1703949021091
727 1703949021131
728 1703949021171
729 1703949021211
730 1703949021250
731 1703949021291
732 1703949021335
733 1703949021375
734 1703949021415
735 1703949021454
736 1703949021495
737 1703949021535
738 1703949021575
739 1703949021615
740 1703949021654
741 1703949021694
742 1703949021735
743 1703949021775
744 1703949021816
745 1703949021859
746 1703949021899
747 1703949021939
748 1703949021979
749 1703949022019
750 1703949022059
751 1703949022099
752 1703949022139
753 1703949022179
754 1703949022219
755 1703949022259
756 1703949022299
757 1703949022340
758 1703949022379
759 1703949022424
760 1703949022465
761 1703949022504
762 1703949022541
763 1703949022581
764 1703949022621
765 1703949022661
766 1703949022701
767 1703949022741
768 1703949022783
769 1703949022823
770 1703949022862
771 1703949022902
772 1703949022942
773 1703949022986
774 1703949023026
775 1703949023066
776 1703949023106
777 1703949023146
778 1703949023188
779 1703949023228
780 1703949023267
781 1703949023305
782 1703949023346
783 1703949023387
784 1703949023428
785 1703949023468
786 1703949023508
787 1703949023552
788 1703949023592
789 1703949023629
790 1703949023670
791 1703949023710
792 1703949023750
793 1703949023791
794 1703949023830
795 1703949023870
796 1703949023911
797 1703949023953
798 1703949023992
799 1703949024032
800 1703949024072
801 1703949024116
802 1703949024156
803 1703949024193
804 1703949024234
805 1703949024275
806 1703949024315
807 1703949024355
808 1703949024395
809 1703949024436
810 1703949024476
811 1703949024516
812 1703949024554
813 1703949024596
814 1703949024640
815 1703949024679
816 1703949024720
817 1703949024759
818 1703949024800
819 1703949024839
820 1703949024880
821 1703949024920
822 1703949024959
823 1703949025000
824 1703949025040
825 1703949025079
826 1703949025120
827 1703949025159
828 1703949025204
829 1703949025244
830 1703949025283
831 1703949025324
832 1703949025363
833 1703949025404
834 1703949025444
835 1703949025484
836 1703949025524
837 1703949025566
838 1703949025603
839 1703949025643
840 1703949025684
841 1703949025724
842 1703949025769
843 1703949025808
844 1703949025846
845 1703949025886
846 1703949025927
847 1703949025967
848 1703949026007
849 1703949026047
850 1703949026087
851 1703949026125
852 1703949026166
853 1703949026207
854 1703949026248
855 1703949026287
856 1703949026330
857 1703949026371
858 1703949026412
859 1703949026452
860 1703949026492
861 1703949026532
862 1703949026572
863 1703949026610
864 1703949026650
865 1703949026691
866 1703949026731
867 1703949026771
868 1703949026811
869 1703949026851
870 1703949026895
871 1703949026935
872 1703949026975
873 1703949027015
874 1703949027055
875 1703949027095
876 1703949027135
877 1703949027175
878 1703949027215
879 1703949027255
880 1703949027295
881 1703949027335
882 1703949027375
883 1703949027419
884 1703949027459
885 1703949027499
886 1703949027539
887 1703949027579
888 1703949027619
889 1703949027660
890 1703949027700
891 1703949027739
892 1703949027779
893 1703949027819
894 1703949027859
895 1703949027899
896 1703949027939
897 1703949027985
898 1703949028024
899 1703949028064
900 1703949028102
901 1703949028142
902 1703949028182
903 1703949028222
904 1703949028262
905 1703949028302
906 1703949028342
907 1703949028382
908 1703949028424
909 1703949028463
910 1703949028503
911 1703949028547
912 1703949028587
913 1703949028627
914 1703949028668
915 1703949028707
916 1703949028747
917 1703949028788
918 1703949028828
919 1703949028868
920 1703949028908
921 1703949028948
922 1703949028987
923 1703949029028
924 1703949029068
925 1703949029112
926 1703949029152
927 1703949029192
928 1703949029232
929 1703949029272
930 1703949029312
931 1703949029352
932 1703949029391
933 1703949029432
934 1703949029473
935 1703949029510
936 1703949029550
937 1703949029591
938 1703949029631
939 1703949029675
940 1703949029715
941 1703949029755
942 1703949029795
943 1703949029835
944 1703949029875
945 1703949029916
946 1703949029954
947 1703949029993
948 1703949030034
949 1703949030076
950 1703949030116
951 1703949030156
952 1703949030200
953 1703949030241
954 1703949030280
955 1703949030320
956 1703949030360
957 1703949030400
958 1703949030440
959 1703949030480
960 1703949030520
961 1703949030560
962 1703949030600
963 1703949030640
964 1703949030680
965 1703949030720
966 1703949030764
967 1703949030804
968 1703949030843
969 1703949030884
970 1703949030924
971 1703949030964
972 1703949031004
973 1703949031044
974 1703949031084
975 1703949031124
976 1703949031164
977 1703949031204
978 1703949031244
979 1703949031284
980 1703949031328
981 1703949031368
982 1703949031408
983 1703949031448
984 1703949031488
985 1703949031528
986 1703949031568
987 1703949031608
988 1703949031646
989 1703949031686
990 1703949031726
991 1703949031766
992 1703949031806
993 1703949031847
994 1703949031892
995 1703949031931
996 1703949031970
997 1703949032010
998 1703949032050
999 1703949032090
1000 1703949032130
1001 1703949032172
1002 1703949032212
1003 1703949032252
1004 1703949032290
1005 1703949032330
1006 1703949032370
1007 1703949032410
1008 1703949032455
1009 1703949032496
1010 1703949032536
1011 1703949032575
1012 1703949032615
1013 1703949032656
1014 1703949032695
1015 1703949032735
1016 1703949032775
1017 1703949032815
1018 1703949032856
1019 1703949032895
1020 1703949032935
1021 1703949032980
1022 1703949033019
1023 1703949033059
1024 1703949033099
1025 1703949033140
1026 1703949033179
1027 1703949033219
1028 1703949033259
1029 1703949033300
1030 1703949033340
1031 1703949033380
1032 1703949033419
1033 1703949033460
1034 1703949033499
1035 1703949033543
1036 1703949033584
1037 1703949033623
1038 1703949033663
1039 1703949033703
1040 1703949033744
1041 1703949033783
1042 1703949033824
1043 1703949033863
1044 1703949033904
1045 1703949033941
1046 1703949033982
1047 1703949034022
1048 1703949034063
1049 1703949034108
1050 1703949034147
1051 1703949034188
1052 1703949034227
1053 1703949034267
1054 1703949034307
1055 1703949034348
1056 1703949034387
1057 1703949034427
1058 1703949034468
1059 1703949034507
1060 1703949034548
1061 1703949034587
1062 1703949034627
1063 1703949034672
1064 1703949034711
1065 1703949034751
1066 1703949034791
1067 1703949034831
1068 1703949034872
1069 1703949034911
1070 1703949034952
1071 1703949034991
1072 1703949035032
1073 1703949035071
1074 1703949035112
1075 1703949035151
1076 1703949035191
1077 1703949035235
1078 1703949035275
1079 1703949035315
1080 1703949035356
1081 1703949035395
1082 1703949035435
1083 1703949035476
1084 1703949035515
1085 1703949035555
1086 1703949035596
1087 1703949035635
1088 1703949035675
1089 1703949035715
1090 1703949035760
1091 1703949035799
1092 1703949035839
1093 1703949035879
1094 1703949035918
1095 1703949035958
1096 1703949035999
1097 1703949036039
1098 1703949036078
1099 1703949036118
1100 1703949036159
1101 1703949036198
1102 1703949036239
1103 1703949036279
1104 1703949036323
1105 1703949036362
1106 1703949036402
1107 1703949036443
1108 1703949036482
1109 1703949036523
1110 1703949036562
1111 1703949036602
1112 1703949036642
1113 1703949036681
1114 1703949036722
1115 1703949036762
1116 1703949036802
1117 1703949036842
1118 1703949036886
1119 1703949036926
1120 1703949036966
1121 1703949037007
1122 1703949037047
1123 1703949037087
1124 1703949037126
1125 1703949037166
1126 1703949037208
1127 1703949037248
1128 1703949037286
1129 1703949037326
1130 1703949037366
1131 1703949037406
1132 1703949037450
1133 1703949037490
1134 1703949037530
1135 1703949037571
1136 1703949037610
1137 1703949037650
1138 1703949037692
1139 1703949037732
1140 1703949037772
1141 1703949037812
1142 1703949037850
1143 1703949037890
1144 1703949037931
1145 1703949037972
1146 1703949038016
1147 1703949038056
1148 1703949038096
1149 1703949038136
1150 1703949038176
1151 1703949038216
1152 1703949038256
1153 1703949038297
1154 1703949038336
1155 1703949038376
1156 1703949038416
1157 1703949038456
1158 1703949038496
1159 1703949038540
1160 1703949038580
1161 1703949038618
1162 1703949038658
1163 1703949038699
1164 1703949038739
1165 1703949038779
1166 1703949038819
1167 1703949038858
1168 1703949038899
1169 1703949038939
1170 1703949038979
1171 1703949039018
1172 1703949039059
1173 1703949039102
1174 1703949039142
1175 1703949039183
1176 1703949039223
1177 1703949039263
1178 1703949039305
1179 1703949039342
1180 1703949039382
1181 1703949039422
1182 1703949039463
1183 1703949039502
1184 1703949039542
1185 1703949039583
1186 1703949039622
1187 1703949039669
1188 1703949039706
1189 1703949039746
1190 1703949039788
1191 1703949039828
1192 1703949039868
1193 1703949039908
1194 1703949039948
1195 1703949039988
1196 1703949040028
1197 1703949040066
1198 1703949040106
1199 1703949040147
1200 1703949040187
1201 1703949040231
1202 1703949040272
1203 1703949040312
1204 1703949040350
1205 1703949040391
1206 1703949040431
1207 1703949040471
1208 1703949040511
1209 1703949040551
1210 1703949040591
1211 1703949040631
1212 1703949040671
1213 1703949040711
1214 1703949040751
1215 1703949040795
1216 1703949040835
1217 1703949040875
1218 1703949040915
1219 1703949040955
1220 1703949040994
1221 1703949041035
1222 1703949041075
1223 1703949041114
1224 1703949041154
1225 1703949041194
1226 1703949041234
1227 1703949041274
1228 1703949041319
1229 1703949041358
1230 1703949041398
1231 1703949041439
1232 1703949041479
1233 1703949041518
1234 1703949041558
1235 1703949041599
1236 1703949041639
1237 1703949041678
1238 1703949041719
1239 1703949041760
1240 1703949041799
1241 1703949041839
1242 1703949041883
1243 1703949041923
1244 1703949041963
1245 1703949042003
1246 1703949042044
1247 1703949042084
1248 1703949042123
1249 1703949042163
1250 1703949042203
1251 1703949042243
1252 1703949042284
1253 1703949042323
1254 1703949042363
1255 1703949042404
1256 1703949042447
1257 1703949042487
1258 1703949042527
1259 1703949042568
1260 1703949042607
1261 1703949042647
1262 1703949042688
1263 1703949042727
1264 1703949042767
1265 1703949042807
1266 1703949042847
1267 1703949042887
1268 1703949042927
1269 1703949042967
1270 1703949043011
1271 1703949043051
1272 1703949043092
1273 1703949043131
1274 1703949043171
1275 1703949043213
1276 1703949043253
1277 1703949043292
1278 1703949043333
1279 1703949043372
1280 1703949043412
1281 1703949043452
1282 1703949043492
1283 1703949043533
1284 1703949043576
1285 1703949043616
1286 1703949043655
1287 1703949043695
1288 1703949043735
1289 1703949043775
1290 1703949043815
1291 1703949043855
1292 1703949043895
1293 1703949043935
1294 1703949043975
1295 1703949044015
1296 1703949044056
1297 1703949044102
1298 1703949044140
1299 1703949044179
1300 1703949044219
1301 1703949044260
1302 1703949044300
1303 1703949044340
1304 1703949044380
1305 1703949044420
1306 1703949044460
1307 1703949044500
1308 1703949044539
1309 1703949044580
1310 1703949044620
1311 1703949044664
1312 1703949044704
1313 1703949044744
1314 1703949044784
1315 1703949044824
1316 1703949044864
1317 1703949044905
1318 1703949044944
1319 1703949044983
1320 1703949045023
1321 1703949045064
1322 1703949045104
1323 1703949045144
1324 1703949045184
1325 1703949045228
1326 1703949045268
1327 1703949045308
1328 1703949045348
1329 1703949045388
1330 1703949045429
1331 1703949045468
1332 1703949045508
1333 1703949045548
1334 1703949045588
1335 1703949045628
1336 1703949045668
1337 1703949045708
1338 1703949045748
1339 1703949045792
1340 1703949045832
1341 1703949045873
1342 1703949045912
1343 1703949045953
1344 1703949045992
1345 1703949046032
1346 1703949046072
1347 1703949046112
1348 1703949046152
1349 1703949046193
1350 1703949046232
1351 1703949046272
1352 1703949046312
1353 1703949046356
1354 1703949046396
1355 1703949046436
1356 1703949046477
1357 1703949046516
1358 1703949046556
1359 1703949046596
1360 1703949046636
1361 1703949046676
1362 1703949046717
1363 1703949046756
1364 1703949046796
1365 1703949046837
1366 1703949046880
1367 1703949046920
1368 1703949046960
1369 1703949047000
1370 1703949047040
1371 1703949047080
1372 1703949047121
1373 1703949047158
1374 1703949047198
1375 1703949047238
1376 1703949047279
1377 1703949047320
1378 1703949047359
1379 1703949047399
1380 1703949047444
1381 1703949047484
1382 1703949047524
1383 1703949047563
1384 1703949047604
1385 1703949047644
1386 1703949047683
1387 1703949047723
1388 1703949047764
1389 1703949047804
1390 1703949047844
1391 1703949047883
1392 1703949047923
1393 1703949047964
1394 1703949048007
1395 1703949048047
1396 1703949048088
1397 1703949048128
1398 1703949048167
1399 1703949048207
1400 1703949048248
1401 1703949048288
1402 1703949048327
1403 1703949048367
1404 1703949048407
1405 1703949048448
1406 1703949048488
1407 1703949048528
1408 1703949048571
1409 1703949048612
1410 1703949048651
1411 1703949048692
1412 1703949048732
1413 1703949048772
1414 1703949048812
1415 1703949048852
1416 1703949048891
1417 1703949048930
1418 1703949048970
1419 1703949049011
1420 1703949049051
1421 1703949049091
1422 1703949049136
1423 1703949049175
1424 1703949049215
1425 1703949049255
1426 1703949049295
1427 1703949049337
1428 1703949049376
1429 1703949049416
1430 1703949049456
1431 1703949049496
1432 1703949049536
1433 1703949049577
1434 1703949049617
1435 1703949049660
1436 1703949049699
1437 1703949049739
1438 1703949049780
1439 1703949049820
1440 1703949049861
1441 1703949049900
1442 1703949049940
1443 1703949049980
1444 1703949050020
1445 1703949050061
1446 1703949050100
1447 1703949050141
1448 1703949050181
1449 1703949050224
1450 1703949050265
1451 1703949050305
1452 1703949050344
1453 1703949050384
1454 1703949050425
1455 1703949050465
1456 1703949050504
1457 1703949050545
1458 1703949050586
1459 1703949050625
1460 1703949050665
1461 1703949050704
1462 1703949050744
1463 1703949050788
1464 1703949050828
1465 1703949050868
1466 1703949050908
1467 1703949050948
1468 1703949050988
1469 1703949051028
1470 1703949051068
1471 1703949051108
1472 1703949051148
1473 1703949051189
1474 1703949051228
1475 1703949051269
1476 1703949051309
1477 1703949051353
1478 1703949051392
1479 1703949051432
1480 1703949051472
1481 1703949051513
1482 1703949051553
1483 1703949051592
1484 1703949051632
1485 1703949051673
1486 1703949051713
1487 1703949051752
1488 1703949051793
1489 1703949051833
1490 1703949051872
1491 1703949051917
1492 1703949051957
1493 1703949051997
1494 1703949052036
1495 1703949052077
1496 1703949052116
1497 1703949052156
1498 1703949052196
1499 1703949052237
1500 1703949052276
1501 1703949052317
1502 1703949052356
1503 1703949052396
1504 1703949052441
1505 1703949052481
1506 1703949052521
1507 1703949052560
1508 1703949052600
1509 1703949052641
1510 1703949052680
1511 1703949052720
1512 1703949052761
1513 1703949052800
1514 1703949052840
1515 1703949052880
1516 1703949052919
1517 1703949052959
1518 1703949053003
1519 1703949053044
1520 1703949053084
1521 1703949053124
1522 1703949053164
1523 1703949053204
1524 1703949053244
1525 1703949053285
1526 1703949053324
1527 1703949053364
1528 1703949053404
1529 1703949053444
1530 1703949053484
1531 1703949053524
1532 1703949053568
1533 1703949053608
1534 1703949053648
1535 1703949053688
1536 1703949053728
1537 1703949053769
1538 1703949053808
1539 1703949053848
1540 1703949053888
1541 1703949053928
1542 1703949053968
1543 1703949054008
1544 1703949054046
1545 1703949054086
1546 1703949054134
1547 1703949054172
1548 1703949054211
1549 1703949054251
1550 1703949054291
1551 1703949054332
1552 1703949054371
1553 1703949054411
1554 1703949054451
1555 1703949054491
1556 1703949054533
1557 1703949054571
1558 1703949054611
1559 1703949054651
1560 1703949054696
1561 1703949054736
1562 1703949054776
1563 1703949054816
1564 1703949054856
1565 1703949054896
1566 1703949054936
1567 1703949054976
1568 1703949055016
1569 1703949055055
1570 1703949055095
1571 1703949055136
1572 1703949055176
1573 1703949055219
1574 1703949055260
1575 1703949055299
1576 1703949055339
1577 1703949055380
1578 1703949055420
1579 1703949055460
1580 1703949055500
1581 1703949055540
1582 1703949055580
1583 1703949055620
1584 1703949055660
1585 1703949055699
1586 1703949055740
1587 1703949055784
1588 1703949055823
1589 1703949055864
1590 1703949055904
1591 1703949055944
1592 1703949055984
1593 1703949056024
1594 1703949056063
1595 1703949056104
1596 1703949056144
1597 1703949056183
1598 1703949056223
1599 1703949056264
1600 1703949056304
1601 1703949056348
1602 1703949056388
1603 1703949056428
1604 1703949056468
1605 1703949056508
1606 1703949056548
1607 1703949056588
1608 1703949056628
1609 1703949056668
1610 1703949056708
1611 1703949056748
1612 1703949056788
1613 1703949056828
1614 1703949056868
1615 1703949056912
1616 1703949056952
1617 1703949056992
1618 1703949057032
1619 1703949057072
1620 1703949057112
1621 1703949057152
1622 1703949057192
1623 1703949057232
1624 1703949057272
1625 1703949057312
1626 1703949057352
1627 1703949057392
1628 1703949057432
1629 1703949057476
1630 1703949057517
1631 1703949057556
1632 1703949057596
1633 1703949057636
1634 1703949057676
1635 1703949057716
1636 1703949057756
1637 1703949057796
1638 1703949057836
1639 1703949057876
1640 1703949057916
1641 1703949057956
1642 1703949058000
1643 1703949058040
1644 1703949058080
1645 1703949058120
1646 1703949058160
1647 1703949058201
1648 1703949058240
1649 1703949058281
1650 1703949058319
1651 1703949058359
1652 1703949058400
1653 1703949058440
1654 1703949058481
1655 1703949058519
1656 1703949058563
1657 1703949058604
1658 1703949058644
1659 1703949058684
1660 1703949058724
1661 1703949058763
1662 1703949058804
1663 1703949058844
1664 1703949058884
1665 1703949058924
1666 1703949058964
1667 1703949059004
1668 1703949059044
1669 1703949059084
1670 1703949059128
1671 1703949059168
1672 1703949059208
1673 1703949059248
1674 1703949059288
1675 1703949059328
1676 1703949059368
1677 1703949059408
1678 1703949059448
1679 1703949059488
1680 1703949059528
1681 1703949059568
1682 1703949059608
1683 1703949059648
1684 1703949059692
1685 1703949059732
1686 1703949059773
1687 1703949059812
1688 1703949059852
1689 1703949059892
1690 1703949059932
1691 1703949059972
1692 1703949060012
1693 1703949060052
1694 1703949060092
1695 1703949060132
1696 1703949060172
1697 1703949060212
1698 1703949060256
1699 1703949060296
1700 1703949060336
1701 1703949060376
1702 1703949060416
1703 1703949060456
1704 1703949060496
1705 1703949060536
1706 1703949060576
1707 1703949060616
1708 1703949060656
1709 1703949060696
1710 1703949060736
1711 1703949060781
1712 1703949060822
1713 1703949060861
1714 1703949060901
1715 1703949060941
1716 1703949060981
1717 1703949061019
1718 1703949061059
1719 1703949061099
1720 1703949061139
1721 1703949061179
1722 1703949061219
1723 1703949061260
1724 1703949061300
1725 1703949061344
1726 1703949061383
1727 1703949061423
1728 1703949061463
1729 1703949061503
1730 1703949061546
1731 1703949061584
1732 1703949061624
1733 1703949061665
1734 1703949061704
1735 1703949061744
1736 1703949061784
1737 1703949061824
1738 1703949061864
1739 1703949061909
1740 1703949061948
1741 1703949061988
1742 1703949062028
1743 1703949062068
1744 1703949062109
1745 1703949062148
1746 1703949062189
1747 1703949062228
1748 1703949062269
1749 1703949062308
1750 1703949062348
1751 1703949062388
1752 1703949062429
1753 1703949062472
1754 1703949062512
1755 1703949062553
1756 1703949062592
1757 1703949062632
1758 1703949062672
1759 1703949062713
1760 1703949062753
1761 1703949062792
1762 1703949062832
1763 1703949062873
1764 1703949062913
1765 1703949062952
1766 1703949062992
1767 1703949063037
1768 1703949063076
1769 1703949063117
1770 1703949063156
1771 1703949063196
1772 1703949063236
1773 1703949063276
1774 1703949063316
1775 1703949063356
1776 1703949063397
1777 1703949063436
1778 1703949063476
1779 1703949063516
1780 1703949063561
1781 1703949063600
1782 1703949063640
1783 1703949063680
1784 1703949063721
1785 1703949063760
1786 1703949063800
1787 1703949063840
1788 1703949063880
1789 1703949063920
1790 1703949063960
1791 1703949064001
1792 1703949064040
1793 1703949064081
1794 1703949064122
1795 1703949064162
1796 1703949064205
1797 1703949064246
1798 1703949064285
1799 1703949064325
1800 1703949064365
1801 1703949064405
1802 1703949064445
1803 1703949064484
1804 1703949064523
1805 1703949064564
1806 1703949064604
1807 1703949064644
1808 1703949064688
1809 1703949064728
1810 1703949064768
1811 1703949064807
1812 1703949064847
1813 1703949064887
1814 1703949064928
1815 1703949064968
1816 1703949065008
1817 1703949065047
1818 1703949065087
1819 1703949065128
1820 1703949065168
1821 1703949065208
1822 1703949065252
1823 1703949065291
1824 1703949065332
1825 1703949065371
1826 1703949065411
1827 1703949065452
1828 1703949065491
1829 1703949065531
1830 1703949065571
1831 1703949065611
1832 1703949065652
1833 1703949065692
1834 1703949065732
1835 1703949065771
1836 1703949065815
1837 1703949065855
1838 1703949065897
1839 1703949065935
1840 1703949065975
1841 1703949066015
1842 1703949066056
1843 1703949066095
1844 1703949066135
1845 1703949066175
1846 1703949066216
1847 1703949066255
1848 1703949066296
1849 1703949066339
1850 1703949066379
1851 1703949066419
1852 1703949066459
1853 1703949066500
1854 1703949066540
1855 1703949066579
1856 1703949066619
1857 1703949066661
1858 1703949066700
1859 1703949066739
1860 1703949066779
1861 1703949066819
1862 1703949066858
1863 1703949066902
1864 1703949066945
1865 1703949066983
1866 1703949067023
1867 1703949067063
1868 1703949067103
1869 1703949067144
1870 1703949067184
1871 1703949067223
1872 1703949067263
1873 1703949067303
1874 1703949067343
1875 1703949067383
1876 1703949067424
1877 1703949067470
1878 1703949067507
1879 1703949067546
1880 1703949067587
1881 1703949067628
1882 1703949067668
1883 1703949067708
1884 1703949067748
1885 1703949067788
1886 1703949067827
1887 1703949067867
1888 1703949067907
1889 1703949067947
1890 1703949067987
1891 1703949068031
1892 1703949068073
1893 1703949068113
1894 1703949068150
1895 1703949068191
1896 1703949068231
1897 1703949068272
1898 1703949068312
1899 1703949068352
1900 1703949068392
1901 1703949068432
1902 1703949068472
1903 1703949068512
1904 1703949068551
1905 1703949068596
1906 1703949068637
1907 1703949068677
1908 1703949068716
1909 1703949068757
1910 1703949068796
1911 1703949068836
1912 1703949068876
1913 1703949068916
1914 1703949068957
1915 1703949068996
1916 1703949069036
1917 1703949069077
1918 1703949069120
1919 1703949069160
1920 1703949069201
1921 1703949069241
1922 1703949069280
1923 1703949069320
1924 1703949069360
1925 1703949069401
1926 1703949069441
1927 1703949069481
1928 1703949069521
1929 1703949069561
1930 1703949069601
1931 1703949069640
1932 1703949069684
1933 1703949069725
1934 1703949069764
1935 1703949069804
1936 1703949069844
1937 1703949069884
1938 1703949069924
1939 1703949069964
1940 1703949070004
1941 1703949070044
1942 1703949070083
1943 1703949070124
1944 1703949070165
1945 1703949070205
1946 1703949070249
1947 1703949070288
1948 1703949070328
1949 1703949070369
1950 1703949070409
1951 1703949070448
1952 1703949070488
1953 1703949070529
1954 1703949070569
1955 1703949070608
1956 1703949070648
1957 1703949070688
1958 1703949070728
1959 1703949070768
1960 1703949070812
1961 1703949070852
1962 1703949070892
1963 1703949070932
1964 1703949070972
1965 1703949071012
1966 1703949071052
1967 1703949071092
1968 1703949071132
1969 1703949071172
1970 1703949071212
1971 1703949071252
1972 1703949071292
1973 1703949071333
1974 1703949071377
1975 1703949071417
1976 1703949071457
1977 1703949071497
1978 1703949071538
1979 1703949071577
1980 1703949071617
1981 1703949071657
1982 1703949071697
1983 1703949071737
1984 1703949071778
1985 1703949071818
1986 1703949071857
1987 1703949071901
1988 1703949071941
1989 1703949071981
1990 1703949072021
1991 1703949072061
1992 1703949072101
1993 1703949072141
1994 1703949072181
1995 1703949072221
1996 1703949072260
1997 1703949072300
1998 1703949072340
1999 1703949072380
2000 1703949072419
2001 1703949072464
2002 1703949072504
2003 1703949072543
2004 1703949072584
2005 1703949072624
2006 1703949072664
2007 1703949072704
2008 1703949072744
2009 1703949072785
2010 1703949072825
2011 1703949072863
2012 1703949072903
2013 1703949072945
2014 1703949072984
2015 1703949073028
2016 1703949073068
2017 1703949073108
2018 1703949073148
2019 1703949073188
2020 1703949073228
2021 1703949073268
2022 1703949073308
2023 1703949073348
2024 1703949073388
2025 1703949073428
2026 1703949073468
2027 1703949073508
2028 1703949073548
2029 1703949073592
2030 1703949073632
2031 1703949073671
2032 1703949073711
2033 1703949073751
2034 1703949073794
2035 1703949073833
2036 1703949073872
2037 1703949073912
2038 1703949073952
2039 1703949073992
2040 1703949074032
2041 1703949074072
2042 1703949074112
2043 1703949074155
2044 1703949074195
2045 1703949074236
2046 1703949074277
2047 1703949074315
2048 1703949074354
2049 1703949074396
2050 1703949074436
2051 1703949074476
2052 1703949074516
2053 1703949074555
2054 1703949074596
2055 1703949074636
2056 1703949074680
2057 1703949074720
2058 1703949074759
2059 1703949074800
2060 1703949074839
2061 1703949074880
2062 1703949074920
2063 1703949074961
2064 1703949075000
2065 1703949075039
2066 1703949075080
2067 1703949075121
2068 1703949075159
2069 1703949075199
2070 1703949075244
2071 1703949075285
2072 1703949075325
2073 1703949075365
2074 1703949075405
2075 1703949075445
2076 1703949075485
2077 1703949075525
2078 1703949075565
2079 1703949075605
2080 1703949075645
2081 1703949075685
2082 1703949075725
2083 1703949075765
2084 1703949075809
2085 1703949075849
2086 1703949075889
2087 1703949075929
2088 1703949075971
2089 1703949076008
2090 1703949076047
2091 1703949076087
2092 1703949076128
2093 1703949076168
2094 1703949076208
2095 1703949076250
2096 1703949076288
2097 1703949076328
2098 1703949076373
2099 1703949076413
2100 1703949076453
2101 1703949076493
2102 1703949076532
2103 1703949076572
2104 1703949076612
2105 1703949076652
2106 1703949076692
2107 1703949076733
2108 1703949076772
2109 1703949076811
2110 1703949076851
2111 1703949076892
2112 1703949076936
2113 1703949076976
2114 1703949077016
2115 1703949077056
2116 1703949077097
2117 1703949077137
2118 1703949077177
2119 1703949077217
2120 1703949077255
2121 1703949077295
2122 1703949077334
2123 1703949077374
2124 1703949077414
2125 1703949077459
2126 1703949077499
2127 1703949077538
2128 1703949077578
2129 1703949077618
2130 1703949077658
2131 1703949077698
2132 1703949077739
2133 1703949077778
2134 1703949077818
2135 1703949077859
2136 1703949077898
2137 1703949077939
2138 1703949077978
2139 1703949078022
2140 1703949078063
2141 1703949078102
2142 1703949078142
2143 1703949078183
2144 1703949078223
2145 1703949078262
2146 1703949078302
2147 1703949078343
2148 1703949078382
2149 1703949078422
2150 1703949078462
2151 1703949078502
2152 1703949078542
2153 1703949078586
2154 1703949078626
2155 1703949078666
2156 1703949078706
2157 1703949078746
2158 1703949078786
2159 1703949078827
2160 1703949078867
2161 1703949078907
2162 1703949078947
2163 1703949078986
2164 1703949079026
2165 1703949079066
2166 1703949079106
2167 1703949079151
2168 1703949079190
2169 1703949079230
2170 1703949079271
2171 1703949079311
2172 1703949079350
2173 1703949079390
2174 1703949079430
2175 1703949079471
2176 1703949079510
2177 1703949079550
2178 1703949079590
2179 1703949079630
2180 1703949079670
2181 1703949079715
2182 1703949079754
2183 1703949079794
2184 1703949079835
2185 1703949079877
2186 1703949079915
2187 1703949079954
2188 1703949079996
2189 1703949080036
2190 1703949080076
2191 1703949080116
2192 1703949080156
2193 1703949080196
2194 1703949080241
2195 1703949080281
2196 1703949080321
2197 1703949080361
2198 1703949080400
2199 1703949080439
2200 1703949080479
2201 1703949080519
2202 1703949080559
2203 1703949080599
2204 1703949080639
2205 1703949080681
2206 1703949080721
2207 1703949080760
2208 1703949080804
2209 1703949080844
2210 1703949080884
2211 1703949080925
2212 1703949080964
