1 1706971334653
2 1706971334740
3 1706971334762
4 1706971334822
5 1706971334882
6 1706971334943
7 1706971335002
8 1706971335067
9 1706971335127
10 1706971335187
11 1706971335250
12 1706971335310
13 1706971335370
14 1706971335430
15 1706971335490
16 1706971335552
17 1706971335612
18 1706971335670
19 1706971335733
20 1706971335794
21 1706971335855
22 1706971335917
23 1706971335973
24 1706971336035
25 1706971336095
26 1706971336155
27 1706971336219
28 1706971336279
29 1706971336339
30 1706971336399
31 1706971336458
32 1706971336519
33 1706971336579
34 1706971336639
35 1706971336699
36 1706971336763
37 1706971336819
38 1706971336883
39 1706971336943
40 1706971337003
41 1706971337063
42 1706971337123
43 1706971337178
44 1706971337242
45 1706971337307
46 1706971337369
47 1706971337423
48 1706971337487
49 1706971337543
50 1706971337607
51 1706971337664
52 1706971337722
53 1706971337789
54 1706971337847
55 1706971337909
56 1706971337967
57 1706971338027
58 1706971338087
59 1706971338149
60 1706971338206
61 1706971338273
62 1706971338332
63 1706971338392
64 1706971338452
65 1706971338512
66 1706971338572
67 1706971338632
68 1706971338692
69 1706971338752
70 1706971338817
71 1706971338877
72 1706971338937
73 1706971338995
74 1706971339057
75 1706971339117
76 1706971339177
77 1706971339237
78 1706971339296
79 1706971339361
80 1706971339421
81 1706971339481
82 1706971339539
83 1706971339601
84 1706971339660
85 1706971339721
86 1706971339781
87 1706971339843
88 1706971339904
89 1706971339963
90 1706971340024
91 1706971340084
92 1706971340145
93 1706971340205
94 1706971340264
95 1706971340323
96 1706971340388
97 1706971340448
98 1706971340508
99 1706971340569
100 1706971340628
101 1706971340687
102 1706971340747
103 1706971340809
104 1706971340869
105 1706971340931
106 1706971340993
107 1706971341051
108 1706971341113
109 1706971341171
110 1706971341233
111 1706971341291
112 1706971341353
113 1706971341415
114 1706971341477
115 1706971341537
116 1706971341595
117 1706971341657
118 1706971341715
119 1706971341775
120 1706971341837
121 1706971341895
122 1706971341961
123 1706971342019
124 1706971342081
125 1706971342139
126 1706971342200
127 1706971342259
128 1706971342320
129 1706971342379
130 1706971342441
131 1706971342505
132 1706971342564
133 1706971342623
134 1706971342685
135 1706971342745
136 1706971342802
137 1706971342864
138 1706971342924
139 1706971342987
140 1706971343047
141 1706971343108
142 1706971343167
143 1706971343229
144 1706971343286
145 1706971343349
146 1706971343407
147 1706971343469
148 1706971343531
149 1706971343591
150 1706971343652
151 1706971343712
152 1706971343772
153 1706971343831
154 1706971343891
155 1706971343952
156 1706971344015
157 1706971344076
158 1706971344135
159 1706971344197
160 1706971344255
161 1706971344317
162 1706971344376
163 1706971344437
164 1706971344496
165 1706971344559
166 1706971344621
167 1706971344681
168 1706971344740
169 1706971344802
170 1706971344860
171 1706971344921
172 1706971344979
173 1706971345040
174 1706971345104
175 1706971345164
176 1706971345223
177 1706971345285
178 1706971345344
179 1706971345403
180 1706971345464
181 1706971345524
182 1706971345589
183 1706971345649
184 1706971345707
185 1706971345770
186 1706971345827
187 1706971345889
188 1706971345948
189 1706971346009
190 1706971346069
191 1706971346131
192 1706971346191
193 1706971346253
194 1706971346311
195 1706971346373
196 1706971346431
197 1706971346491
198 1706971346552
199 1706971346615
200 1706971346677
201 1706971346735
202 1706971346797
203 1706971346856
204 1706971346916
205 1706971346975
206 1706971347037
207 1706971347095
208 1706971347161
209 1706971347221
210 1706971347281
211 1706971347339
212 1706971347400
213 1706971347459
214 1706971347521
215 1706971347580
216 1706971347640
217 1706971347704
218 1706971347765
219 1706971347823
220 1706971347883
221 1706971347945
222 1706971348003
223 1706971348065
224 1706971348122
225 1706971348188
226 1706971348247
227 1706971348309
228 1706971348366
229 1706971348429
230 1706971348489
231 1706971348549
232 1706971348609
233 1706971348666
234 1706971348733
235 1706971348791
236 1706971348852
237 1706971348910
238 1706971348973
239 1706971349031
240 1706971349092
241 1706971349150
242 1706971349217
243 1706971349277
244 1706971349335
245 1706971349397
246 1706971349455
247 1706971349517
248 1706971349577
249 1706971349635
250 1706971349697
251 1706971349760
252 1706971349820
253 1706971349878
254 1706971349941
255 1706971349999
256 1706971350061
257 1706971350118
258 1706971350181
259 1706971350239
260 1706971350304
261 1706971350365
262 1706971350422
263 1706971350485
264 1706971350543
265 1706971350603
266 1706971350665
267 1706971350723
268 1706971350789
269 1706971350847
270 1706971350909
271 1706971350968
272 1706971351027
273 1706971351090
274 1706971351147
275 1706971351209
276 1706971351269
277 1706971351332
278 1706971351394
279 1706971351451
280 1706971351513
281 1706971351571
282 1706971351633
283 1706971351691
284 1706971351753
285 1706971351815
286 1706971351876
287 1706971351938
288 1706971351997
289 1706971352057
290 1706971352115
291 1706971352178
292 1706971352236
293 1706971352295
294 1706971352358
295 1706971352422
296 1706971352482
297 1706971352538
298 1706971352599
299 1706971352661
300 1706971352718
301 1706971352781
302 1706971352839
303 1706971352903
304 1706971352965
305 1706971353022
306 1706971353085
307 1706971353143
308 1706971353204
309 1706971353265
310 1706971353325
311 1706971353387
312 1706971353449
313 1706971353509
314 1706971353569
315 1706971353627
316 1706971353689
317 1706971353749
318 1706971353809
319 1706971353869
320 1706971353933
321 1706971353993
322 1706971354052
323 1706971354112
324 1706971354173
325 1706971354233
326 1706971354293
327 1706971354353
328 1706971354417
329 1706971354477
330 1706971354535
331 1706971354595
332 1706971354657
333 1706971354717
334 1706971354775
335 1706971354837
336 1706971354897
337 1706971354959
338 1706971355022
339 1706971355081
340 1706971355141
341 1706971355201
342 1706971355261
343 1706971355321
344 1706971355381
345 1706971355441
346 1706971355505
347 1706971355566
348 1706971355625
349 1706971355685
350 1706971355745
351 1706971355804
352 1706971355864
353 1706971355925
354 1706971355989
355 1706971356049
356 1706971356109
357 1706971356170
358 1706971356227
359 1706971356290
360 1706971356349
361 1706971356407
362 1706971356467
363 1706971356534
364 1706971356590
365 1706971356654
366 1706971356711
367 1706971356771
368 1706971356832
369 1706971356898
370 1706971356950
371 1706971357015
372 1706971357078
373 1706971357136
374 1706971357197
375 1706971357257
376 1706971357317
377 1706971357377
378 1706971357437
379 1706971357495
380 1706971357562
381 1706971357620
382 1706971357679
383 1706971357741
384 1706971357799
385 1706971357860
386 1706971357921
387 1706971357979
388 1706971358041
389 1706971358104
390 1706971358163
391 1706971358226
392 1706971358283
393 1706971358345
394 1706971358403
395 1706971358463
396 1706971358524
397 1706971358589
398 1706971358649
399 1706971358707
400 1706971358770
401 1706971358828
402 1706971358889
403 1706971358948
404 1706971359010
405 1706971359067
406 1706971359134
407 1706971359191
408 1706971359253
409 1706971359313
410 1706971359373
411 1706971359433
412 1706971359493
413 1706971359553
414 1706971359613
415 1706971359676
416 1706971359737
417 1706971359797
418 1706971359857
419 1706971359916
420 1706971359976
421 1706971360036
422 1706971360096
423 1706971360160
424 1706971360220
425 1706971360281
426 1706971360340
427 1706971360399
428 1706971360459
429 1706971360522
430 1706971360579
431 1706971360639
432 1706971360705
433 1706971360763
434 1706971360826
435 1706971360883
436 1706971360946
437 1706971361003
438 1706971361065
439 1706971361123
440 1706971361189
441 1706971361249
442 1706971361307
443 1706971361368
444 1706971361429
445 1706971361489
446 1706971361549
447 1706971361609
448 1706971361669
449 1706971361733
450 1706971361793
451 1706971361853
452 1706971361913
453 1706971361973
454 1706971362033
455 1706971362093
456 1706971362153
457 1706971362213
458 1706971362277
459 1706971362337
460 1706971362395
461 1706971362458
462 1706971362515
463 1706971362577
464 1706971362637
465 1706971362697
466 1706971362761
467 1706971362820
468 1706971362880
469 1706971362941
470 1706971363001
471 1706971363060
472 1706971363121
473 1706971363180
474 1706971363240
475 1706971363304
476 1706971363365
477 1706971363424
478 1706971363483
479 1706971363544
480 1706971363604
481 1706971363665
482 1706971363724
483 1706971363787
484 1706971363850
485 1706971363907
486 1706971363968
487 1706971364030
488 1706971364087
489 1706971364150
490 1706971364209
491 1706971364269
492 1706971364333
493 1706971364393
494 1706971364453
495 1706971364512
496 1706971364571
497 1706971364633
498 1706971364693
499 1706971364752
500 1706971364814
501 1706971364877
502 1706971364935
503 1706971364996
504 1706971365056
505 1706971365117
506 1706971365177
507 1706971365237
508 1706971365297
509 1706971365361
510 1706971365419
511 1706971365481
512 1706971365541
513 1706971365599
514 1706971365661
515 1706971365719
516 1706971365781
517 1706971365839
518 1706971365905
519 1706971365963
520 1706971366024
521 1706971366086
522 1706971366143
523 1706971366205
524 1706971366263
525 1706971366323
526 1706971366390
527 1706971366447
528 1706971366509
529 1706971366569
530 1706971366629
531 1706971366689
532 1706971366749
533 1706971366806
534 1706971366870
535 1706971366930
536 1706971366993
537 1706971367052
538 1706971367111
539 1706971367171
540 1706971367233
541 1706971367293
542 1706971367350
543 1706971367410
544 1706971367477
545 1706971367535
546 1706971367598
547 1706971367654
548 1706971367715
549 1706971367777
550 1706971367835
551 1706971367897
552 1706971367958
553 1706971368020
554 1706971368081
555 1706971368139
556 1706971368201
557 1706971368259
558 1706971368321
559 1706971368380
560 1706971368440
561 1706971368505
562 1706971368564
563 1706971368625
564 1706971368685
565 1706971368744
566 1706971368805
567 1706971368865
568 1706971368925
569 1706971368987
570 1706971369049
571 1706971369109
572 1706971369167
573 1706971369229
574 1706971369288
575 1706971369348
576 1706971369408
577 1706971369468
578 1706971369532
579 1706971369591
580 1706971369651
581 1706971369713
582 1706971369771
583 1706971369833
584 1706971369892
585 1706971369952
586 1706971370011
587 1706971370076
588 1706971370136
589 1706971370195
590 1706971370258
591 1706971370315
592 1706971370376
593 1706971370436
594 1706971370496
595 1706971370560
596 1706971370620
597 1706971370681
598 1706971370740
599 1706971370801
600 1706971370861
601 1706971370921
602 1706971370981
603 1706971371041
604 1706971371105
605 1706971371165
606 1706971371225
607 1706971371285
608 1706971371345
609 1706971371405
610 1706971371465
611 1706971371525
612 1706971371588
613 1706971371649
614 1706971371709
615 1706971371769
616 1706971371830
617 1706971371889
618 1706971371947
619 1706971372007
620 1706971372068
621 1706971372134
622 1706971372191
623 1706971372253
624 1706971372313
625 1706971372371
626 1706971372434
627 1706971372493
628 1706971372553
629 1706971372613
630 1706971372678
631 1706971372737
632 1706971372795
633 1706971372856
634 1706971372917
635 1706971372976
636 1706971373035
637 1706971373097
638 1706971373159
639 1706971373222
640 1706971373282
641 1706971373339
642 1706971373402
643 1706971373461
644 1706971373521
645 1706971373581
646 1706971373641
647 1706971373705
648 1706971373765
649 1706971373825
650 1706971373885
651 1706971373945
652 1706971374005
653 1706971374065
654 1706971374125
655 1706971374189
656 1706971374249
657 1706971374309
658 1706971374369
659 1706971374429
660 1706971374489
661 1706971374549
662 1706971374609
663 1706971374669
664 1706971374732
665 1706971374792
666 1706971374852
667 1706971374911
668 1706971374971
669 1706971375033
670 1706971375091
671 1706971375153
672 1706971375213
673 1706971375277
674 1706971375337
675 1706971375395
676 1706971375456
677 1706971375516
678 1706971375575
679 1706971375637
680 1706971375695
681 1706971375759
682 1706971375822
683 1706971375880
684 1706971375940
685 1706971376000
686 1706971376061
687 1706971376122
688 1706971376179
689 1706971376241
690 1706971376305
691 1706971376364
692 1706971376423
693 1706971376485
694 1706971376544
695 1706971376605
696 1706971376665
697 1706971376723
698 1706971376789
699 1706971376848
700 1706971376907
701 1706971376969
702 1706971377030
703 1706971377087
704 1706971377148
705 1706971377209
706 1706971377269
707 1706971377333
708 1706971377392
709 1706971377452
710 1706971377512
711 1706971377574
712 1706971377633
713 1706971377692
714 1706971377753
715 1706971377813
716 1706971377877
717 1706971377937
718 1706971377997
719 1706971378057
720 1706971378117
721 1706971378178
722 1706971378237
723 1706971378297
724 1706971378361
725 1706971378421
726 1706971378482
727 1706971378541
728 1706971378601
729 1706971378662
730 1706971378721
731 1706971378781
732 1706971378841
733 1706971378905
734 1706971378966
735 1706971379025
736 1706971379083
737 1706971379145
738 1706971379204
739 1706971379265
740 1706971379324
741 1706971379384
742 1706971379449
743 1706971379509
744 1706971379568
745 1706971379629
746 1706971379687
747 1706971379749
748 1706971379809
749 1706971379869
750 1706971379933
751 1706971379993
752 1706971380053
753 1706971380113
754 1706971380175
755 1706971380234
756 1706971380293
757 1706971380351
758 1706971380413
759 1706971380478
760 1706971380536
761 1706971380596
762 1706971380657
763 1706971380719
764 1706971380777
765 1706971380835
766 1706971380897
767 1706971380960
768 1706971381019
769 1706971381079
770 1706971381138
771 1706971381201
772 1706971381261
773 1706971381321
774 1706971381381
775 1706971381441
776 1706971381505
777 1706971381565
778 1706971381625
779 1706971381683
780 1706971381745
781 1706971381805
782 1706971381865
783 1706971381925
784 1706971381985
785 1706971382048
786 1706971382107
787 1706971382170
788 1706971382229
789 1706971382289
790 1706971382349
791 1706971382410
792 1706971382469
793 1706971382534
794 1706971382590
795 1706971382651
796 1706971382711
797 1706971382771
798 1706971382831
799 1706971382893
800 1706971382953
801 1706971383013
802 1706971383077
803 1706971383136
804 1706971383197
805 1706971383257
806 1706971383316
807 1706971383375
808 1706971383437
809 1706971383495
810 1706971383560
811 1706971383620
812 1706971383682
813 1706971383741
814 1706971383799
815 1706971383862
816 1706971383920
817 1706971383981
818 1706971384041
819 1706971384104
820 1706971384165
821 1706971384226
822 1706971384283
823 1706971384346
824 1706971384403
825 1706971384466
826 1706971384523
827 1706971384586
828 1706971384648
829 1706971384710
830 1706971384768
831 1706971384827
832 1706971384890
833 1706971384947
834 1706971385009
835 1706971385067
836 1706971385134
837 1706971385191
838 1706971385252
839 1706971385311
840 1706971385373
841 1706971385431
842 1706971385491
843 1706971385551
844 1706971385612
845 1706971385675
846 1706971385735
847 1706971385797
848 1706971385855
849 1706971385917
850 1706971385974
851 1706971386035
852 1706971386098
853 1706971386159
854 1706971386219
855 1706971386280
856 1706971386341
857 1706971386399
858 1706971386459
859 1706971386519
860 1706971386581
861 1706971386639
862 1706971386703
863 1706971386766
864 1706971386823
865 1706971386885
866 1706971386943
867 1706971387004
868 1706971387063
869 1706971387126
870 1706971387183
871 1706971387248
872 1706971387309
873 1706971387367
874 1706971387427
875 1706971387490
876 1706971387547
877 1706971387610
878 1706971387667
879 1706971387732
880 1706971387792
881 1706971387851
882 1706971387911
883 1706971387974
884 1706971388031
885 1706971388093
886 1706971388151
887 1706971388212
888 1706971388277
889 1706971388335
890 1706971388395
891 1706971388457
892 1706971388515
893 1706971388578
894 1706971388636
895 1706971388695
896 1706971388762
897 1706971388819
898 1706971388881
899 1706971388939
900 1706971389002
901 1706971389059
902 1706971389119
903 1706971389180
904 1706971389238
905 1706971389306
906 1706971389363
907 1706971389423
908 1706971389485
909 1706971389543
910 1706971389604
911 1706971389663
912 1706971389726
913 1706971389783
914 1706971389847
915 1706971389909
916 1706971389967
917 1706971390030
918 1706971390086
919 1706971390147
920 1706971390208
921 1706971390269
922 1706971390331
923 1706971390393
924 1706971390452
925 1706971390513
926 1706971390571
927 1706971390631
928 1706971390694
929 1706971390751
930 1706971390811
931 1706971390878
932 1706971390935
933 1706971390998
934 1706971391055
935 1706971391116
936 1706971391175
937 1706971391237
938 1706971391298
939 1706971391359
940 1706971391422
941 1706971391481
942 1706971391539
943 1706971391599
944 1706971391662
945 1706971391720
946 1706971391779
947 1706971391841
948 1706971391903
949 1706971391966
950 1706971392022
951 1706971392083
952 1706971392146
953 1706971392203
954 1706971392264
955 1706971392323
956 1706971392386
957 1706971392447
958 1706971392508
959 1706971392567
960 1706971392630
961 1706971392688
962 1706971392747
963 1706971392809
964 1706971392867
965 1706971392934
966 1706971392991
967 1706971393053
968 1706971393113
969 1706971393171
970 1706971393231
971 1706971393293
972 1706971393351
973 1706971393413
974 1706971393476
975 1706971393535
976 1706971393597
977 1706971393657
978 1706971393717
979 1706971393776
980 1706971393837
981 1706971393896
982 1706971393960
983 1706971394020
984 1706971394080
985 1706971394139
986 1706971394201
987 1706971394259
988 1706971394321
989 1706971394380
990 1706971394439
991 1706971394506
992 1706971394563
993 1706971394626
994 1706971394683
995 1706971394743
996 1706971394806
997 1706971394863
998 1706971394924
999 1706971394983
1000 1706971395048
1001 1706971395108
1002 1706971395166
1003 1706971395230
1004 1706971395288
1005 1706971395349
1006 1706971395407
1007 1706971395470
1008 1706971395531
1009 1706971395594
1010 1706971395651
1011 1706971395713
1012 1706971395772
1013 1706971395832
1014 1706971395891
1015 1706971395954
1016 1706971396011
1017 1706971396078
1018 1706971396136
1019 1706971396195
1020 1706971396257
1021 1706971396317
1022 1706971396376
1023 1706971396435
1024 1706971396498
1025 1706971396557
1026 1706971396620
1027 1706971396680
1028 1706971396742
1029 1706971396799
1030 1706971396860
1031 1706971396919
1032 1706971396982
1033 1706971397041
1034 1706971397103
1035 1706971397165
1036 1706971397223
1037 1706971397284
1038 1706971397343
1039 1706971397403
1040 1706971397464
1041 1706971397524
1042 1706971397583
1043 1706971397647
1044 1706971397710
1045 1706971397768
1046 1706971397829
1047 1706971397887
1048 1706971397947
1049 1706971398010
1050 1706971398068
1051 1706971398134
1052 1706971398193
1053 1706971398251
1054 1706971398314
1055 1706971398371
1056 1706971398434
1057 1706971398491
1058 1706971398553
1059 1706971398612
1060 1706971398675
1061 1706971398737
1062 1706971398797
1063 1706971398857
1064 1706971398915
1065 1706971398976
1066 1706971399036
1067 1706971399096
1068 1706971399157
1069 1706971399220
1070 1706971399280
1071 1706971399341
1072 1706971399400
1073 1706971399460
1074 1706971399523
1075 1706971399581
1076 1706971399639
1077 1706971399703
1078 1706971399766
1079 1706971399826
1080 1706971399884
1081 1706971399943
1082 1706971400005
1083 1706971400065
1084 1706971400123
1085 1706971400185
1086 1706971400250
1087 1706971400308
1088 1706971400368
1089 1706971400429
1090 1706971400489
1091 1706971400549
1092 1706971400609
1093 1706971400668
1094 1706971400733
1095 1706971400793
1096 1706971400854
1097 1706971400912
1098 1706971400973
1099 1706971401033
1100 1706971401093
1101 1706971401153
1102 1706971401213
1103 1706971401278
1104 1706971401337
1105 1706971401396
1106 1706971401456
1107 1706971401517
1108 1706971401575
1109 1706971401638
1110 1706971401696
1111 1706971401756
1112 1706971401822
1113 1706971401880
1114 1706971401942
1115 1706971401999
1116 1706971402060
1117 1706971402122
1118 1706971402180
1119 1706971402241
1120 1706971402305
1121 1706971402363
1122 1706971402425
1123 1706971402483
1124 1706971402545
1125 1706971402605
1126 1706971402665
1127 1706971402725
1128 1706971402785
1129 1706971402850
1130 1706971402910
1131 1706971402970
1132 1706971403029
1133 1706971403089
1134 1706971403151
1135 1706971403207
1136 1706971403267
1137 1706971403332
1138 1706971403395
1139 1706971403454
1140 1706971403513
1141 1706971403573
1142 1706971403633
1143 1706971403694
1144 1706971403753
1145 1706971403812
1146 1706971403878
1147 1706971403938
1148 1706971403995
1149 1706971404056
1150 1706971404115
1151 1706971404179
1152 1706971404235
1153 1706971404298
1154 1706971404356
1155 1706971404422
1156 1706971404479
1157 1706971404541
1158 1706971404602
1159 1706971404659
1160 1706971404720
1161 1706971404780
1162 1706971404839
1163 1706971404906
1164 1706971404963
1165 1706971405026
1166 1706971405085
1167 1706971405143
1168 1706971405205
1169 1706971405263
1170 1706971405326
1171 1706971405384
1172 1706971405449
1173 1706971405508
1174 1706971405570
1175 1706971405629
1176 1706971405689
1177 1706971405748
1178 1706971405810
1179 1706971405870
1180 1706971405934
1181 1706971405992
1182 1706971406052
1183 1706971406113
1184 1706971406171
1185 1706971406234
1186 1706971406292
1187 1706971406354
1188 1706971406412
1189 1706971406478
1190 1706971406536
1191 1706971406598
1192 1706971406658
1193 1706971406715
1194 1706971406778
1195 1706971406836
1196 1706971406897
1197 1706971406956
1198 1706971407022
1199 1706971407079
1200 1706971407139
1201 1706971407200
1202 1706971407260
1203 1706971407320
1204 1706971407381
1205 1706971407439
1206 1706971407506
1207 1706971407563
1208 1706971407625
1209 1706971407683
1210 1706971407746
1211 1706971407803
1212 1706971407866
1213 1706971407923
1214 1706971407986
1215 1706971408049
1216 1706971408107
1217 1706971408170
1218 1706971408227
1219 1706971408290
1220 1706971408347
1221 1706971408410
1222 1706971408468
1223 1706971408534
1224 1706971408591
1225 1706971408654
1226 1706971408713
1227 1706971408774
1228 1706971408833
1229 1706971408892
1230 1706971408953
1231 1706971409012
1232 1706971409077
1233 1706971409137
1234 1706971409196
1235 1706971409258
1236 1706971409316
1237 1706971409377
1238 1706971409438
1239 1706971409496
1240 1706971409557
1241 1706971409620
1242 1706971409682
1243 1706971409742
1244 1706971409800
1245 1706971409861
1246 1706971409921
1247 1706971409981
1248 1706971410041
1249 1706971410104
1250 1706971410164
1251 1706971410224
1252 1706971410284
1253 1706971410345
1254 1706971410405
1255 1706971410464
1256 1706971410525
1257 1706971410584
1258 1706971410650
1259 1706971410708
1260 1706971410768
1261 1706971410830
1262 1706971410888
1263 1706971410950
1264 1706971411008
1265 1706971411069
1266 1706971411133
1267 1706971411194
1268 1706971411252
1269 1706971411313
1270 1706971411374
1271 1706971411431
1272 1706971411492
1273 1706971411551
1274 1706971411614
1275 1706971411677
1276 1706971411735
1277 1706971411799
1278 1706971411856
1279 1706971411918
1280 1706971411975
1281 1706971412038
1282 1706971412096
1283 1706971412157
1284 1706971412219
1285 1706971412282
1286 1706971412340
1287 1706971412402
1288 1706971412459
1289 1706971412521
1290 1706971412582
1291 1706971412639
1292 1706971412706
1293 1706971412766
1294 1706971412823
1295 1706971412883
1296 1706971412946
1297 1706971413003
1298 1706971413063
1299 1706971413126
1300 1706971413184
1301 1706971413250
1302 1706971413307
1303 1706971413369
1304 1706971413428
1305 1706971413490
1306 1706971413547
1307 1706971413610
1308 1706971413670
1309 1706971413734
1310 1706971413791
1311 1706971413854
1312 1706971413913
1313 1706971413973
1314 1706971414032
1315 1706971414093
1316 1706971414152
1317 1706971414214
1318 1706971414275
1319 1706971414338
1320 1706971414395
1321 1706971414458
1322 1706971414516
1323 1706971414578
1324 1706971414636
1325 1706971414698
1326 1706971414758
1327 1706971414819
1328 1706971414882
1329 1706971414939
1330 1706971415001
1331 1706971415059
1332 1706971415121
1333 1706971415179
1334 1706971415241
1335 1706971415304
1336 1706971415366
1337 1706971415424
1338 1706971415484
1339 1706971415546
1340 1706971415606
1341 1706971415664
1342 1706971415725
1343 1706971415784
1344 1706971415850
1345 1706971415908
1346 1706971415968
1347 1706971416028
1348 1706971416090
1349 1706971416148
1350 1706971416210
1351 1706971416267
1352 1706971416330
1353 1706971416392
1354 1706971416453
1355 1706971416511
1356 1706971416574
1357 1706971416634
1358 1706971416691
1359 1706971416754
1360 1706971416814
1361 1706971416876
1362 1706971416937
1363 1706971416995
1364 1706971417058
1365 1706971417116
1366 1706971417177
1367 1706971417236
1368 1706971417296
1369 1706971417357
1370 1706971417420
1371 1706971417481
1372 1706971417540
1373 1706971417600
1374 1706971417659
1375 1706971417721
1376 1706971417780
1377 1706971417842
1378 1706971417903
1379 1706971417966
1380 1706971418024
1381 1706971418086
1382 1706971418143
1383 1706971418205
1384 1706971418264
1385 1706971418326
1386 1706971418383
1387 1706971418450
1388 1706971418508
1389 1706971418570
1390 1706971418627
1391 1706971418690
1392 1706971418748
1393 1706971418810
1394 1706971418867
1395 1706971418930
1396 1706971418992
1397 1706971419054
1398 1706971419114
1399 1706971419172
1400 1706971419234
1401 1706971419292
1402 1706971419354
1403 1706971419411
1404 1706971419478
1405 1706971419536
1406 1706971419598
1407 1706971419656
1408 1706971419718
1409 1706971419776
1410 1706971419838
1411 1706971419895
1412 1706971419958
1413 1706971420020
1414 1706971420082
1415 1706971420140
1416 1706971420201
1417 1706971420260
1418 1706971420319
1419 1706971420382
1420 1706971420442
1421 1706971420506
1422 1706971420564
1423 1706971420626
1424 1706971420686
1425 1706971420746
1426 1706971420804
1427 1706971420864
1428 1706971420926
1429 1706971420984
1430 1706971421050
1431 1706971421107
1432 1706971421170
1433 1706971421228
1434 1706971421289
1435 1706971421348
1436 1706971421410
1437 1706971421467
1438 1706971421530
1439 1706971421591
1440 1706971421654
1441 1706971421712
1442 1706971421771
1443 1706971421834
1444 1706971421892
1445 1706971421954
1446 1706971422011
1447 1706971422078
1448 1706971422138
1449 1706971422196
1450 1706971422257
1451 1706971422316
1452 1706971422378
1453 1706971422436
1454 1706971422498
1455 1706971422555
1456 1706971422622
1457 1706971422680
1458 1706971422742
1459 1706971422799
1460 1706971422862
1461 1706971422920
1462 1706971422981
1463 1706971423039
1464 1706971423106
1465 1706971423163
1466 1706971423226
1467 1706971423284
1468 1706971423346
1469 1706971423404
1470 1706971423466
1471 1706971423523
1472 1706971423587
1473 1706971423647
1474 1706971423710
1475 1706971423767
1476 1706971423830
1477 1706971423888
1478 1706971423948
1479 1706971424009
1480 1706971424069
1481 1706971424130
1482 1706971424192
1483 1706971424251
1484 1706971424311
1485 1706971424371
1486 1706971424434
1487 1706971424494
1488 1706971424553
1489 1706971424614
1490 1706971424677
1491 1706971424738
1492 1706971424798
1493 1706971424856
1494 1706971424916
1495 1706971424977
1496 1706971425036
1497 1706971425099
1498 1706971425155
1499 1706971425221
1500 1706971425280
1501 1706971425342
1502 1706971425399
1503 1706971425462
1504 1706971425520
1505 1706971425582
1506 1706971425639
1507 1706971425706
1508 1706971425764
1509 1706971425827
1510 1706971425884
1511 1706971425945
1512 1706971426004
1513 1706971426066
1514 1706971426124
1515 1706971426185
1516 1706971426250
1517 1706971426308
1518 1706971426369
1519 1706971426427
1520 1706971426487
1521 1706971426550
1522 1706971426608
1523 1706971426670
1524 1706971426729
1525 1706971426794
1526 1706971426852
1527 1706971426913
1528 1706971426973
1529 1706971427032
1530 1706971427093
1531 1706971427151
1532 1706971427214
1533 1706971427276
1534 1706971427338
1535 1706971427395
1536 1706971427458
1537 1706971427516
1538 1706971427577
1539 1706971427636
1540 1706971427698
1541 1706971427756
1542 1706971427822
1543 1706971427880
1544 1706971427939
1545 1706971428001
1546 1706971428063
1547 1706971428119
1548 1706971428179
1549 1706971428242
1550 1706971428304
1551 1706971428367
1552 1706971428423
1553 1706971428485
1554 1706971428544
1555 1706971428606
1556 1706971428664
1557 1706971428726
1558 1706971428784
1559 1706971428850
1560 1706971428908
1561 1706971428968
1562 1706971429030
1563 1706971429088
1564 1706971429149
1565 1706971429207
1566 1706971429270
1567 1706971429327
1568 1706971429394
1569 1706971429453
1570 1706971429512
1571 1706971429574
1572 1706971429631
1573 1706971429693
1574 1706971429753
1575 1706971429814
1576 1706971429875
1577 1706971429938
1578 1706971429996
1579 1706971430058
1580 1706971430116
1581 1706971430176
1582 1706971430238
1583 1706971430298
1584 1706971430355
1585 1706971430422
1586 1706971430482
1587 1706971430540
1588 1706971430602
1589 1706971430660
1590 1706971430722
1591 1706971430780
1592 1706971430842
1593 1706971430904
1594 1706971430966
1595 1706971431026
1596 1706971431086
1597 1706971431145
1598 1706971431204
1599 1706971431266
1600 1706971431325
1601 1706971431384
1602 1706971431450
1603 1706971431508
1604 1706971431568
1605 1706971431629
1606 1706971431689
1607 1706971431748
1608 1706971431807
1609 1706971431870
1610 1706971431928
1611 1706971431994
1612 1706971432052
1613 1706971432114
1614 1706971432174
1615 1706971432232
1616 1706971432293
1617 1706971432353
1618 1706971432413
1619 1706971432477
1620 1706971432537
1621 1706971432598
1622 1706971432656
1623 1706971432718
1624 1706971432777
1625 1706971432838
1626 1706971432898
1627 1706971432956
1628 1706971433022
1629 1706971433081
1630 1706971433140
1631 1706971433203
1632 1706971433262
1633 1706971433322
1634 1706971433382
1635 1706971433440
1636 1706971433502
1637 1706971433566
1638 1706971433626
1639 1706971433684
1640 1706971433744
1641 1706971433806
1642 1706971433866
1643 1706971433924
1644 1706971433986
1645 1706971434049
1646 1706971434108
1647 1706971434168
1648 1706971434228
1649 1706971434288
1650 1706971434349
1651 1706971434409
1652 1706971434467
1653 1706971434530
1654 1706971434592
1655 1706971434654
1656 1706971434712
1657 1706971434772
1658 1706971434832
1659 1706971434892
1660 1706971434951
1661 1706971435014
1662 1706971435075
1663 1706971435138
1664 1706971435198
1665 1706971435255
1666 1706971435319
1667 1706971435378
1668 1706971435438
1669 1706971435498
1670 1706971435557
1671 1706971435622
1672 1706971435681
1673 1706971435740
1674 1706971435802
1675 1706971435862
1676 1706971435922
1677 1706971435982
1678 1706971436041
1679 1706971436102
1680 1706971436166
1681 1706971436224
1682 1706971436286
1683 1706971436346
1684 1706971436406
1685 1706971436464
1686 1706971436526
1687 1706971436586
1688 1706971436650
1689 1706971436708
1690 1706971436771
1691 1706971436828
1692 1706971436889
1693 1706971436948
1694 1706971437010
1695 1706971437068
1696 1706971437130
1697 1706971437192
1698 1706971437254
1699 1706971437312
1700 1706971437374
1701 1706971437431
1702 1706971437495
1703 1706971437552
1704 1706971437614
1705 1706971437675
1706 1706971437738
1707 1706971437796
1708 1706971437858
1709 1706971437915
1710 1706971437978
1711 1706971438035
1712 1706971438096
1713 1706971438156
1714 1706971438221
1715 1706971438281
1716 1706971438340
1717 1706971438402
1718 1706971438461
1719 1706971438520
1720 1706971438579
1721 1706971438642
1722 1706971438700
1723 1706971438765
1724 1706971438825
1725 1706971438884
1726 1706971438946
1727 1706971439006
1728 1706971439065
1729 1706971439124
1730 1706971439185
1731 1706971439249
1732 1706971439310
1733 1706971439369
1734 1706971439430
1735 1706971439490
1736 1706971439549
1737 1706971439610
1738 1706971439670
1739 1706971439728
1740 1706971439792
1741 1706971439854
1742 1706971439912
1743 1706971439973
1744 1706971440033
1745 1706971440091
1746 1706971440155
1747 1706971440214
1748 1706971440276
1749 1706971440336
1750 1706971440397
1751 1706971440458
1752 1706971440516
1753 1706971440576
1754 1706971440638
1755 1706971440696
1756 1706971440756
1757 1706971440822
1758 1706971440880
1759 1706971440941
1760 1706971440999
1761 1706971441062
1762 1706971441120
1763 1706971441183
1764 1706971441240
1765 1706971441302
1766 1706971441366
1767 1706971441424
1768 1706971441485
1769 1706971441544
1770 1706971441606
1771 1706971441665
1772 1706971441724
1773 1706971441786
1774 1706971441849
1775 1706971441910
1776 1706971441970
1777 1706971442030
1778 1706971442090
1779 1706971442150
1780 1706971442210
1781 1706971442270
1782 1706971442330
1783 1706971442394
1784 1706971442454
1785 1706971442512
1786 1706971442573
1787 1706971442633
1788 1706971442693
1789 1706971442753
1790 1706971442813
1791 1706971442877
1792 1706971442937
1793 1706971442998
1794 1706971443055
1795 1706971443117
1796 1706971443180
1797 1706971443235
1798 1706971443295
1799 1706971443358
1800 1706971443420
1801 1706971443482
1802 1706971443543
1803 1706971443600
1804 1706971443662
1805 1706971443722
1806 1706971443782
1807 1706971443840
1808 1706971443901
1809 1706971443966
1810 1706971444024
1811 1706971444084
1812 1706971444145
1813 1706971444205
1814 1706971444264
1815 1706971444326
1816 1706971444384
1817 1706971444450
1818 1706971444509
1819 1706971444568
1820 1706971444630
1821 1706971444690
1822 1706971444747
1823 1706971444809
1824 1706971444868
1825 1706971444928
1826 1706971444992
1827 1706971445052
1828 1706971445113
1829 1706971445172
1830 1706971445232
1831 1706971445294
1832 1706971445352
1833 1706971445414
1834 1706971445476
1835 1706971445535
1836 1706971445598
1837 1706971445656
1838 1706971445716
1839 1706971445777
1840 1706971445837
1841 1706971445898
1842 1706971445955
1843 1706971446019
1844 1706971446082
1845 1706971446139
1846 1706971446203
1847 1706971446260
1848 1706971446321
1849 1706971446382
1850 1706971446440
1851 1706971446501
1852 1706971446564
1853 1706971446627
1854 1706971446684
1855 1706971446744
1856 1706971446806
1857 1706971446864
1858 1706971446924
1859 1706971446986
1860 1706971447047
1861 1706971447110
1862 1706971447168
1863 1706971447228
1864 1706971447291
1865 1706971447348
1866 1706971447410
1867 1706971447467
1868 1706971447529
1869 1706971447593
1870 1706971447652
1871 1706971447714
1872 1706971447772
1873 1706971447835
1874 1706971447892
1875 1706971447951
1876 1706971448011
1877 1706971448076
1878 1706971448139
1879 1706971448198
1880 1706971448258
1881 1706971448318
1882 1706971448378
1883 1706971448438
1884 1706971448498
1885 1706971448558
1886 1706971448622
1887 1706971448682
1888 1706971448740
1889 1706971448801
1890 1706971448862
1891 1706971448921
1892 1706971448982
1893 1706971449042
1894 1706971449102
1895 1706971449166
1896 1706971449226
1897 1706971449286
1898 1706971449346
1899 1706971449406
1900 1706971449466
1901 1706971449526
1902 1706971449586
1903 1706971449649
1904 1706971449709
1905 1706971449770
1906 1706971449828
1907 1706971449890
1908 1706971449948
1909 1706971450010
1910 1706971450068
1911 1706971450128
1912 1706971450194
1913 1706971450252
1914 1706971450312
1915 1706971450374
1916 1706971450434
1917 1706971450493
1918 1706971450552
1919 1706971450612
1920 1706971450678
1921 1706971450736
1922 1706971450796
1923 1706971450858
1924 1706971450916
1925 1706971450978
1926 1706971451035
1927 1706971451096
1928 1706971451158
1929 1706971451220
1930 1706971451282
1931 1706971451339
1932 1706971451402
1933 1706971451460
1934 1706971451521
1935 1706971451580
1936 1706971451642
1937 1706971451700
1938 1706971451766
1939 1706971451824
1940 1706971451886
1941 1706971451945
1942 1706971452003
1943 1706971452066
1944 1706971452124
1945 1706971452188
1946 1706971452248
1947 1706971452310
1948 1706971452368
1949 1706971452431
1950 1706971452488
1951 1706971452548
1952 1706971452611
1953 1706971452668
1954 1706971452728
1955 1706971452794
1956 1706971452854
1957 1706971452912
1958 1706971452973
1959 1706971453031
1960 1706971453094
1961 1706971453152
1962 1706971453212
1963 1706971453275
1964 1706971453336
1965 1706971453399
1966 1706971453456
1967 1706971453518
1968 1706971453577
1969 1706971453637
1970 1706971453697
1971 1706971453756
1972 1706971453824
1973 1706971453880
1974 1706971453940
1975 1706971454001
1976 1706971454060
1977 1706971454122
1978 1706971454179
1979 1706971454242
1980 1706971454300
1981 1706971454366
1982 1706971454424
1983 1706971454484
1984 1706971454546
1985 1706971454605
1986 1706971454665
1987 1706971454724
1988 1706971454785
1989 1706971454848
1990 1706971454909
1991 1706971454969
1992 1706971455028
1993 1706971455091
1994 1706971455148
1995 1706971455211
1996 1706971455267
1997 1706971455331
1998 1706971455394
1999 1706971455452
2000 1706971455514
2001 1706971455572
2002 1706971455634
2003 1706971455692
2004 1706971455755
2005 1706971455812
2006 1706971455874
2007 1706971455936
2008 1706971455999
2009 1706971456056
2010 1706971456116
2011 1706971456179
2012 1706971456236
2013 1706971456298
2014 1706971456357
2015 1706971456420
2016 1706971456482
2017 1706971456540
2018 1706971456601
2019 1706971456660
2020 1706971456722
2021 1706971456782
2022 1706971456839
2023 1706971456902
2024 1706971456964
2025 1706971457025
2026 1706971457084
2027 1706971457146
2028 1706971457204
2029 1706971457266
2030 1706971457326
2031 1706971457384
2032 1706971457451
2033 1706971457508
2034 1706971457568
2035 1706971457628
2036 1706971457691
2037 1706971457749
2038 1706971457808
2039 1706971457870
2040 1706971457928
2041 1706971457995
2042 1706971458052
2043 1706971458112
2044 1706971458174
2045 1706971458232
2046 1706971458295
2047 1706971458351
2048 1706971458413
2049 1706971458472
2050 1706971458535
2051 1706971458606
2052 1706971458655
2053 1706971458718
2054 1706971458776
2055 1706971458839
2056 1706971458895
2057 1706971458957
2058 1706971459020
2059 1706971459082
2060 1706971459140
2061 1706971459202
2062 1706971459260
2063 1706971459320
2064 1706971459380
2065 1706971459441
2066 1706971459502
2067 1706971459565
2068 1706971459624
2069 1706971459686
2070 1706971459744
2071 1706971459807
2072 1706971459866
2073 1706971459923
2074 1706971459986
2075 1706971460048
2076 1706971460109
2077 1706971460168
2078 1706971460231
2079 1706971460288
2080 1706971460348
2081 1706971460408
2082 1706971460470
2083 1706971460528
2084 1706971460592
2085 1706971460654
2086 1706971460712
2087 1706971460774
2088 1706971460832
2089 1706971460895
2090 1706971460953
2091 1706971461014
2092 1706971461072
2093 1706971461139
2094 1706971461196
2095 1706971461258
2096 1706971461316
2097 1706971461376
2098 1706971461438
2099 1706971461496
2100 1706971461558
2101 1706971461620
2102 1706971461682
2103 1706971461742
2104 1706971461800
2105 1706971461863
2106 1706971461920
2107 1706971461982
2108 1706971462042
2109 1706971462100
2110 1706971462167
2111 1706971462224
2112 1706971462286
2113 1706971462345
2114 1706971462405
2115 1706971462467
2116 1706971462526
2117 1706971462584
2118 1706971462650
2119 1706971462708
2120 1706971462769
2121 1706971462829
2122 1706971462889
2123 1706971462948
2124 1706971463008
2125 1706971463069
2126 1706971463128
2127 1706971463194
2128 1706971463253
2129 1706971463312
2130 1706971463372
2131 1706971463434
2132 1706971463494
2133 1706971463552
2134 1706971463615
2135 1706971463674
2136 1706971463736
2137 1706971463797
2138 1706971463859
2139 1706971463916
2140 1706971463977
2141 1706971464037
2142 1706971464098
2143 1706971464156
2144 1706971464222
2145 1706971464279
2146 1706971464342
2147 1706971464402
2148 1706971464459
2149 1706971464521
2150 1706971464580
2151 1706971464642
2152 1706971464700
2153 1706971464767
2154 1706971464824
2155 1706971464887
2156 1706971464944
2157 1706971465007
2158 1706971465064
2159 1706971465127
2160 1706971465184
2161 1706971465248
2162 1706971465311
2163 1706971465369
2164 1706971465429
2165 1706971465488
2166 1706971465550
2167 1706971465609
2168 1706971465669
2169 1706971465728
2170 1706971465795
2171 1706971465852
2172 1706971465912
2173 1706971465974
2174 1706971466034
2175 1706971466093
2176 1706971466153
2177 1706971466214
2178 1706971466272
2179 1706971466338
2180 1706971466396
2181 1706971466458
2182 1706971466518
2183 1706971466577
2184 1706971466636
2185 1706971466697
2186 1706971466758
2187 1706971466821
2188 1706971466882
2189 1706971466940
2190 1706971467003
2191 1706971467060
2192 1706971467120
2193 1706971467182
2194 1706971467240
2195 1706971467302
2196 1706971467364
2197 1706971467426
2198 1706971467486
2199 1706971467544
2200 1706971467606
2201 1706971467664
2202 1706971467726
2203 1706971467785
2204 1706971467848
2205 1706971467910
2206 1706971467968
2207 1706971468031
2208 1706971468088
2209 1706971468150
2210 1706971468210
2211 1706971468270
2212 1706971468328
2213 1706971468392
2214 1706971468454
2215 1706971468512
2216 1706971468572
2217 1706971468633
2218 1706971468693
2219 1706971468755
2220 1706971468812
2221 1706971468873
2222 1706971468935
2223 1706971468995
2224 1706971469056
2225 1706971469118
2226 1706971469178
2227 1706971469238
2228 1706971469298
2229 1706971469356
2230 1706971469423
2231 1706971469480
2232 1706971469541
2233 1706971469601
2234 1706971469662
2235 1706971469722
2236 1706971469779
2237 1706971469842
2238 1706971469900
2239 1706971469964
2240 1706971470026
2241 1706971470084
2242 1706971470147
2243 1706971470206
2244 1706971470264
2245 1706971470327
2246 1706971470384
2247 1706971470451
2248 1706971470508
2249 1706971470570
2250 1706971470629
2251 1706971470691
2252 1706971470748
2253 1706971470811
2254 1706971470868
2255 1706971470931
2256 1706971470993
2257 1706971471054
2258 1706971471113
2259 1706971471174
2260 1706971471232
2261 1706971471295
2262 1706971471352
2263 1706971471415
2264 1706971471472
2265 1706971471537
2266 1706971471599
2267 1706971471657
2268 1706971471717
2269 1706971471776
2270 1706971471839
2271 1706971471897
2272 1706971471956
2273 1706971472022
2274 1706971472080
2275 1706971472142
2276 1706971472200
2277 1706971472260
2278 1706971472322
2279 1706971472381
2280 1706971472440
2281 1706971472502
2282 1706971472565
2283 1706971472626
2284 1706971472684
2285 1706971472746
2286 1706971472804
2287 1706971472866
2288 1706971472924
2289 1706971472984
2290 1706971473046
2291 1706971473108
2292 1706971473168
2293 1706971473227
2294 1706971473288
2295 1706971473350
2296 1706971473410
2297 1706971473468
2298 1706971473529
2299 1706971473593
2300 1706971473655
2301 1706971473712
2302 1706971473774
2303 1706971473832
2304 1706971473895
2305 1706971473952
2306 1706971474012
2307 1706971474073
2308 1706971474136
2309 1706971474199
2310 1706971474255
2311 1706971474317
2312 1706971474376
2313 1706971474439
2314 1706971474496
2315 1706971474556
2316 1706971474623
2317 1706971474680
2318 1706971474741
2319 1706971474800
2320 1706971474863
2321 1706971474920
2322 1706971474980
2323 1706971475043
2324 1706971475100
2325 1706971475167
2326 1706971475223
2327 1706971475285
2328 1706971475345
2329 1706971475405
2330 1706971475464
2331 1706971475526
2332 1706971475586
2333 1706971475644
2334 1706971475710
2335 1706971475768
2336 1706971475831
2337 1706971475889
2338 1706971475948
2339 1706971476011
2340 1706971476068
2341 1706971476129
2342 1706971476192
2343 1706971476253
2344 1706971476313
2345 1706971476373
2346 1706971476432
2347 1706971476495
2348 1706971476552
2349 1706971476614
2350 1706971476672
2351 1706971476738
2352 1706971476797
2353 1706971476858
2354 1706971476917
2355 1706971476977
2356 1706971477039
2357 1706971477096
2358 1706971477156
2359 1706971477222
2360 1706971477281
2361 1706971477343
2362 1706971477400
2363 1706971477463
2364 1706971477521
2365 1706971477582
2366 1706971477640
2367 1706971477700
2368 1706971477767
2369 1706971477826
2370 1706971477886
2371 1706971477946
2372 1706971478006
2373 1706971478066
2374 1706971478126
2375 1706971478186
2376 1706971478247
2377 1706971478311
2378 1706971478369
2379 1706971478428
2380 1706971478490
2381 1706971478550
2382 1706971478609
2383 1706971478669
2384 1706971478731
2385 1706971478795
2386 1706971478853
2387 1706971478914
2388 1706971478974
2389 1706971479034
2390 1706971479092
2391 1706971479153
2392 1706971479214
2393 1706971479273
2394 1706971479337
2395 1706971479397
2396 1706971479457
2397 1706971479517
2398 1706971479577
2399 1706971479638
2400 1706971479696
2401 1706971479759
2402 1706971479822
2403 1706971479881
2404 1706971479942
2405 1706971480002
2406 1706971480062
2407 1706971480122
2408 1706971480183
2409 1706971480242
2410 1706971480302
2411 1706971480366
2412 1706971480426
2413 1706971480486
2414 1706971480546
2415 1706971480606
2416 1706971480665
2417 1706971480724
2418 1706971480784
2419 1706971480846
2420 1706971480910
2421 1706971480968
2422 1706971481028
2423 1706971481090
2424 1706971481148
2425 1706971481209
2426 1706971481268
2427 1706971481330
2428 1706971481393
2429 1706971481453
2430 1706971481512
2431 1706971481575
2432 1706971481632
2433 1706971481695
2434 1706971481752
2435 1706971481812
2436 1706971481875
2437 1706971481937
2438 1706971481996
2439 1706971482059
2440 1706971482116
2441 1706971482179
2442 1706971482236
2443 1706971482296
2444 1706971482358
2445 1706971482421
2446 1706971482482
2447 1706971482540
2448 1706971482603
2449 1706971482661
2450 1706971482721
2451 1706971482780
2452 1706971482842
2453 1706971482901
2454 1706971482964
2455 1706971483026
2456 1706971483084
2457 1706971483147
2458 1706971483206
2459 1706971483266
2460 1706971483325
2461 1706971483387
2462 1706971483444
2463 1706971483510
2464 1706971483569
2465 1706971483631
2466 1706971483688
2467 1706971483751
2468 1706971483809
2469 1706971483869
2470 1706971483929
2471 1706971483994
2472 1706971484053
2473 1706971484114
2474 1706971484173
2475 1706971484232
2476 1706971484295
2477 1706971484354
2478 1706971484412
2479 1706971484475
2480 1706971484538
2481 1706971484598
2482 1706971484658
2483 1706971484716
2484 1706971484778
2485 1706971484837
2486 1706971484898
2487 1706971484956
2488 1706971485022
2489 1706971485080
2490 1706971485141
2491 1706971485202
2492 1706971485261
2493 1706971485323
2494 1706971485381
2495 1706971485441
2496 1706971485502
2497 1706971485565
2498 1706971485625
2499 1706971485685
2500 1706971485747
2501 1706971485804
2502 1706971485867
2503 1706971485924
2504 1706971485986
2505 1706971486044
2506 1706971486111
2507 1706971486168
2508 1706971486231
2509 1706971486288
2510 1706971486350
2511 1706971486409
2512 1706971486471
2513 1706971486530
2514 1706971486593
2515 1706971486655
2516 1706971486713
2517 1706971486774
2518 1706971486834
2519 1706971486893
2520 1706971486954
2521 1706971487014
2522 1706971487074
2523 1706971487136
2524 1706971487197
2525 1706971487257
2526 1706971487317
2527 1706971487378
2528 1706971487438
2529 1706971487496
2530 1706971487559
2531 1706971487620
2532 1706971487683
2533 1706971487740
2534 1706971487801
2535 1706971487862
2536 1706971487921
2537 1706971487983
2538 1706971488042
2539 1706971488100
2540 1706971488167
2541 1706971488224
2542 1706971488286
2543 1706971488344
2544 1706971488404
2545 1706971488467
2546 1706971488527
2547 1706971488584
2548 1706971488645
2549 1706971488711
2550 1706971488768
2551 1706971488831
2552 1706971488888
2553 1706971488948
2554 1706971489010
2555 1706971489068
2556 1706971489130
2557 1706971489192
2558 1706971489254
2559 1706971489312
2560 1706971489374
2561 1706971489432
2562 1706971489494
2563 1706971489553
2564 1706971489612
2565 1706971489674
2566 1706971489736
2567 1706971489798
2568 1706971489857
2569 1706971489917
2570 1706971489978
2571 1706971490038
2572 1706971490097
2573 1706971490159
2574 1706971490220
2575 1706971490282
2576 1706971490342
2577 1706971490400
2578 1706971490462
2579 1706971490522
2580 1706971490581
2581 1706971490641
2582 1706971490702
2583 1706971490767
2584 1706971490825
2585 1706971490884
2586 1706971490944
2587 1706971491004
2588 1706971491067
2589 1706971491126
2590 1706971491187
2591 1706971491246
2592 1706971491310
2593 1706971491370
2594 1706971491430
2595 1706971491490
2596 1706971491550
2597 1706971491609
2598 1706971491669
2599 1706971491731
2600 1706971491793
2601 1706971491854
2602 1706971491915
2603 1706971491973
2604 1706971492033
2605 1706971492093
2606 1706971492155
2607 1706971492215
2608 1706971492273
2609 1706971492337
2610 1706971492399
2611 1706971492459
2612 1706971492516
2613 1706971492579
2614 1706971492636
2615 1706971492699
2616 1706971492758
2617 1706971492817
2618 1706971492883
2619 1706971492940
2620 1706971493001
2621 1706971493060
2622 1706971493121
2623 1706971493182
2624 1706971493240
2625 1706971493301
2626 1706971493365
2627 1706971493427
2628 1706971493485
2629 1706971493547
2630 1706971493607
2631 1706971493666
2632 1706971493727
2633 1706971493784
2634 1706971493848
2635 1706971493910
2636 1706971493968
2637 1706971494029
2638 1706971494091
2639 1706971494149
2640 1706971494209
2641 1706971494269
2642 1706971494329
2643 1706971494394
2644 1706971494452
2645 1706971494514
2646 1706971494573
2647 1706971494634
2648 1706971494692
2649 1706971494755
2650 1706971494813
2651 1706971494873
2652 1706971494936
2653 1706971494999
2654 1706971495056
2655 1706971495119
2656 1706971495176
2657 1706971495238
2658 1706971495297
2659 1706971495359
2660 1706971495418
2661 1706971495481
2662 1706971495542
2663 1706971495601
2664 1706971495661
2665 1706971495721
2666 1706971495783
2667 1706971495841
2668 1706971495903
2669 1706971495964
2670 1706971496027
2671 1706971496085
2672 1706971496145
2673 1706971496207
2674 1706971496264
2675 1706971496327
2676 1706971496385
2677 1706971496444
2678 1706971496511
2679 1706971496569
2680 1706971496631
2681 1706971496688
2682 1706971496750
2683 1706971496809
2684 1706971496868
2685 1706971496929
2686 1706971496995
2687 1706971497052
2688 1706971497113
2689 1706971497173
2690 1706971497233
2691 1706971497294
2692 1706971497352
2693 1706971497413
2694 1706971497475
2695 1706971497537
2696 1706971497597
2697 1706971497657
2698 1706971497717
2699 1706971497779
2700 1706971497839
2701 1706971497897
2702 1706971497958
2703 1706971498018
2704 1706971498081
2705 1706971498142
2706 1706971498202
2707 1706971498261
2708 1706971498321
2709 1706971498383
2710 1706971498442
2711 1706971498503
2712 1706971498567
2713 1706971498625
2714 1706971498686
2715 1706971498745
2716 1706971498807
2717 1706971498865
2718 1706971498927
2719 1706971498984
2720 1706971499046
2721 1706971499109
2722 1706971499170
2723 1706971499230
2724 1706971499290
2725 1706971499349
2726 1706971499411
2727 1706971499469
2728 1706971499531
2729 1706971499592
2730 1706971499655
2731 1706971499714
2732 1706971499774
2733 1706971499834
2734 1706971499894
2735 1706971499954
2736 1706971500012
2737 1706971500075
2738 1706971500137
2739 1706971500198
2740 1706971500256
2741 1706971500319
2742 1706971500377
2743 1706971500439
2744 1706971500497
2745 1706971500559
2746 1706971500617
2747 1706971500683
2748 1706971500742
2749 1706971500801
2750 1706971500861
2751 1706971500922
2752 1706971500981
2753 1706971501040
2754 1706971501103
2755 1706971501166
2756 1706971501227
2757 1706971501287
2758 1706971501346
2759 1706971501407
2760 1706971501467
2761 1706971501524
2762 1706971501587
2763 1706971501646
2764 1706971501710
2765 1706971501769
2766 1706971501830
2767 1706971501890
2768 1706971501949
2769 1706971502010
2770 1706971502070
2771 1706971502129
2772 1706971502195
2773 1706971502253
2774 1706971502314
2775 1706971502372
2776 1706971502434
2777 1706971502493
2778 1706971502555
2779 1706971502612
2780 1706971502675
2781 1706971502736
2782 1706971502799
2783 1706971502856
2784 1706971502919
2785 1706971502976
2786 1706971503039
2787 1706971503096
2788 1706971503158
2789 1706971503216
2790 1706971503282
2791 1706971503341
2792 1706971503401
2793 1706971503460
2794 1706971503521
2795 1706971503582
2796 1706971503642
2797 1706971503700
2798 1706971503767
2799 1706971503825
2800 1706971503886
2801 1706971503946
2802 1706971504004
2803 1706971504067
2804 1706971504124
2805 1706971504187
2806 1706971504244
2807 1706971504311
2808 1706971504368
2809 1706971504431
2810 1706971504489
2811 1706971504549
2812 1706971504611
2813 1706971504669
2814 1706971504729
2815 1706971504795
2816 1706971504853
2817 1706971504915
2818 1706971504972
2819 1706971505034
2820 1706971505094
2821 1706971505152
2822 1706971505213
2823 1706971505273
2824 1706971505339
2825 1706971505397
2826 1706971505456
2827 1706971505519
2828 1706971505577
2829 1706971505639
2830 1706971505697
2831 1706971505758
2832 1706971505817
2833 1706971505883
2834 1706971505941
2835 1706971506000
2836 1706971506063
2837 1706971506122
2838 1706971506182
2839 1706971506241
2840 1706971506303
2841 1706971506366
2842 1706971506424
2843 1706971506487
2844 1706971506544
2845 1706971506607
2846 1706971506665
2847 1706971506724
2848 1706971506787
2849 1706971506845
2850 1706971506910
2851 1706971506968
2852 1706971507032
2853 1706971507088
2854 1706971507150
2855 1706971507208
2856 1706971507271
2857 1706971507331
2858 1706971507395
2859 1706971507453
2860 1706971507515
2861 1706971507575
2862 1706971507635
2863 1706971507692
2864 1706971507755
2865 1706971507813
2866 1706971507873
2867 1706971507938
2868 1706971507998
2869 1706971508057
2870 1706971508119
2871 1706971508176
2872 1706971508238
2873 1706971508297
2874 1706971508357
2875 1706971508419
2876 1706971508481
2877 1706971508543
2878 1706971508600
2879 1706971508661
2880 1706971508722
2881 1706971508782
2882 1706971508841
2883 1706971508901
2884 1706971508967
2885 1706971509026
2886 1706971509086
2887 1706971509145
2888 1706971509206
2889 1706971509267
2890 1706971509327
2891 1706971509386
2892 1706971509447
2893 1706971509510
2894 1706971509570
2895 1706971509631
2896 1706971509691
2897 1706971509749
2898 1706971509809
2899 1706971509871
2900 1706971509931
2901 1706971509994
2902 1706971510055
2903 1706971510115
2904 1706971510173
2905 1706971510235
2906 1706971510294
2907 1706971510352
2908 1706971510414
2909 1706971510475
2910 1706971510537
2911 1706971510597
2912 1706971510659
2913 1706971510716
2914 1706971510779
2915 1706971510836
2916 1706971510899
2917 1706971510956
2918 1706971511017
2919 1706971511081
2920 1706971511141
2921 1706971511201
2922 1706971511260
2923 1706971511323
2924 1706971511382
2925 1706971511440
2926 1706971511503
2927 1706971511564
2928 1706971511627
2929 1706971511684
2930 1706971511747
2931 1706971511804
2932 1706971511867
2933 1706971511927
2934 1706971511984
2935 1706971512047
2936 1706971512111
2937 1706971512168
2938 1706971512231
2939 1706971512288
2940 1706971512351
2941 1706971512409
2942 1706971512469
2943 1706971512530
2944 1706971512594
2945 1706971512654
2946 1706971512715
2947 1706971512775
2948 1706971512835
2949 1706971512894
2950 1706971512953
2951 1706971513015
2952 1706971513075
2953 1706971513138
2954 1706971513200
2955 1706971513259
2956 1706971513319
2957 1706971513379
2958 1706971513439
2959 1706971513499
2960 1706971513559
2961 1706971513619
2962 1706971513683
2963 1706971513741
2964 1706971513803
2965 1706971513863
2966 1706971513922
2967 1706971513981
2968 1706971514043
2969 1706971514101
2970 1706971514166
2971 1706971514226
2972 1706971514286
2973 1706971514346
2974 1706971514406
2975 1706971514465
2976 1706971514527
2977 1706971514588
2978 1706971514644
2979 1706971514708
2980 1706971514768
2981 1706971514831
2982 1706971514891
2983 1706971514951
2984 1706971515011
2985 1706971515071
2986 1706971515131
2987 1706971515190
2988 1706971515254
2989 1706971515314
2990 1706971515374
2991 1706971515435
2992 1706971515495
2993 1706971515555
2994 1706971515615
2995 1706971515675
2996 1706971515739
2997 1706971515798
2998 1706971515858
2999 1706971515918
3000 1706971515978
3001 1706971516039
3002 1706971516098
3003 1706971516158
3004 1706971516218
3005 1706971516282
3006 1706971516343
3007 1706971516400
3008 1706971516465
3009 1706971516523
3010 1706971516583
3011 1706971516642
3012 1706971516702
3013 1706971516767
3014 1706971516827
3015 1706971516885
3016 1706971516946
3017 1706971517006
3018 1706971517067
3019 1706971517125
3020 1706971517187
3021 1706971517247
3022 1706971517310
3023 1706971517371
3024 1706971517430
3025 1706971517491
3026 1706971517551
3027 1706971517609
3028 1706971517669
3029 1706971517731
3030 1706971517791
3031 1706971517854
3032 1706971517914
3033 1706971517975
3034 1706971518034
3035 1706971518093
3036 1706971518154
3037 1706971518214
3038 1706971518274
3039 1706971518337
3040 1706971518398
3041 1706971518458
3042 1706971518518
3043 1706971518578
3044 1706971518636
3045 1706971518700
3046 1706971518759
3047 1706971518817
3048 1706971518880
3049 1706971518944
3050 1706971519001
3051 1706971519063
3052 1706971519122
3053 1706971519181
3054 1706971519243
3055 1706971519301
3056 1706971519364
3057 1706971519427
3058 1706971519484
3059 1706971519547
3060 1706971519605
3061 1706971519667
3062 1706971519727
3063 1706971519784
3064 1706971519847
3065 1706971519910
3066 1706971519969
3067 1706971520031
3068 1706971520090
3069 1706971520148
3070 1706971520209
3071 1706971520270
3072 1706971520329
3073 1706971520391
3074 1706971520455
3075 1706971520512
3076 1706971520575
3077 1706971520633
3078 1706971520695
3079 1706971520755
3080 1706971520815
3081 1706971520873
3082 1706971520939
3083 1706971520997
3084 1706971521057
3085 1706971521118
3086 1706971521179
3087 1706971521239
3088 1706971521298
3089 1706971521357
3090 1706971521419
3091 1706971521483
3092 1706971521543
3093 1706971521601
3094 1706971521663
3095 1706971521723
3096 1706971521781
3097 1706971521840
3098 1706971521903
3099 1706971521965
3100 1706971522025
3101 1706971522085
3102 1706971522146
3103 1706971522205
3104 1706971522265
3105 1706971522325
3106 1706971522387
3107 1706971522445
3108 1706971522511
3109 1706971522569
3110 1706971522631
3111 1706971522691
3112 1706971522748
3113 1706971522811
3114 1706971522870
3115 1706971522929
3116 1706971522991
3117 1706971523053
3118 1706971523115
3119 1706971523174
3120 1706971523233
3121 1706971523294
3122 1706971523353
3123 1706971523415
3124 1706971523473
3125 1706971523539
3126 1706971523599
3127 1706971523657
3128 1706971523717
3129 1706971523776
3130 1706971523839
3131 1706971523897
3132 1706971523959
3133 1706971524017
3134 1706971524084
3135 1706971524141
3136 1706971524202
3137 1706971524262
3138 1706971524321
3139 1706971524381
3140 1706971524442
3141 1706971524501
3142 1706971524567
3143 1706971524624
3144 1706971524687
3145 1706971524745
3146 1706971524807
3147 1706971524865
3148 1706971524927
3149 1706971524985
3150 1706971525047
3151 1706971525109
3152 1706971525171
3153 1706971525229
3154 1706971525291
3155 1706971525349
3156 1706971525411
3157 1706971525468
3158 1706971525531
3159 1706971525589
3160 1706971525655
3161 1706971525713
3162 1706971525775
3163 1706971525835
3164 1706971525893
3165 1706971525953
3166 1706971526014
3167 1706971526073
3168 1706971526139
3169 1706971526200
3170 1706971526256
3171 1706971526319
3172 1706971526377
3173 1706971526437
3174 1706971526498
3175 1706971526559
3176 1706971526616
3177 1706971526683
3178 1706971526743
3179 1706971526800
3180 1706971526860
3181 1706971526923
3182 1706971526981
3183 1706971527042
3184 1706971527100
3185 1706971527167
3186 1706971527226
3187 1706971527288
3188 1706971527344
3189 1706971527404
3190 1706971527467
3191 1706971527525
3192 1706971527585
3193 1706971527645
3194 1706971527711
3195 1706971527769
3196 1706971527831
3197 1706971527889
3198 1706971527949
3199 1706971528012
3200 1706971528068
3201 1706971528129
3202 1706971528191
3203 1706971528253
3204 1706971528315
3205 1706971528372
3206 1706971528434
3207 1706971528492
3208 1706971528552
3209 1706971528615
3210 1706971528672
3211 1706971528739
3212 1706971528796
3213 1706971528859
3214 1706971528917
3215 1706971528978
3216 1706971529037
3217 1706971529097
3218 1706971529157
3219 1706971529220
3220 1706971529281
3221 1706971529342
3222 1706971529402
3223 1706971529461
3224 1706971529521
3225 1706971529582
3226 1706971529641
3227 1706971529701
3228 1706971529765
3229 1706971529828
3230 1706971529885
3231 1706971529945
3232 1706971530005
3233 1706971530067
3234 1706971530125
3235 1706971530187
3236 1706971530245
3237 1706971530308
3238 1706971530371
3239 1706971530428
3240 1706971530490
3241 1706971530549
3242 1706971530611
3243 1706971530669
3244 1706971530729
3245 1706971530789
3246 1706971530855
3247 1706971530913
3248 1706971530973
3249 1706971531033
3250 1706971531094
3251 1706971531153
3252 1706971531213
3253 1706971531275
3254 1706971531337
3255 1706971531399
3256 1706971531456
3257 1706971531518
3258 1706971531577
3259 1706971531639
3260 1706971531696
3261 1706971531759
3262 1706971531817
3263 1706971531883
3264 1706971531940
3265 1706971532002
3266 1706971532061
3267 1706971532123
3268 1706971532180
3269 1706971532243
3270 1706971532301
3271 1706971532368
3272 1706971532424
3273 1706971532487
3274 1706971532545
3275 1706971532607
3276 1706971532665
3277 1706971532726
3278 1706971532785
3279 1706971532848
3280 1706971532908
3281 1706971532970
3282 1706971533029
3283 1706971533091
3284 1706971533149
3285 1706971533210
3286 1706971533269
3287 1706971533331
3288 1706971533389
3289 1706971533453
3290 1706971533515
3291 1706971533573
3292 1706971533634
3293 1706971533695
3294 1706971533752
3295 1706971533814
3296 1706971533875
3297 1706971533936
3298 1706971533997
3299 1706971534059
3300 1706971534119
3301 1706971534179
3302 1706971534237
3303 1706971534297
3304 1706971534357
3305 1706971534419
3306 1706971534480
3307 1706971534543
3308 1706971534602
3309 1706971534662
3310 1706971534720
3311 1706971534783
3312 1706971534841
3313 1706971534903
3314 1706971534961
3315 1706971535027
3316 1706971535085
3317 1706971535147
3318 1706971535205
3319 1706971535265
3320 1706971535326
3321 1706971535387
3322 1706971535447
3323 1706971535508
3324 1706971535571
3325 1706971535629
3326 1706971535689
3327 1706971535751
3328 1706971535809
3329 1706971535871
3330 1706971535929
3331 1706971535988
3332 1706971536055
3333 1706971536113
3334 1706971536173
3335 1706971536234
3336 1706971536293
3337 1706971536355
3338 1706971536412
3339 1706971536472
3340 1706971536539
3341 1706971536598
3342 1706971536657
3343 1706971536717
3344 1706971536777
3345 1706971536837
3346 1706971536896
3347 1706971536957
3348 1706971537019
3349 1706971537080
3350 1706971537143
3351 1706971537201
3352 1706971537263
3353 1706971537323
3354 1706971537386
3355 1706971537440
3356 1706971537500
3357 1706971537561
3358 1706971537627
3359 1706971537687
3360 1706971537747
3361 1706971537807
3362 1706971537868
3363 1706971537925
3364 1706971537987
3365 1706971538047
3366 1706971538111
3367 1706971538169
3368 1706971538231
3369 1706971538291
3370 1706971538349
3371 1706971538409
3372 1706971538471
3373 1706971538529
3374 1706971538589
3375 1706971538655
3376 1706971538714
3377 1706971538776
3378 1706971538834
3379 1706971538893
3380 1706971538954
3381 1706971539014
3382 1706971539073
3383 1706971539138
3384 1706971539199
3385 1706971539257
3386 1706971539317
3387 1706971539378
3388 1706971539438
3389 1706971539498
3390 1706971539558
3391 1706971539617
3392 1706971539683
3393 1706971539743
3394 1706971539801
3395 1706971539863
3396 1706971539923
3397 1706971539981
3398 1706971540040
3399 1706971540103
3400 1706971540161
3401 1706971540227
3402 1706971540285
3403 1706971540346
3404 1706971540407
3405 1706971540465
3406 1706971540525
3407 1706971540586
3408 1706971540647
3409 1706971540709
3410 1706971540769
3411 1706971540830
3412 1706971540890
3413 1706971540951
3414 1706971541010
3415 1706971541069
3416 1706971541130
3417 1706971541190
3418 1706971541254
3419 1706971541313
3420 1706971541375
3421 1706971541433
3422 1706971541493
3423 1706971541555
3424 1706971541613
3425 1706971541675
3426 1706971541737
3427 1706971541797
3428 1706971541860
3429 1706971541919
3430 1706971541977
3431 1706971542037
3432 1706971542099
3433 1706971542157
3434 1706971542219
3435 1706971542281
3436 1706971542343
3437 1706971542401
3438 1706971542462
3439 1706971542520
3440 1706971542583
3441 1706971542641
3442 1706971542702
3443 1706971542761
3444 1706971542827
3445 1706971542884
3446 1706971542947
3447 1706971543004
3448 1706971543067
3449 1706971543125
3450 1706971543184
3451 1706971543247
3452 1706971543309
3453 1706971543371
3454 1706971543428
3455 1706971543491
3456 1706971543549
3457 1706971543611
3458 1706971543669
3459 1706971543729
3460 1706971543791
3461 1706971543853
3462 1706971543914
3463 1706971543973
3464 1706971544035
3465 1706971544093
3466 1706971544155
3467 1706971544215
3468 1706971544272
3469 1706971544339
3470 1706971544396
3471 1706971544459
3472 1706971544519
3473 1706971544577
3474 1706971544639
3475 1706971544696
3476 1706971544759
3477 1706971544819
3478 1706971544881
3479 1706971544943
3480 1706971545003
3481 1706971545063
3482 1706971545123
3483 1706971545183
3484 1706971545243
3485 1706971545303
3486 1706971545361
3487 1706971545427
3488 1706971545487
3489 1706971545547
3490 1706971545607
3491 1706971545665
3492 1706971545727
3493 1706971545787
3494 1706971545847
3495 1706971545909
3496 1706971545969
3497 1706971546029
3498 1706971546089
3499 1706971546150
3500 1706971546210
3501 1706971546269
3502 1706971546331
3503 1706971546389
3504 1706971546455
3505 1706971546513
3506 1706971546573
3507 1706971546635
3508 1706971546695
3509 1706971546753
3510 1706971546815
3511 1706971546873
3512 1706971546938
3513 1706971546999
3514 1706971547057
3515 1706971547118
3516 1706971547178
3517 1706971547238
3518 1706971547298
3519 1706971547358
3520 1706971547418
3521 1706971547482
3522 1706971547542
3523 1706971547600
3524 1706971547663
3525 1706971547721
3526 1706971547782
3527 1706971547840
3528 1706971547903
3529 1706971547961
3530 1706971548027
3531 1706971548084
3532 1706971548147
3533 1706971548205
3534 1706971548267
3535 1706971548324
3536 1706971548387
3537 1706971548444
3538 1706971548511
3539 1706971548569
3540 1706971548631
3541 1706971548689
3542 1706971548749
3543 1706971548808
3544 1706971548870
3545 1706971548929
3546 1706971548991
3547 1706971549052
3548 1706971549113
3549 1706971549174
3550 1706971549235
3551 1706971549294
3552 1706971549354
3553 1706971549414
3554 1706971549474
3555 1706971549539
3556 1706971549599
3557 1706971549657
3558 1706971549719
3559 1706971549779
3560 1706971549839
3561 1706971549899
3562 1706971549959
3563 1706971550019
3564 1706971550083
3565 1706971550141
3566 1706971550204
3567 1706971550263
3568 1706971550323
3569 1706971550381
3570 1706971550442
3571 1706971550503
3572 1706971550561
3573 1706971550627
3574 1706971550685
3575 1706971550746
3576 1706971550807
3577 1706971550865
3578 1706971550926
3579 1706971550987
3580 1706971551047
3581 1706971551109
3582 1706971551170
3583 1706971551231
3584 1706971551289
3585 1706971551349
3586 1706971551411
3587 1706971551471
3588 1706971551531
3589 1706971551591
3590 1706971551655
3591 1706971551714
3592 1706971551773
3593 1706971551835
3594 1706971551893
3595 1706971551955
3596 1706971552012
3597 1706971552075
3598 1706971552137
3599 1706971552199
3600 1706971552259
3601 1706971552317
3602 1706971552379
3603 1706971552439
3604 1706971552497
3605 1706971552557
3606 1706971552619
3607 1706971552681
3608 1706971552743
3609 1706971552801
3610 1706971552863
3611 1706971552921
3612 1706971552981
3613 1706971553043
3614 1706971553101
3615 1706971553163
3616 1706971553225
3617 1706971553287
3618 1706971553347
3619 1706971553405
3620 1706971553465
3621 1706971553526
3622 1706971553586
3623 1706971553645
3624 1706971553711
3625 1706971553769
3626 1706971553831
3627 1706971553889
3628 1706971553951
3629 1706971554010
3630 1706971554069
3631 1706971554130
3632 1706971554188
3633 1706971554255
3634 1706971554313
3635 1706971554375
3636 1706971554433
3637 1706971554493
3638 1706971554555
3639 1706971554613
3640 1706971554674
3641 1706971554738
3642 1706971554796
3643 1706971554856
3644 1706971554918
3645 1706971554977
3646 1706971555039
3647 1706971555098
3648 1706971555157
3649 1706971555219
3650 1706971555281
3651 1706971555343
3652 1706971555401
3653 1706971555461
3654 1706971555523
3655 1706971555581
3656 1706971555643
3657 1706971555701
3658 1706971555764
3659 1706971555827
3660 1706971555887
3661 1706971555945
3662 1706971556007
3663 1706971556068
3664 1706971556127
3665 1706971556185
3666 1706971556248
3667 1706971556309
3668 1706971556369
3669 1706971556432
3670 1706971556489
3671 1706971556551
3672 1706971556611
3673 1706971556669
3674 1706971556731
3675 1706971556791
3676 1706971556855
3677 1706971556915
3678 1706971556975
3679 1706971557035
3680 1706971557095
3681 1706971557153
3682 1706971557214
3683 1706971557275
3684 1706971557336
3685 1706971557397
3686 1706971557458
3687 1706971557519
3688 1706971557577
3689 1706971557637
3690 1706971557699
3691 1706971557757
3692 1706971557817
3693 1706971557882
3694 1706971557941
3695 1706971558003
3696 1706971558060
3697 1706971558123
3698 1706971558181
3699 1706971558243
3700 1706971558300
3701 1706971558363
3702 1706971558427
3703 1706971558485
3704 1706971558545
3705 1706971558607
3706 1706971558665
3707 1706971558726
3708 1706971558785
3709 1706971558845
3710 1706971558911
3711 1706971558969
3712 1706971559029
3713 1706971559090
3714 1706971559150
3715 1706971559211
3716 1706971559269
3717 1706971559329
3718 1706971559389
3719 1706971559454
3720 1706971559513
3721 1706971559575
3722 1706971559633
3723 1706971559695
3724 1706971559752
3725 1706971559813
3726 1706971559875
3727 1706971559934
3728 1706971559997
3729 1706971560059
3730 1706971560117
3731 1706971560177
3732 1706971560237
3733 1706971560299
3734 1706971560357
3735 1706971560420
3736 1706971560481
3737 1706971560543
3738 1706971560601
3739 1706971560663
3740 1706971560720
3741 1706971560782
3742 1706971560841
3743 1706971560900
3744 1706971560960
3745 1706971561028
3746 1706971561087
3747 1706971561147
3748 1706971561208
3749 1706971561267
3750 1706971561327
3751 1706971561387
3752 1706971561445
3753 1706971561511
3754 1706971561569
3755 1706971561633
3756 1706971561689
3757 1706971561750
3758 1706971561811
3759 1706971561870
3760 1706971561929
3761 1706971561989
3762 1706971562056
3763 1706971562113
3764 1706971562175
3765 1706971562233
3766 1706971562295
3767 1706971562353
3768 1706971562414
3769 1706971562473
3770 1706971562535
3771 1706971562600
3772 1706971562657
3773 1706971562720
3774 1706971562777
3775 1706971562840
3776 1706971562897
3777 1706971562957
3778 1706971563020
3779 1706971563083
3780 1706971563140
3781 1706971563205
3782 1706971563261
3783 1706971563323
3784 1706971563381
3785 1706971563442
3786 1706971563503
3787 1706971563563
3788 1706971563625
3789 1706971563685
3790 1706971563747
3791 1706971563805
3792 1706971563865
3793 1706971563925
3794 1706971563985
3795 1706971564047
3796 1706971564112
3797 1706971564169
3798 1706971564229
3799 1706971564291
3800 1706971564349
3801 1706971564410
3802 1706971564469
3803 1706971564530
3804 1706971564590
3805 1706971564655
3806 1706971564713
3807 1706971564773
3808 1706971564835
3809 1706971564893
3810 1706971564953
3811 1706971565013
3812 1706971565073
3813 1706971565135
3814 1706971565198
3815 1706971565257
3816 1706971565319
3817 1706971565377
3818 1706971565438
3819 1706971565497
3820 1706971565559
3821 1706971565619
3822 1706971565681
3823 1706971565743
3824 1706971565801
3825 1706971565863
3826 1706971565923
3827 1706971565981
3828 1706971566043
3829 1706971566103
3830 1706971566163
3831 1706971566225
3832 1706971566287
3833 1706971566347
3834 1706971566407
3835 1706971566465
3836 1706971566527
3837 1706971566587
3838 1706971566647
3839 1706971566709
3840 1706971566770
3841 1706971566831
3842 1706971566891
3843 1706971566949
3844 1706971567010
3845 1706971567071
3846 1706971567131
3847 1706971567189
3848 1706971567256
3849 1706971567314
3850 1706971567375
3851 1706971567433
3852 1706971567495
3853 1706971567553
3854 1706971567614
3855 1706971567673
3856 1706971567735
3857 1706971567798
3858 1706971567856
3859 1706971567919
3860 1706971567978
3861 1706971568040
3862 1706971568099
3863 1706971568157
3864 1706971568219
3865 1706971568283
3866 1706971568343
3867 1706971568401
3868 1706971568461
3869 1706971568523
3870 1706971568583
3871 1706971568640
3872 1706971568700
3873 1706971568761
3874 1706971568827
3875 1706971568885
3876 1706971568947
3877 1706971569005
3878 1706971569067
3879 1706971569125
3880 1706971569188
3881 1706971569245
3882 1706971569311
3883 1706971569369
3884 1706971569431
3885 1706971569489
3886 1706971569549
3887 1706971569610
3888 1706971569669
3889 1706971569731
3890 1706971569789
3891 1706971569856
3892 1706971569915
3893 1706971569973
3894 1706971570035
3895 1706971570094
3896 1706971570156
3897 1706971570215
3898 1706971570273
3899 1706971570333
3900 1706971570399
3901 1706971570458
3902 1706971570518
3903 1706971570578
3904 1706971570637
3905 1706971570699
3906 1706971570759
3907 1706971570820
3908 1706971570882
3909 1706971570942
3910 1706971571001
3911 1706971571063
3912 1706971571123
3913 1706971571182
3914 1706971571242
3915 1706971571303
3916 1706971571363
3917 1706971571425
3918 1706971571487
3919 1706971571546
3920 1706971571607
3921 1706971571666
3922 1706971571726
3923 1706971571787
3924 1706971571845
3925 1706971571911
3926 1706971571971
3927 1706971572029
3928 1706971572091
3929 1706971572151
3930 1706971572210
3931 1706971572271
3932 1706971572331
3933 1706971572391
3934 1706971572455
3935 1706971572513
3936 1706971572575
3937 1706971572635
3938 1706971572695
3939 1706971572753
3940 1706971572814
3941 1706971572873
3942 1706971572934
3943 1706971572997
3944 1706971573059
3945 1706971573119
3946 1706971573179
3947 1706971573239
3948 1706971573299
3949 1706971573359
3950 1706971573419
3951 1706971573483
3952 1706971573543
3953 1706971573603
3954 1706971573663
3955 1706971573722
3956 1706971573783
3957 1706971573842
3958 1706971573902
3959 1706971573962
3960 1706971574027
3961 1706971574085
3962 1706971574147
3963 1706971574206
3964 1706971574267
3965 1706971574326
3966 1706971574385
3967 1706971574447
3968 1706971574510
3969 1706971574571
3970 1706971574629
3971 1706971574691
3972 1706971574750
3973 1706971574811
3974 1706971574870
3975 1706971574931
3976 1706971574990
3977 1706971575055
3978 1706971575116
3979 1706971575173
3980 1706971575233
3981 1706971575296
3982 1706971575355
3983 1706971575413
3984 1706971575475
3985 1706971575535
3986 1706971575599
3987 1706971575659
3988 1706971575719
3989 1706971575779
3990 1706971575839
3991 1706971575898
3992 1706971575959
3993 1706971576019
3994 1706971576083
3995 1706971576143
3996 1706971576203
3997 1706971576263
3998 1706971576322
3999 1706971576383
4000 1706971576443
4001 1706971576503
4002 1706971576564
4003 1706971576625
4004 1706971576687
4005 1706971576747
4006 1706971576807
4007 1706971576865
4008 1706971576926
4009 1706971576987
4010 1706971577047
4011 1706971577108
4012 1706971577170
4013 1706971577231
4014 1706971577291
4015 1706971577350
4016 1706971577410
4017 1706971577471
4018 1706971577531
4019 1706971577590
4020 1706971577653
4021 1706971577716
4022 1706971577773
4023 1706971577835
4024 1706971577895
4025 1706971577953
4026 1706971578014
4027 1706971578075
4028 1706971578134
4029 1706971578199
4030 1706971578257
4031 1706971578320
4032 1706971578378
4033 1706971578440
4034 1706971578497
4035 1706971578560
4036 1706971578618
4037 1706971578683
4038 1706971578741
4039 1706971578802
4040 1706971578863
4041 1706971578921
4042 1706971578983
4043 1706971579041
4044 1706971579101
4045 1706971579163
4046 1706971579228
4047 1706971579285
4048 1706971579347
4049 1706971579407
4050 1706971579465
4051 1706971579526
4052 1706971579585
4053 1706971579647
4054 1706971579706
4055 1706971579771
4056 1706971579831
4057 1706971579889
4058 1706971579952
4059 1706971580009
4060 1706971580069
4061 1706971580131
4062 1706971580190
4063 1706971580256
4064 1706971580314
4065 1706971580374
4066 1706971580436
4067 1706971580495
4068 1706971580555
4069 1706971580616
4070 1706971580675
4071 1706971580736
4072 1706971580797
4073 1706971580860
4074 1706971580919
4075 1706971580977
4076 1706971581038
4077 1706971581097
4078 1706971581159
4079 1706971581219
4080 1706971581281
4081 1706971581343
4082 1706971581402
4083 1706971581464
4084 1706971581523
4085 1706971581583
4086 1706971581643
4087 1706971581701
4088 1706971581763
4089 1706971581827
4090 1706971581887
4091 1706971581945
4092 1706971582006
4093 1706971582067
4094 1706971582126
4095 1706971582187
4096 1706971582245
4097 1706971582308
4098 1706971582372
4099 1706971582430
4100 1706971582492
4101 1706971582549
4102 1706971582612
4103 1706971582669
4104 1706971582732
4105 1706971582789
4106 1706971582856
4107 1706971582914
4108 1706971582973
4109 1706971583035
4110 1706971583094
4111 1706971583155
4112 1706971583213
4113 1706971583275
4114 1706971583333
4115 1706971583400
4116 1706971583457
4117 1706971583520
4118 1706971583578
4119 1706971583640
4120 1706971583699
4121 1706971583758
4122 1706971583819
4123 1706971583883
4124 1706971583943
4125 1706971584003
4126 1706971584063
4127 1706971584124
4128 1706971584183
4129 1706971584243
4130 1706971584302
4131 1706971584364
4132 1706971584427
4133 1706971584487
4134 1706971584547
4135 1706971584607
4136 1706971584668
4137 1706971584725
4138 1706971584788
4139 1706971584846
4140 1706971584906
4141 1706971584971
4142 1706971585030
4143 1706971585092
4144 1706971585150
4145 1706971585210
4146 1706971585271
4147 1706971585330
4148 1706971585391
4149 1706971585453
4150 1706971585515
4151 1706971585574
4152 1706971585635
4153 1706971585695
4154 1706971585755
4155 1706971585816
4156 1706971585875
4157 1706971585934
4158 1706971585999
4159 1706971586058
4160 1706971586118
4161 1706971586179
4162 1706971586238
4163 1706971586300
4164 1706971586357
4165 1706971586418
4166 1706971586482
4167 1706971586544
4168 1706971586603
4169 1706971586661
4170 1706971586723
4171 1706971586783
4172 1706971586841
4173 1706971586903
4174 1706971586962
4175 1706971587028
4176 1706971587087
4177 1706971587145
4178 1706971587208
4179 1706971587267
4180 1706971587327
4181 1706971587386
4182 1706971587448
4183 1706971587506
4184 1706971587571
4185 1706971587631
4186 1706971587691
4187 1706971587751
4188 1706971587810
4189 1706971587869
4190 1706971587932
4191 1706971587989
4192 1706971588056
4193 1706971588113
4194 1706971588175
4195 1706971588234
4196 1706971588293
4197 1706971588355
4198 1706971588413
4199 1706971588476
4200 1706971588533
4201 1706971588599
4202 1706971588658
4203 1706971588720
4204 1706971588777
4205 1706971588839
4206 1706971588899
4207 1706971588958
4208 1706971589020
4209 1706971589081
4210 1706971589143
4211 1706971589201
4212 1706971589262
4213 1706971589322
4214 1706971589383
4215 1706971589441
4216 1706971589504
4217 1706971589561
4218 1706971589628
4219 1706971589685
4220 1706971589748
4221 1706971589805
4222 1706971589868
4223 1706971589925
4224 1706971589985
4225 1706971590048
4226 1706971590105
4227 1706971590172
4228 1706971590231
4229 1706971590292
4230 1706971590349
4231 1706971590412
4232 1706971590469
4233 1706971590532
4234 1706971590589
4235 1706971590656
4236 1706971590713
4237 1706971590776
4238 1706971590836
4239 1706971590896
4240 1706971590956
4241 1706971591013
4242 1706971591074
4243 1706971591134
4244 1706971591197
4245 1706971591260
4246 1706971591317
4247 1706971591380
4248 1706971591437
4249 1706971591498
4250 1706971591558
4251 1706971591620
4252 1706971591683
4253 1706971591741
4254 1706971591804
4255 1706971591861
4256 1706971591921
4257 1706971591982
4258 1706971592041
4259 1706971592104
4260 1706971592161
4261 1706971592227
4262 1706971592288
4263 1706971592345
4264 1706971592407
4265 1706971592465
4266 1706971592527
4267 1706971592587
4268 1706971592645
4269 1706971592707
4270 1706971592771
4271 1706971592830
4272 1706971592889
4273 1706971592952
4274 1706971593009
4275 1706971593072
4276 1706971593129
4277 1706971593191
4278 1706971593253
4279 1706971593315
4280 1706971593374
4281 1706971593433
4282 1706971593496
4283 1706971593554
4284 1706971593613
4285 1706971593676
4286 1706971593733
4287 1706971593800
4288 1706971593857
4289 1706971593919
4290 1706971593980
4291 1706971594037
4292 1706971594097
4293 1706971594157
4294 1706971594219
4295 1706971594284
4296 1706971594343
4297 1706971594403
4298 1706971594462
4299 1706971594524
4300 1706971594582
4301 1706971594642
4302 1706971594702
4303 1706971594762
4304 1706971594828
4305 1706971594885
4306 1706971594948
4307 1706971595005
4308 1706971595067
4309 1706971595125
4310 1706971595186
4311 1706971595245
4312 1706971595308
4313 1706971595370
4314 1706971595429
4315 1706971595492
4316 1706971595549
4317 1706971595612
4318 1706971595669
4319 1706971595731
4320 1706971595792
4321 1706971595854
4322 1706971595914
4323 1706971595976
4324 1706971596033
4325 1706971596096
4326 1706971596156
4327 1706971596216
4328 1706971596274
4329 1706971596336
4330 1706971596400
4331 1706971596457
4332 1706971596518
4333 1706971596579
4334 1706971596640
4335 1706971596698
4336 1706971596760
4337 1706971596820
4338 1706971596879
4339 1706971596941
4340 1706971597003
4341 1706971597061
4342 1706971597123
4343 1706971597181
4344 1706971597244
4345 1706971597302
4346 1706971597362
4347 1706971597427
4348 1706971597486
4349 1706971597548
4350 1706971597606
4351 1706971597667
4352 1706971597726
4353 1706971597788
4354 1706971597846
4355 1706971597906
4356 1706971597971
4357 1706971598029
4358 1706971598092
4359 1706971598151
4360 1706971598210
4361 1706971598272
4362 1706971598332
4363 1706971598389
4364 1706971598456
4365 1706971598514
4366 1706971598574
4367 1706971598636
4368 1706971598693
4369 1706971598753
4370 1706971598816
4371 1706971598873
4372 1706971598936
4373 1706971598998
4374 1706971599059
4375 1706971599117
4376 1706971599180
4377 1706971599237
4378 1706971599300
4379 1706971599357
4380 1706971599420
4381 1706971599479
4382 1706971599541
4383 1706971599603
4384 1706971599661
4385 1706971599724
4386 1706971599781
4387 1706971599844
4388 1706971599901
4389 1706971599964
4390 1706971600026
4391 1706971600087
4392 1706971600147
4393 1706971600207
4394 1706971600265
4395 1706971600328
4396 1706971600386
4397 1706971600448
4398 1706971600508
4399 1706971600570
4400 1706971600631
4401 1706971600691
4402 1706971600751
4403 1706971600811
4404 1706971600871
4405 1706971600931
4406 1706971600991
4407 1706971601053
4408 1706971601114
4409 1706971601176
4410 1706971601235
4411 1706971601293
4412 1706971601356
4413 1706971601415
4414 1706971601475
4415 1706971601534
4416 1706971601599
4417 1706971601661
4418 1706971601720
4419 1706971601778
4420 1706971601838
4421 1706971601900
4422 1706971601957
4423 1706971602017
4424 1706971602080
4425 1706971602141
4426 1706971602202
4427 1706971602261
4428 1706971602324
4429 1706971602381
4430 1706971602441
4431 1706971602504
4432 1706971602564
4433 1706971602626
4434 1706971602686
4435 1706971602748
4436 1706971602805
4437 1706971602868
4438 1706971602927
4439 1706971602985
4440 1706971603048
4441 1706971603105
4442 1706971603172
4443 1706971603231
4444 1706971603290
4445 1706971603352
4446 1706971603411
4447 1706971603470
4448 1706971603531
4449 1706971603591
4450 1706971603655
4451 1706971603715
4452 1706971603776
4453 1706971603836
4454 1706971603895
4455 1706971603956
4456 1706971604016
4457 1706971604076
4458 1706971604136
4459 1706971604198
4460 1706971604260
4461 1706971604320
4462 1706971604379
4463 1706971604438
4464 1706971604498
4465 1706971604559
4466 1706971604618
4467 1706971604680
4468 1706971604744
4469 1706971604804
4470 1706971604864
4471 1706971604922
4472 1706971604985
4473 1706971605043
4474 1706971605101
4475 1706971605162
4476 1706971605226
4477 1706971605287
4478 1706971605345
4479 1706971605407
4480 1706971605466
4481 1706971605528
4482 1706971605585
4483 1706971605647
4484 1706971605706
4485 1706971605772
4486 1706971605829
4487 1706971605892
4488 1706971605950
4489 1706971606010
4490 1706971606070
4491 1706971606132
4492 1706971606189
4493 1706971606256
4494 1706971606313
4495 1706971606373
4496 1706971606436
4497 1706971606494
4498 1706971606554
4499 1706971606613
4500 1706971606675
4501 1706971606734
4502 1706971606798
4503 1706971606857
4504 1706971606920
4505 1706971606977
4506 1706971607037
4507 1706971607100
4508 1706971607157
4509 1706971607220
4510 1706971607278
4511 1706971607341
4512 1706971607404
4513 1706971607462
4514 1706971607522
4515 1706971607581
4516 1706971607644
4517 1706971607701
4518 1706971607763
4519 1706971607825
4520 1706971607888
4521 1706971607945
4522 1706971608007
4523 1706971608065
4524 1706971608128
4525 1706971608185
4526 1706971608246
4527 1706971608305
4528 1706971608372
4529 1706971608430
4530 1706971608489
4531 1706971608552
4532 1706971608609
4533 1706971608672
4534 1706971608730
4535 1706971608790
4536 1706971608856
4537 1706971608916
4538 1706971608973
4539 1706971609034
4540 1706971609096
4541 1706971609156
4542 1706971609213
4543 1706971609273
4544 1706971609334
4545 1706971609399
4546 1706971609460
4547 1706971609517
4548 1706971609578
4549 1706971609638
4550 1706971609699
4551 1706971609758
4552 1706971609818
4553 1706971609878
4554 1706971609944
4555 1706971610001
4556 1706971610063
4557 1706971610123
4558 1706971610182
4559 1706971610243
4560 1706971610301
4561 1706971610364
4562 1706971610425
4563 1706971610489
4564 1706971610545
4565 1706971610605
4566 1706971610668
4567 1706971610725
4568 1706971610786
4569 1706971610848
4570 1706971610905
4571 1706971610972
4572 1706971611029
4573 1706971611091
4574 1706971611152
4575 1706971611210
4576 1706971611272
4577 1706971611329
4578 1706971611392
4579 1706971611454
4580 1706971611513
4581 1706971611576
4582 1706971611634
4583 1706971611696
4584 1706971611753
4585 1706971611816
4586 1706971611874
4587 1706971611935
4588 1706971611997
4589 1706971612060
4590 1706971612117
4591 1706971612180
4592 1706971612238
4593 1706971612297
4594 1706971612360
4595 1706971612420
4596 1706971612479
4597 1706971612541
4598 1706971612603
4599 1706971612664
4600 1706971612722
4601 1706971612782
4602 1706971612844
4603 1706971612903
4604 1706971612964
4605 1706971613025
4606 1706971613088
4607 1706971613148
4608 1706971613206
4609 1706971613265
4610 1706971613328
4611 1706971613388
4612 1706971613446
4613 1706971613505
4614 1706971613572
4615 1706971613629
4616 1706971613691
4617 1706971613750
4618 1706971613813
4619 1706971613870
4620 1706971613931
4621 1706971613991
4622 1706971614054
4623 1706971614116
4624 1706971614176
4625 1706971614233
4626 1706971614296
4627 1706971614356
4628 1706971614416
4629 1706971614474
4630 1706971614536
4631 1706971614600
4632 1706971614660
4633 1706971614719
4634 1706971614778
4635 1706971614840
4636 1706971614899
4637 1706971614959
4638 1706971615020
4639 1706971615080
4640 1706971615143
4641 1706971615202
4642 1706971615264
4643 1706971615324
4644 1706971615384
4645 1706971615444
4646 1706971615504
4647 1706971615564
4648 1706971615627
4649 1706971615687
4650 1706971615746
4651 1706971615807
4652 1706971615868
4653 1706971615927
4654 1706971615988
4655 1706971616052
4656 1706971616105
4657 1706971616169
4658 1706971616232
4659 1706971616292
4660 1706971616353
4661 1706971616412
4662 1706971616472
4663 1706971616531
4664 1706971616589
4665 1706971616656
4666 1706971616716
4667 1706971616774
4668 1706971616836
4669 1706971616894
4670 1706971616956
4671 1706971617016
4672 1706971617074
4673 1706971617133
4674 1706971617200
4675 1706971617258
4676 1706971617318
4677 1706971617379
4678 1706971617439
4679 1706971617499
4680 1706971617558
4681 1706971617619
4682 1706971617678
4683 1706971617742
4684 1706971617804
4685 1706971617861
4686 1706971617924
4687 1706971617984
4688 1706971618041
4689 1706971618104
4690 1706971618161
4691 1706971618228
4692 1706971618285
4693 1706971618347
4694 1706971618408
4695 1706971618465
4696 1706971618528
4697 1706971618586
4698 1706971618648
4699 1706971618708
4700 1706971618769
4701 1706971618832
4702 1706971618890
4703 1706971618952
4704 1706971619011
4705 1706971619071
4706 1706971619130
4707 1706971619191
4708 1706971619255
4709 1706971619315
4710 1706971619374
4711 1706971619434
4712 1706971619495
4713 1706971619554
4714 1706971619614
4715 1706971619676
4716 1706971619734
4717 1706971619799
4718 1706971619860
4719 1706971619921
4720 1706971619977
4721 1706971620038
4722 1706971620099
4723 1706971620158
4724 1706971620217
4725 1706971620280
4726 1706971620342
4727 1706971620404
4728 1706971620462
4729 1706971620522
4730 1706971620584
4731 1706971620642
4732 1706971620702
4733 1706971620763
4734 1706971620828
4735 1706971620886
4736 1706971620947
4737 1706971621008
4738 1706971621066
4739 1706971621127
4740 1706971621187
4741 1706971621246
4742 1706971621308
4743 1706971621372
4744 1706971621432
4745 1706971621489
4746 1706971621552
4747 1706971621612
4748 1706971621672
4749 1706971621732
4750 1706971621790
4751 1706971621852
4752 1706971621916
4753 1706971621976
4754 1706971622036
4755 1706971622094
4756 1706971622156
4757 1706971622216
4758 1706971622276
4759 1706971622336
4760 1706971622400
4761 1706971622459
4762 1706971622519
4763 1706971622580
4764 1706971622640
4765 1706971622700
4766 1706971622760
4767 1706971622818
4768 1706971622878
4769 1706971622943
4770 1706971623004
4771 1706971623062
4772 1706971623121
4773 1706971623184
4774 1706971623242
4775 1706971623304
4776 1706971623362
4777 1706971623425
4778 1706971623488
4779 1706971623548
4780 1706971623608
4781 1706971623666
4782 1706971623728
4783 1706971623788
4784 1706971623846
4785 1706971623907
4786 1706971623971
4787 1706971624030
4788 1706971624090
4789 1706971624151
4790 1706971624213
4791 1706971624269
4792 1706971624331
4793 1706971624392
4794 1706971624449
4795 1706971624514
4796 1706971624576
4797 1706971624634
4798 1706971624693
4799 1706971624756
4800 1706971624817
4801 1706971624874
4802 1706971624933
4803 1706971625000
4804 1706971625058
4805 1706971625119
4806 1706971625177
4807 1706971625240
4808 1706971625297
4809 1706971625360
4810 1706971625418
4811 1706971625478
4812 1706971625544
4813 1706971625604
4814 1706971625662
4815 1706971625722
4816 1706971625784
4817 1706971625844
4818 1706971625902
4819 1706971625962
4820 1706971626028
4821 1706971626086
4822 1706971626146
4823 1706971626206
4824 1706971626268
4825 1706971626326
4826 1706971626388
4827 1706971626446
4828 1706971626508
4829 1706971626570
4830 1706971626630
4831 1706971626690
4832 1706971626752
4833 1706971626812
4834 1706971626870
4835 1706971626930
4836 1706971626992
4837 1706971627050
4838 1706971627114
4839 1706971627173
4840 1706971627236
4841 1706971627296
4842 1706971627353
4843 1706971627414
4844 1706971627476
4845 1706971627534
4846 1706971627598
4847 1706971627658
4848 1706971627721
4849 1706971627777
4850 1706971627838
4851 1706971627898
4852 1706971627957
4853 1706971628020
4854 1706971628077
4855 1706971628143
4856 1706971628202
4857 1706971628262
4858 1706971628324
4859 1706971628381
4860 1706971628444
4861 1706971628502
4862 1706971628564
4863 1706971628626
4864 1706971628688
4865 1706971628746
4866 1706971628806
4867 1706971628868
4868 1706971628926
4869 1706971628987
4870 1706971629045
4871 1706971629108
4872 1706971629170
4873 1706971629232
4874 1706971629290
4875 1706971629350
4876 1706971629415
4877 1706971629472
4878 1706971629530
4879 1706971629590
4880 1706971629652
4881 1706971629717
4882 1706971629774
4883 1706971629836
4884 1706971629896
4885 1706971629956
4886 1706971630017
4887 1706971630076
4888 1706971630136
4889 1706971630200
4890 1706971630260
4891 1706971630318
4892 1706971630377
4893 1706971630441
4894 1706971630500
4895 1706971630560
4896 1706971630620
4897 1706971630680
4898 1706971630742
4899 1706971630803
4900 1706971630865
4901 1706971630924
4902 1706971630984
4903 1706971631044
4904 1706971631104
4905 1706971631164
4906 1706971631228
4907 1706971631287
4908 1706971631347
4909 1706971631407
4910 1706971631467
4911 1706971631526
4912 1706971631586
4913 1706971631649
4914 1706971631706
4915 1706971631769
4916 1706971631832
4917 1706971631889
4918 1706971631950
4919 1706971632010
4920 1706971632072
4921 1706971632130
4922 1706971632190
4923 1706971632251
4924 1706971632316
4925 1706971632376
4926 1706971632434
4927 1706971632493
4928 1706971632553
4929 1706971632616
4930 1706971632673
4931 1706971632735
4932 1706971632798
4933 1706971632860
4934 1706971632917
4935 1706971632978
4936 1706971633040
4937 1706971633097
4938 1706971633158
4939 1706971633217
4940 1706971633280
4941 1706971633342
4942 1706971633402
4943 1706971633462
4944 1706971633522
4945 1706971633584
4946 1706971633641
4947 1706971633704
4948 1706971633761
4949 1706971633828
4950 1706971633886
4951 1706971633947
4952 1706971634006
4953 1706971634068
4954 1706971634126
4955 1706971634185
4956 1706971634248
4957 1706971634306
4958 1706971634372
4959 1706971634430
4960 1706971634492
4961 1706971634550
4962 1706971634610
4963 1706971634672
4964 1706971634732
4965 1706971634790
4966 1706971634849
4967 1706971634916
4968 1706971634976
4969 1706971635036
4970 1706971635093
4971 1706971635156
4972 1706971635218
4973 1706971635274
4974 1706971635336
4975 1706971635398
4976 1706971635460
4977 1706971635518
4978 1706971635578
4979 1706971635640
4980 1706971635698
4981 1706971635760
4982 1706971635818
4983 1706971635880
4984 1706971635942
4985 1706971636004
4986 1706971636064
4987 1706971636122
4988 1706971636184
4989 1706971636244
4990 1706971636304
4991 1706971636364
4992 1706971636428
4993 1706971636488
4994 1706971636548
4995 1706971636606
4996 1706971636668
4997 1706971636728
4998 1706971636786
4999 1706971636848
5000 1706971636906
5001 1706971636972
5002 1706971637030
5003 1706971637090
5004 1706971637152
5005 1706971637212
5006 1706971637270
5007 1706971637330
5008 1706971637392
5009 1706971637452
5010 1706971637516
5011 1706971637574
5012 1706971637636
5013 1706971637694
5014 1706971637754
5015 1706971637814
5016 1706971637876
5017 1706971637936
5018 1706971637998
5019 1706971638058
5020 1706971638120
5021 1706971638178
5022 1706971638238
5023 1706971638301
5024 1706971638358
5025 1706971638420
5026 1706971638478
5027 1706971638543
5028 1706971638604
5029 1706971638662
5030 1706971638723
5031 1706971638782
5032 1706971638844
5033 1706971638902
5034 1706971638962
5035 1706971639024
5036 1706971639086
5037 1706971639148
5038 1706971639206
5039 1706971639266
5040 1706971639329
5041 1706971639386
5042 1706971639446
5043 1706971639506
5044 1706971639570
5045 1706971639635
5046 1706971639692
5047 1706971639749
5048 1706971639810
5049 1706971639872
5050 1706971639930
5051 1706971639992
5052 1706971640049
5053 1706971640116
5054 1706971640174
5055 1706971640236
5056 1706971640297
5057 1706971640353
5058 1706971640413
5059 1706971640474
5060 1706971640536
5061 1706971640600
5062 1706971640660
5063 1706971640720
5064 1706971640780
5065 1706971640840
5066 1706971640900
5067 1706971640960
5068 1706971641020
5069 1706971641078
5070 1706971641144
5071 1706971641202
5072 1706971641263
5073 1706971641323
5074 1706971641384
5075 1706971641443
5076 1706971641502
5077 1706971641564
5078 1706971641628
5079 1706971641690
5080 1706971641746
5081 1706971641806
5082 1706971641868
5083 1706971641928
5084 1706971641985
5085 1706971642048
5086 1706971642108
5087 1706971642172
5088 1706971642232
5089 1706971642292
5090 1706971642350
5091 1706971642412
5092 1706971642470
5093 1706971642530
5094 1706971642592
5095 1706971642650
5096 1706971642716
5097 1706971642774
5098 1706971642836
5099 1706971642896
5100 1706971642953
5101 1706971643016
5102 1706971643074
5103 1706971643135
5104 1706971643199
5105 1706971643258
5106 1706971643320
5107 1706971643379
5108 1706971643438
5109 1706971643498
5110 1706971643559
5111 1706971643619
5112 1706971643677
5113 1706971643745
5114 1706971643802
5115 1706971643865
5116 1706971643923
5117 1706971643983
5118 1706971644043
5119 1706971644105
5120 1706971644161
5121 1706971644224
5122 1706971644286
5123 1706971644349
5124 1706971644406
5125 1706971644466
5126 1706971644528
5127 1706971644586
5128 1706971644648
5129 1706971644706
5130 1706971644773
5131 1706971644832
5132 1706971644890
5133 1706971644953
5134 1706971645010
5135 1706971645073
5136 1706971645130
5137 1706971645192
5138 1706971645252
5139 1706971645315
5140 1706971645375
