743 0.689195 3.5431 148 455
1455 0.627392 4.06142 166 436
2216 0.652251 4.58113 179 429
3042 0.644783 5.09411 191 395
4064 0.635209 5.56837 198 382
5085 0.644166 6.10099 208 367
6131 0.633888 6.58767 213 359
7202 0.685018 7.07686 219 349
8368 0.663944 7.60661 223 342
9630 0.661549 8.11017 228 337
10812 0.631851 8.58703 232 335
12036 0.684107 9.09498 235 324
13160 0.687806 9.57919 238 317
14265 0.788136 10.1367 241 315
15530 0.68979 10.5894 243 313
16767 0.698732 11.1159 246 309
17935 0.749768 11.5632 248 300
19170 0.713161 12.0721 250 296
20328 0.873994 12.5483 252 295
21546 0.843211 13.0412 254 293
22587 0.866182 13.5041 254 290
23610 0.783222 14.0664 256 288
24585 0.646998 14.5955 257 287
25793 0.675202 14.9877 260 286
26645 0.767463 15.5951 261 287
27488 0.677314 16.118 261 283
28410 0.856142 16.6121 262 280
29427 0.874231 17.1183 263 278
30312 1.34152 17.0965 274 278
31417 1.24183 16.5751 274 279
32466 0.903701 16.0719 273 281
33827 0.950977 15.5698 272 282
35096 1.09699 15.0878 271 285
35956 1.06468 14.6126 271 287
36788 0.92187 14.0534 269 290
37602 0.86923 13.5631 268 291
38469 0.940671 13.0995 267 292
39438 0.859808 12.5314 266 294
40344 1.07787 12.1217 265 296
41105 1.08547 11.5898 264 302
41760 0.958392 11.0901 264 307
42362 1.02879 10.5922 262 312
42999 0.93848 10.075 260 313
43648 1.05608 9.57807 258 319
44227 1.12142 9.1021 257 324
44806 1.03355 8.57214 255 328
45426 1.03368 8.07555 253 336
46141 1.03179 7.6022 248 341
46981 1.0176 7.1067 246 350
47705 1.00926 6.57561 242 360
48440 1.03093 6.08538 237 372
49219 1.02062 5.57346 232 383
49974 1.03254 5.12276 227 398
50754 1.0442 4.58335 221 416
51381 1.04944 4.06907 212 440
51980 1.00384 3.58275 200 461
52340 1.00515 3.24995 199 480
53124 1.44758 3.09693 244 504
53823 1.50107 3.52635 250 465
54512 1.53415 4.04025 255 438
55144 1.49023 4.56975 258 420
55829 1.47672 5.07495 262 397
56555 1.52265 5.5757 265 379
57311 1.52899 6.0637 267 370
57907 1.52647 6.56306 270 358
58543 1.52292 7.07342 271 347
59110 1.57138 7.56342 272 340
59758 1.52229 8.06198 273 335
60495 1.52715 8.56645 276 329
61336 1.52787 9.08531 276 323
61999 1.52137 9.60381 278 319
62663 1.40878 10.0743 279 315
63248 1.41729 10.5655 279 312
63790 1.5002 11.0801 280 308
64307 1.39833 11.5828 281 303
64819 1.52426 12.1043 281 300
65306 1.16686 12.5003 281 298
65870 1.57772 13.0791 282 294
66362 1.30698 13.5528 283 292
66992 1.37873 14.0637 283 291
67531 1.56425 14.6119 284 289
68285 1.89771 15.071 285 287
69092 1.34447 15.5743 284 285
69642 1.18633 16.0927 285 282
70186 1.64631 16.5858 284 280
70818 1.48707 17.0816 285 280
71349 1.96133 17.1105 296 278
72004 1.94812 16.5823 296 280
72620 1.78441 16.1291 296 282
73206 2.17346 15.4664 297 284
73783 1.30758 15.0238 296 285
74318 1.99381 14.6059 296 288
74780 1.95104 14.1121 296 289
75283 1.85149 13.6023 296 293
75755 1.89849 13.1001 296 296
76284 1.65839 12.6155 297 297
76855 1.90873 12.1215 296 300
77456 1.87894 11.6016 296 303
77971 2.00442 11.1093 297 307
78496 1.75559 10.5974 296 312
79010 1.86231 10.0912 297 315
79497 1.89124 9.59231 297 320
80054 1.86584 9.10501 296 326
80622 1.86034 8.61677 297 327
81154 1.87086 8.09078 296 335
81749 1.87062 7.58494 296 343
82390 1.87963 7.10764 297 352
82988 1.84891 6.57858 297 362
83622 1.84657 6.07499 296 369
84203 1.85072 5.58378 298 387
84664 1.81686 5.11034 296 392
85091 1.79601 4.58724 299 425
85484 1.79417 4.1054 299 439
85959 1.81949 3.59631 299 462
86493 1.84495 3.16489 301 497
87026 2.35601 3.11108 356 501
87547 2.32148 3.55601 343 467
88014 2.28189 4.05331 341 442
88534 2.324 4.54866 338 419
89027 2.34024 5.04137 334 404
89578 2.34848 5.53295 332 385
90105 2.35343 6.02783 329 372
90616 2.32669 6.51549 326 365
91169 2.33584 7.06281 323 352
91695 2.30681 7.55763 321 346
92194 2.3652 8.05687 320 340
92721 2.38461 8.58162 318 333
93338 2.43006 9.0832 318 327
93980 2.38965 9.5514 316 320
94630 2.35759 10.0688 315 316
95157 2.10645 10.551 315 313
95696 2.44119 11.0802 314 311
96235 2.27692 11.5728 313 304
96888 2.47906 12.1085 313 300
97531 1.66562 12.4912 312 298
98063 2.54287 13.0461 311 296
98590 2.28366 13.586 310 294
99110 2.41216 14.0863 310 293
99623 2.37971 14.6013 309 292
100330 1.8937 15.0109 308 287
101223 2.44127 15.5766 307 285
101754 2.50608 16.0826 309 281
102290 2.55384 16.5407 309 280
102902 2.32486 17.115 308 279
103270 2.54873 17.1333 320 278
103770 2.56175 16.5807 319 281
104295 1.89708 16.175 320 280
104738 3.69424 15.3583 321 287
105478 2.59573 15.1047 322 290
105991 2.78952 14.6001 322 291
106487 2.61934 14.1063 323 292
106987 2.57549 13.62 324 294
107508 3.17499 13.0444 325 297
108000 2.3464 12.5339 326 299
108517 2.77226 12.0906 327 304
109047 2.75204 11.5802 329 304
109547 2.85689 11.0707 330 308
110088 2.54671 10.584 332 314
110671 2.83074 10.0853 334 318
111242 2.80073 9.59053 336 323
111880 2.66198 9.11165 337 328
112615 2.73476 8.58879 339 332
113352 2.68401 8.12229 342 338
114052 2.65563 7.60932 346 345
114691 2.65697 7.11688 349 353
115264 2.65807 6.62337 354 359
115866 2.65617 6.10819 358 375
116429 2.65213 5.61042 363 384
116922 2.63588 5.10862 370 403
117480 2.64537 4.60061 379 423
118021 2.65964 4.1123 385 447
118552 2.75373 3.61865 398 466
119208 2.71029 3.11191 412 508
119735 3.10792 3.0007 473 495
120260 3.2011 3.50813 446 469
120833 3.22847 4.04274 431 449
121424 3.15597 4.53738 416 429
122056 3.11091 5.07203 406 401
122684 3.08655 5.55275 396 386
123291 3.09906 6.06094 388 377
123898 3.09058 6.55255 381 367
124455 3.12328 7.06251 374 352
125014 3.12175 7.55469 369 347
125605 3.08248 8.0808 365 343
126182 3.1921 8.55744 360 335
126779 3.08023 9.07224 357 328
127273 3.21202 9.58672 354 323
127851 3.18458 10.0891 351 319
128492 2.96197 10.5809 349 315
129118 3.24423 11.0646 347 307
129848 3.22677 11.5528 344 304
130633 3.20657 12.0712 342 304
131403 3.1347 12.5465 341 299
132097 3.37646 13.0759 339 297
132830 3.24388 13.5497 337 296
133698 3.05532 14.1134 336 294
134470 3.50149 14.4763 335 291
135344 3.1231 15.1054 334 289
136127 2.80142 15.6054 333 287
136761 2.94474 16.0874 331 286
137406 3.07952 16.5655 330 284
138065 3.10187 17.0756 330 279