3.6120000004660837 3.0800000000000005
3.6119999995071095 3.58
3.612000000363154 4.08
3.612000000095123 4.58
3.612000000072905 5.08
3.612000000823563 5.58
3.6119999999466 6.08
3.611999998983821 6.58
3.6120000005601933 7.08
3.6120000004898793 7.58
3.612 8.08
3.6120000011363897 8.58
3.195333334206155 8.580000000166468
3.1953333337460146 8.080000000106804
3.1953333324064355 7.580000000139409
3.195333335052579 7.079999999644759
3.1953333346951265 6.579999999805979
3.1953333334350065 6.0799999996708785
3.195333334015583 5.579999999652111
3.1953333334157388 5.079999999778186
3.1953333325691347 4.580000000253558
3.19533333362494 4.080000000378894
3.195333332876778 3.5799999998498793
3.195333333499031 3.0799999997079297
2.7786666671313713 3.0799999999736034
2.778666666091311 3.5799999998734964
2.778666666757302 4.080000000398876
2.778666667302158 4.57999999971256
2.7786666671861195 5.080000000097693
2.7786666670508935 5.579999999590715
2.778666666705183 6.07999999962284
2.778666665973144 6.580000000296684
2.7786666672816582 7.079999999850554
2.778666667180818 7.579999999646826
2.7786666675626277 8.079999999657922
2.778666665016487 8.58000000001108
2.362 8.579999999555133
2.362 8.079999999932959
2.362 7.57999999965211
2.362 7.079999999977245
2.362 6.579999999930099
2.362 6.080000000460929
2.362 5.580000000180913
2.362 5.08
2.362 4.580000000140048
2.362 4.079999999983313
2.362 3.580000000030377
2.362 3.0799999994265805
1.9453333328686286 3.079999999973603
1.945333333011781 3.5800000003717787
1.9453333332426979 4.080000000398876
1.9453333326978424 4.57999999971256
1.9453333328138807 5.080000000097693
1.9453333329491067 5.579999999590715
1.9453333332948173 6.07999999962284
1.9453333340268562 6.580000000296684
1.945333332718342 7.079999999850554
1.9453333328191822 7.579999999646826
1.9453333324373727 8.079999999657922
1.9453333349835131 8.58000000001108
1.528666665793845 8.580000000166468
1.5286666662539854 8.080000000106804
1.5286666675935645 7.5800000001394086
1.528666664947421 7.079999999644759
1.5286666653048737 6.579999999805979
1.5286666665649935 6.0799999996708785
1.5286666659844173 5.579999999652111
1.5286666665842614 5.079999999778186
1.5286666674308655 4.580000000253558
1.5286666663750608 4.080000000378895
1.528666666096361 3.5800000001351178
1.5286666665009692 3.0799999997079297
1.1120000004928907 3.58
1.1120000003631543 4.08
1.1120000000951233 4.58
1.112000000072905 5.08
1.112000000823563 5.58
1.1120000000534003 6.08
1.1120000010429476 6.58
1.1120000005601933 7.08
1.1120000004898796 7.58
1.112 8.08
1.1120000011363895 8.58
