1 2.692582404
1.5 2.915475947
2 3.201562119
2.5 3.535533906
3 3.905124838
3.5 4.301162634
4 4.716990566
4.5 5.14781507
5 5.590169944
5.5 6.041522987
6 6.5
6.5 6.964194139
6.51334101 6.825707127
6.014450192 6.351399671
5.515760248 5.881349996
5.017331074 5.416666667
4.519248954 4.958858516
4.021642837 4.510019709
3.52471433 4.07311647
3.028796974 3.6524345
2.534484388 3.254270698
2.042941779 2.887953909
1.556795141 2.567153633
1.083333333 2.310904104
1.301708279 1.943650632
1.715938357 2.242270674
2.166666667 2.603416559
2.635231383 3.004626063
3.113590282 3.431876714
3.597838857 3.876567783
4.085883557 4.333333333
4.576510073 4.798726683
5.068968775 5.270462767
5.562773089 5.746979883
6.057593948 6.227180564
6.553201084 6.710274046
6.619101147 6.619101147
6.128825336 6.128825336
5.640257086 5.640257086
5.153882032 5.153882032
4.670385423 4.670385423
4.190763654 4.190763654
3.716517187 3.716517187
3.25 3.25
2.795084972 2.795084972
2.358495283 2.358495283
1.952562419 1.952562419
1.600781059 1.600781059
1.943650632 1.301708279
2.242270675 1.715938357
2.603416559 2.166666667
3.004626063 2.635231383
3.431876714 3.113590282
3.876567783 3.597838857
4.333333333 4.085883557
4.798726683 4.576510073
5.270462767 5.068968775
5.746979883 5.562773089
6.227180564 6.057593948
6.710274046 6.553201084
6.825707127 6.51334101
6.351399671 6.014450192
5.881349996 5.515760248
5.416666667 5.017331074
4.958858516 4.519248954
4.510019709 4.021642837
4.07311647 3.52471433
3.6524345 3.028796974
3.254270698 2.534484388
2.887953909 2.042941779
2.567153634 1.556795141
2.310904104 1.083333333
2.915475947 1.5
3.201562119 2
3.535533906 2.5
3.905124838 3
4.301162634 3.5
4.716990566 4
5.147815071 4.5
5.590169944 5
6.041522987 5.5
6.5 6
6.964194139 6.5