1 1708179309336
2 1708179309394
3 1708179309448
4 1708179309503
5 1708179309560
6 1708179309619
7 1708179309675
8 1708179309733
9 1708179309794
10 1708179309858
11 1708179309920
12 1708179309981
13 1708179310041
14 1708179310103
15 1708179310163
16 1708179310226
17 1708179310287
18 1708179310347
19 1708179310408
20 1708179310467
21 1708179310528
22 1708179310589
23 1708179310649
24 1708179310708
25 1708179310769
26 1708179310828
27 1708179310888
28 1708179310947
29 1708179311010
30 1708179311071
31 1708179311134
32 1708179311194
33 1708179311255
34 1708179311316
35 1708179311377
36 1708179311440
37 1708179311501
38 1708179311555
39 1708179311610
40 1708179311669
41 1708179311729
42 1708179311791
43 1708179311851
44 1708179311905
45 1708179311960
46 1708179312020
47 1708179312082
48 1708179312144
49 1708179312204
50 1708179312267
51 1708179312328
52 1708179312384
53 1708179312443
54 1708179312503
55 1708179312563
56 1708179312623
57 1708179312687
58 1708179312747
59 1708179312810
60 1708179312869
61 1708179312928
62 1708179312987
63 1708179313047
64 1708179313107
65 1708179313171
66 1708179313232
67 1708179313291
68 1708179313351
69 1708179313412
70 1708179313471
71 1708179313531
72 1708179313592
73 1708179313651
74 1708179313715
75 1708179313775
76 1708179313836
77 1708179313896
78 1708179313955
79 1708179314015
80 1708179314075
81 1708179314137
82 1708179314199
83 1708179314259
84 1708179314319
85 1708179314379
86 1708179314439
87 1708179314499
88 1708179314560
89 1708179314619
90 1708179314680
91 1708179314743
92 1708179314803
93 1708179314864
94 1708179314926
95 1708179314983
96 1708179315043
97 1708179315104
98 1708179315164
99 1708179315223
100 1708179315287
101 1708179315349
102 1708179315408
103 1708179315467
104 1708179315528
105 1708179315588
106 1708179315648
107 1708179315707
108 1708179315771
109 1708179315834
110 1708179315891
111 1708179315951
112 1708179316012
113 1708179316072
114 1708179316134
115 1708179316194
116 1708179316252
117 1708179316319
118 1708179316378
119 1708179316439
120 1708179316496
121 1708179316558
122 1708179316618
123 1708179316680
124 1708179316736
125 1708179316803
126 1708179316863
127 1708179316921
128 1708179316979
129 1708179317042
130 1708179317101
131 1708179317162
132 1708179317219
133 1708179317282
134 1708179317347
135 1708179317407
136 1708179317470
137 1708179317527
138 1708179317586
139 1708179317647
140 1708179317706
141 1708179317765
142 1708179317826
143 1708179317888
144 1708179317947
145 1708179318010
146 1708179318071
147 1708179318129
148 1708179318187
149 1708179318251
150 1708179318311
151 1708179318374
152 1708179318434
153 1708179318494
154 1708179318555
155 1708179318614
156 1708179318672
157 1708179318732
158 1708179318794
159 1708179318854
160 1708179318917
161 1708179318978
162 1708179319038
163 1708179319098
164 1708179319158
165 1708179319218
166 1708179319277
167 1708179319338
168 1708179319400
169 1708179319462
170 1708179319524
171 1708179319585
172 1708179319644
173 1708179319702
174 1708179319761
175 1708179319824
176 1708179319887
177 1708179319946
178 1708179320005
179 1708179320066
180 1708179320125
181 1708179320184
182 1708179320248
183 1708179320306
184 1708179320366
185 1708179320426
186 1708179320490
187 1708179320552
188 1708179320608
189 1708179320668
190 1708179320731
191 1708179320793
192 1708179320851
193 1708179320909
194 1708179320974
195 1708179321036
196 1708179321091
197 1708179321153
198 1708179321214
199 1708179321274
200 1708179321336
201 1708179321394
202 1708179321454
203 1708179321519
204 1708179321578
205 1708179321637
206 1708179321698
207 1708179321759
208 1708179321815
209 1708179321878
210 1708179321941
211 1708179322002
212 1708179322061
213 1708179322120
214 1708179322182
215 1708179322242
216 1708179322302
217 1708179322362
218 1708179322422
219 1708179322485
220 1708179322548
221 1708179322606
222 1708179322666
223 1708179322726
224 1708179322787
225 1708179322846
226 1708179322906
227 1708179322966
228 1708179323025
229 1708179323090
230 1708179323149
231 1708179323212
232 1708179323268
233 1708179323330
234 1708179323389
235 1708179323449
236 1708179323510
237 1708179323573
238 1708179323633
239 1708179323693
240 1708179323753
241 1708179323813
242 1708179323874
243 1708179323933
244 1708179323993
245 1708179324054
246 1708179324117
247 1708179324177
248 1708179324237
249 1708179324297
250 1708179324359
251 1708179324419
252 1708179324476
253 1708179324538
254 1708179324597
255 1708179324662
256 1708179324720
257 1708179324783
258 1708179324842
259 1708179324901
260 1708179324961
261 1708179325020
262 1708179325081
263 1708179325143
264 1708179325204
265 1708179325266
266 1708179325324
267 1708179325383
268 1708179325445
269 1708179325504
270 1708179325565
271 1708179325624
272 1708179325687
273 1708179325747
274 1708179325811
275 1708179325870
276 1708179325930
277 1708179325990
278 1708179326050
279 1708179326110
280 1708179326173
281 1708179326233
282 1708179326293
283 1708179326354
284 1708179326413
285 1708179326473
286 1708179326535
287 1708179326594
288 1708179326652
289 1708179326717
290 1708179326777
291 1708179326841
292 1708179326900
293 1708179326957
294 1708179327015
295 1708179327077
296 1708179327138
297 1708179327197
298 1708179327260
299 1708179327322
300 1708179327382
301 1708179327442
302 1708179327502
303 1708179327563
304 1708179327622
305 1708179327682
306 1708179327746
307 1708179327804
308 1708179327865
309 1708179327926
310 1708179327986
311 1708179328044
312 1708179328105
313 1708179328166
314 1708179328227
315 1708179328288
316 1708179328349
317 1708179328410
318 1708179328471
319 1708179328531
320 1708179328590
321 1708179328650
322 1708179328709
323 1708179328774
324 1708179328834
325 1708179328894
326 1708179328954
327 1708179329014
328 1708179329074
329 1708179329134
330 1708179329194
331 1708179329254
332 1708179329318
333 1708179329378
334 1708179329438
335 1708179329499
336 1708179329558
337 1708179329618
338 1708179329677
339 1708179329737
340 1708179329798
341 1708179329861
342 1708179329921
343 1708179329982
344 1708179330042
345 1708179330103
346 1708179330162
347 1708179330219
348 1708179330282
349 1708179330346
350 1708179330406
351 1708179330465
352 1708179330526
353 1708179330586
354 1708179330647
355 1708179330704
356 1708179330765
357 1708179330827
358 1708179330891
359 1708179330948
360 1708179331011
361 1708179331070
362 1708179331130
363 1708179331191
364 1708179331250
365 1708179331311
366 1708179331375
367 1708179331432
368 1708179331493
369 1708179331554
370 1708179331622
371 1708179331680
372 1708179331737
373 1708179331795
374 1708179331855
375 1708179331916
376 1708179331979
377 1708179332038
378 1708179332099
379 1708179332157
380 1708179332218
381 1708179332278
382 1708179332338
383 1708179332398
384 1708179332460
385 1708179332522
386 1708179332582
387 1708179332643
388 1708179332702
389 1708179332761
390 1708179332822
391 1708179332880
392 1708179332945
393 1708179333007
394 1708179333068
395 1708179333125
396 1708179333185
397 1708179333246
398 1708179333308
399 1708179333364
400 1708179333424
401 1708179333487
402 1708179333547
403 1708179333607
404 1708179333667
405 1708179333731
406 1708179333792
407 1708179333854
408 1708179333914
409 1708179333974
410 1708179334035
411 1708179334104
412 1708179334161
413 1708179334218
414 1708179334283
415 1708179334343
416 1708179334400
417 1708179334456
418 1708179334518
419 1708179334581
420 1708179334639
421 1708179334698
422 1708179334758
423 1708179334817
424 1708179334876
425 1708179334938
426 1708179334999
427 1708179335063
428 1708179335123
429 1708179335182
430 1708179335242
431 1708179335302
432 1708179335362
433 1708179335422
434 1708179335482
435 1708179335544
436 1708179335606
437 1708179335665
438 1708179335726
439 1708179335785
440 1708179335846
441 1708179335904
442 1708179335964
443 1708179336025
444 1708179336089
445 1708179336149
446 1708179336209
447 1708179336269
448 1708179336330
449 1708179336390
450 1708179336449
451 1708179336507
452 1708179336568
453 1708179336633
454 1708179336693
455 1708179336753
456 1708179336815
457 1708179336873
458 1708179336933
459 1708179336993
460 1708179337053
461 1708179337117
462 1708179337177
463 1708179337236
464 1708179337296
465 1708179337356
466 1708179337416
467 1708179337476
468 1708179337536
469 1708179337596
470 1708179337659
471 1708179337720
472 1708179337781
473 1708179337840
474 1708179337900
475 1708179337960
476 1708179338022
477 1708179338080
478 1708179338143
479 1708179338204
480 1708179338265
481 1708179338324
482 1708179338384
483 1708179338445
484 1708179338504
485 1708179338564
486 1708179338625
487 1708179338688
488 1708179338748
489 1708179338810
490 1708179338869
491 1708179338927
492 1708179338989
493 1708179339049
494 1708179339109
495 1708179339168
496 1708179339233
497 1708179339295
498 1708179339353
499 1708179339414
500 1708179339474
501 1708179339532
502 1708179339593
503 1708179339652
504 1708179339717
505 1708179339778
506 1708179339846
507 1708179339900
508 1708179339956
509 1708179340016
510 1708179340077
511 1708179340136
512 1708179340197
513 1708179340261
514 1708179340321
515 1708179340379
516 1708179340442
517 1708179340503
518 1708179340566
519 1708179340631
520 1708179340685
521 1708179340745
522 1708179340805
523 1708179340864
524 1708179340924
525 1708179340985
526 1708179341047
527 1708179341104
528 1708179341164
529 1708179341227
530 1708179341288
531 1708179341347
532 1708179341408
533 1708179341470
534 1708179341530
535 1708179341590
536 1708179341649
537 1708179341709
538 1708179341769
539 1708179341831
540 1708179341892
541 1708179341953
542 1708179342014
543 1708179342074
544 1708179342131
545 1708179342192
546 1708179342254
547 1708179342316
548 1708179342376
549 1708179342438
550 1708179342498
551 1708179342562
552 1708179342619
553 1708179342675
554 1708179342738
555 1708179342799
556 1708179342866
557 1708179342920
558 1708179342980
559 1708179343044
560 1708179343108
561 1708179343165
562 1708179343220
563 1708179343282
564 1708179343346
565 1708179343407
566 1708179343466
567 1708179343526
568 1708179343587
569 1708179343647
570 1708179343706
571 1708179343766
572 1708179343826
573 1708179343888
574 1708179343949
575 1708179344009
576 1708179344070
577 1708179344131
578 1708179344190
579 1708179344251
580 1708179344314
581 1708179344377
582 1708179344436
583 1708179344496
584 1708179344560
585 1708179344616
586 1708179344673
587 1708179344734
588 1708179344795
589 1708179344855
590 1708179344917
591 1708179344978
592 1708179345039
593 1708179345097
594 1708179345157
595 1708179345218
596 1708179345279
597 1708179345338
598 1708179345397
599 1708179345462
600 1708179345522
601 1708179345580
602 1708179345642
603 1708179345703
604 1708179345764
605 1708179345828
606 1708179345882
607 1708179345943
608 1708179346003
609 1708179346067
610 1708179346126
611 1708179346186
612 1708179346247
613 1708179346304
614 1708179346365
615 1708179346426
616 1708179346490
617 1708179346547
618 1708179346609
619 1708179346670
620 1708179346730
621 1708179346788
622 1708179346848
623 1708179346911
624 1708179346976
625 1708179347033
626 1708179347092
627 1708179347152
628 1708179347213
629 1708179347273
630 1708179347333
631 1708179347394
632 1708179347452
633 1708179347515
634 1708179347579
635 1708179347637
636 1708179347696
637 1708179347756
638 1708179347818
639 1708179347879
640 1708179347937
641 1708179347996
642 1708179348062
643 1708179348120
644 1708179348180
645 1708179348240
646 1708179348300
647 1708179348362
648 1708179348419
649 1708179348479
650 1708179348546
651 1708179348604
652 1708179348663
653 1708179348725
654 1708179348785
655 1708179348845
656 1708179348905
657 1708179348964
658 1708179349025
659 1708179349089
660 1708179349149
661 1708179349209
662 1708179349269
663 1708179349329
664 1708179349388
665 1708179349449
666 1708179349510
667 1708179349568
668 1708179349633
669 1708179349692
670 1708179349755
671 1708179349814
672 1708179349873
673 1708179349932
674 1708179349994
675 1708179350054
676 1708179350118
677 1708179350175
678 1708179350238
679 1708179350298
680 1708179350358
681 1708179350418
682 1708179350478
683 1708179350539
684 1708179350606
685 1708179350663
686 1708179350722
687 1708179350782
688 1708179350844
689 1708179350902
690 1708179350962
691 1708179351022
692 1708179351083
693 1708179351148
694 1708179351206
695 1708179351266
696 1708179351327
697 1708179351386
698 1708179351447
699 1708179351507
700 1708179351568
701 1708179351636
702 1708179351693
703 1708179351751
704 1708179351812
705 1708179351876
706 1708179351932
707 1708179351996
708 1708179352056
709 1708179352121
710 1708179352178
711 1708179352235
712 1708179352295
713 1708179352352
714 1708179352413
715 1708179352474
716 1708179352534
717 1708179352592
718 1708179352654
719 1708179352719
720 1708179352780
721 1708179352836
722 1708179352897
723 1708179352959
724 1708179353022
725 1708179353082
726 1708179353140
727 1708179353195
728 1708179353259
729 1708179353323
730 1708179353382
731 1708179353442
732 1708179353503
733 1708179353563
734 1708179353623
735 1708179353683
736 1708179353749
737 1708179353808
738 1708179353868
739 1708179353928
740 1708179353991
741 1708179354050
742 1708179354110
743 1708179354168
744 1708179354229
745 1708179354290
746 1708179354350
747 1708179354411
748 1708179354470
749 1708179354529
750 1708179354591
751 1708179354651
752 1708179354722
753 1708179354779
754 1708179354839
755 1708179354896
756 1708179354964
757 1708179355021
758 1708179355082
759 1708179355140
760 1708179355201
761 1708179355257
762 1708179355319
763 1708179355380
764 1708179355438
765 1708179355498
766 1708179355558
767 1708179355618
768 1708179355678
769 1708179355738
770 1708179355798
771 1708179355862
772 1708179355924
773 1708179355983
774 1708179356042
775 1708179356102
776 1708179356163
777 1708179356223
778 1708179356282
779 1708179356343
780 1708179356407
781 1708179356464
782 1708179356525
783 1708179356586
784 1708179356646
785 1708179356704
786 1708179356767
787 1708179356828
788 1708179356891
789 1708179356950
790 1708179357010
791 1708179357073
792 1708179357130
793 1708179357189
794 1708179357247
795 1708179357309
796 1708179357370
797 1708179357433
798 1708179357496
799 1708179357558
800 1708179357616
801 1708179357676
802 1708179357734
803 1708179357794
804 1708179357855
805 1708179357918
806 1708179357983
807 1708179358043
808 1708179358106
809 1708179358167
810 1708179358226
811 1708179358283
812 1708179358341
813 1708179358402
814 1708179358462
815 1708179358522
816 1708179358582
817 1708179358642
818 1708179358702
819 1708179358765
820 1708179358823
821 1708179358882
822 1708179358946
823 1708179359010
824 1708179359075
825 1708179359135
826 1708179359199
827 1708179359261
828 1708179359323
829 1708179359385
830 1708179359445
831 1708179359503
832 1708179359561
833 1708179359620
834 1708179359679
835 1708179359736
836 1708179359790
837 1708179359851
838 1708179359914
839 1708179359971
840 1708179360033
841 1708179360095
842 1708179360154
843 1708179360213
844 1708179360274
845 1708179360333
846 1708179360395
847 1708179360454
848 1708179360518
849 1708179360577
850 1708179360637
851 1708179360698
852 1708179360758
853 1708179360818
854 1708179360878
855 1708179360938
856 1708179360997
857 1708179361062
858 1708179361122
859 1708179361181
860 1708179361242
861 1708179361302
862 1708179361362
863 1708179361420
864 1708179361482
865 1708179361542
866 1708179361606
867 1708179361665
868 1708179361725
869 1708179361786
870 1708179361844
871 1708179361905
872 1708179361965
873 1708179362025
874 1708179362090
875 1708179362149
876 1708179362209
877 1708179362269
878 1708179362329
879 1708179362389
880 1708179362450
881 1708179362511
882 1708179362571
883 1708179362632
884 1708179362692
885 1708179362753
886 1708179362812
887 1708179362872
888 1708179362933
889 1708179362994
890 1708179363052
891 1708179363116
892 1708179363178
893 1708179363239
894 1708179363299
895 1708179363356
896 1708179363417
897 1708179363476
898 1708179363537
899 1708179363597
900 1708179363661
901 1708179363721
902 1708179363780
903 1708179363840
904 1708179363902
905 1708179363961
906 1708179364021
907 1708179364081
908 1708179364141
909 1708179364206
910 1708179364266
911 1708179364325
912 1708179364385
913 1708179364446
914 1708179364506
915 1708179364569
916 1708179364626
917 1708179364690
918 1708179364748
919 1708179364809
920 1708179364870
921 1708179364930
922 1708179364989
923 1708179365047
924 1708179365108
925 1708179365172
926 1708179365235
927 1708179365294
928 1708179365354
929 1708179365415
930 1708179365474
931 1708179365534
932 1708179365595
933 1708179365654
934 1708179365718
935 1708179365787
936 1708179365848
937 1708179365905
938 1708179365968
939 1708179366028
940 1708179366088
941 1708179366145
942 1708179366203
943 1708179366262
944 1708179366322
945 1708179366384
946 1708179366446
947 1708179366511
948 1708179366572
949 1708179366630
950 1708179366690
951 1708179366747
952 1708179366805
953 1708179366866
954 1708179366929
955 1708179366987
956 1708179367044
957 1708179367106
958 1708179367166
959 1708179367226
960 1708179367291
961 1708179367349
962 1708179367409
963 1708179367469
964 1708179367529
965 1708179367590
966 1708179367648
967 1708179367707
968 1708179367769
969 1708179367834
970 1708179367893
971 1708179367952
972 1708179368014
973 1708179368076
974 1708179368134
975 1708179368196
976 1708179368255
977 1708179368319
978 1708179368377
979 1708179368436
980 1708179368498
981 1708179368559
982 1708179368625
983 1708179368678
984 1708179368738
985 1708179368799
986 1708179368860
987 1708179368921
988 1708179368983
989 1708179369044
990 1708179369103
991 1708179369160
992 1708179369220
993 1708179369282
994 1708179369344
995 1708179369406
996 1708179369465
997 1708179369524
998 1708179369585
999 1708179369644
1000 1708179369704
1001 1708179369766
1002 1708179369828
1003 1708179369890
1004 1708179369950
1005 1708179370011
1006 1708179370075
1007 1708179370130
1008 1708179370189
1009 1708179370249
1010 1708179370310
1011 1708179370369
1012 1708179370434
1013 1708179370493
1014 1708179370552
1015 1708179370612
1016 1708179370672
1017 1708179370734
1018 1708179370795
1019 1708179370853
1020 1708179370918
1021 1708179370978
1022 1708179371038
1023 1708179371098
1024 1708179371158
1025 1708179371218
1026 1708179371277
1027 1708179371336
1028 1708179371398
1029 1708179371462
1030 1708179371523
1031 1708179371580
1032 1708179371642
1033 1708179371702
1034 1708179371762
1035 1708179371820
1036 1708179371880
1037 1708179371942
1038 1708179372006
1039 1708179372066
1040 1708179372127
1041 1708179372187
1042 1708179372248
1043 1708179372304
1044 1708179372363
1045 1708179372426
1046 1708179372490
1047 1708179372548
1048 1708179372607
1049 1708179372670
1050 1708179372729
1051 1708179372788
1052 1708179372848
1053 1708179372908
1054 1708179372969
1055 1708179373032
1056 1708179373091
1057 1708179373152
1058 1708179373214
1059 1708179373272
1060 1708179373331
1061 1708179373392
1062 1708179373455
1063 1708179373512
1064 1708179373575
1065 1708179373636
1066 1708179373698
1067 1708179373756
1068 1708179373815
1069 1708179373876
1070 1708179373938
1071 1708179373996
1072 1708179374059
1073 1708179374121
1074 1708179374180
1075 1708179374242
1076 1708179374301
1077 1708179374359
1078 1708179374421
1079 1708179374480
1080 1708179374539
1081 1708179374604
1082 1708179374666
1083 1708179374724
1084 1708179374784
1085 1708179374844
1086 1708179374904
1087 1708179374964
1088 1708179375023
1089 1708179375087
1090 1708179375148
1091 1708179375209
1092 1708179375268
1093 1708179375330
1094 1708179375388
1095 1708179375450
1096 1708179375508
1097 1708179375567
1098 1708179375632
1099 1708179375693
1100 1708179375751
1101 1708179375811
1102 1708179375873
1103 1708179375931
1104 1708179375991
1105 1708179376053
1106 1708179376112
1107 1708179376176
1108 1708179376236
1109 1708179376295
