1 1702812885395
2 1702812885477
3 1702812885492
4 1702812885524
5 1702812885556
6 1702812885583
7 1702812885620
8 1702812885652
9 1702812885707
10 1702812885766
11 1702812885827
12 1702812885891
13 1702812885949
14 1702812886015
15 1702812886071
16 1702812886134
17 1702812886194
18 1702812886259
19 1702812886320
20 1702812886379
21 1702812886431
22 1702812886498
23 1702812886554
24 1702812886617
25 1702812886683
26 1702812886741
27 1702812886802
28 1702812886863
29 1702812886919
30 1702812886983
31 1702812887044
32 1702812887098
33 1702812887158
34 1702812887227
35 1702812887287
36 1702812887347
37 1702812887407
38 1702812887460
39 1702812887527
40 1702812887578
41 1702812887643
42 1702812887711
43 1702812887761
44 1702812887822
45 1702812887884
46 1702812887954
47 1702812888002
48 1702812888063
49 1702812888133
50 1702812888190
51 1702812888248
52 1702812888306
53 1702812888366
54 1702812888425
55 1702812888485
56 1702812888551
57 1702812888614
58 1702812888666
59 1702812888725
60 1702812888795
61 1702812888855
62 1702812888910
63 1702812888969
64 1702812889035
65 1702812889096
66 1702812889149
67 1702812889215
68 1702812889279
69 1702812889333
70 1702812889393
71 1702812889458
72 1702812889519
73 1702812889577
74 1702812889638
75 1702812889699
76 1702812889755
77 1702812889817
78 1702812889885
79 1702812889945
80 1702812889998
81 1702812890063
82 1702812890126
83 1702812890178
84 1702812890242
85 1702812890302
86 1702812890362
87 1702812890428
88 1702812890488
89 1702812890546
90 1702812890604
91 1702812890662
92 1702812890727
93 1702812890787
94 1702812890848
95 1702812890912
96 1702812890971
97 1702812891031
98 1702812891087
99 1702812891151
100 1702812891206
101 1702812891272
102 1702812891330
103 1702812891389
104 1702812891452
105 1702812891515
106 1702812891574
107 1702812891630
108 1702812891695
109 1702812891755
110 1702812891815
111 1702812891873
112 1702812891939
113 1702812891999
114 1702812892060
115 1702812892114
116 1702812892174
117 1702812892239
118 1702812892299
119 1702812892358
120 1702812892418
121 1702812892479
122 1702812892543
123 1702812892603
124 1702812892660
125 1702812892722
126 1702812892782
127 1702812892837
128 1702812892897
129 1702812892961
130 1702812893026
131 1702812893087
132 1702812893147
133 1702812893207
134 1702812893268
135 1702812893323
136 1702812893385
137 1702812893451
138 1702812893510
139 1702812893567
140 1702812893629
141 1702812893692
142 1702812893751
143 1702812893806
144 1702812893868
145 1702812893932
146 1702812893995
147 1702812894051
148 1702812894112
149 1702812894174
150 1702812894233
151 1702812894293
152 1702812894353
153 1702812894415
154 1702812894475
155 1702812894534
156 1702812894597
157 1702812894657
158 1702812894716
159 1702812894776
160 1702812894836
161 1702812894899
162 1702812894960
163 1702812895019
164 1702812895079
165 1702812895144
166 1702812895205
167 1702812895259
168 1702812895319
169 1702812895383
170 1702812895444
171 1702812895498
172 1702812895561
173 1702812895628
174 1702812895693
175 1702812895744
176 1702812895803
177 1702812895868
178 1702812895931
179 1702812895982
180 1702812896046
181 1702812896113
182 1702812896171
183 1702812896228
184 1702812896286
185 1702812896351
186 1702812896412
187 1702812896466
188 1702812896528
189 1702812896596
190 1702812896657
191 1702812896710
192 1702812896772
193 1702812896835
194 1702812896900
195 1702812896949
196 1702812897011
197 1702812897075
198 1702812897139
199 1702812897195
200 1702812897255
201 1702812897319
202 1702812897380
203 1702812897435
204 1702812897494
205 1702812897560
206 1702812897623
207 1702812897680
208 1702812897738
209 1702812897803
210 1702812897864
211 1702812897920
212 1702812897978
213 1702812898043
214 1702812898104
215 1702812898162
216 1702812898223
217 1702812898289
218 1702812898348
219 1702812898403
220 1702812898462
221 1702812898529
222 1702812898589
223 1702812898647
224 1702812898706
225 1702812898773
226 1702812898832
227 1702812898888
228 1702812898946
229 1702812899011
230 1702812899071
231 1702812899128
232 1702812899192
233 1702812899254
234 1702812899315
235 1702812899371
236 1702812899432
237 1702812899495
238 1702812899555
239 1702812899611
240 1702812899672
241 1702812899739
242 1702812899799
243 1702812899855
244 1702812899913
245 1702812899974
246 1702812900042
247 1702812900112
248 1702812900159
249 1702812900223
250 1702812900277
251 1702812900338
252 1702812900403
253 1702812900463
254 1702812900523
255 1702812900579
256 1702812900638
257 1702812900704
258 1702812900768
259 1702812900822
260 1702812900882
261 1702812900947
262 1702812901006
263 1702812901063
264 1702812901125
265 1702812901188
266 1702812901248
267 1702812901308
268 1702812901372
269 1702812901432
270 1702812901488
271 1702812901545
272 1702812901606
273 1702812901671
274 1702812901732
275 1702812901790
276 1702812901851
277 1702812901916
278 1702812901975
279 1702812902032
280 1702812902090
281 1702812902155
282 1702812902217
283 1702812902271
284 1702812902335
285 1702812902401
286 1702812902462
287 1702812902516
288 1702812902576
289 1702812902640
290 1702812902702
291 1702812902755
292 1702812902822
293 1702812902885
294 1702812902944
295 1702812902998
296 1702812903063
297 1702812903123
298 1702812903181
299 1702812903238
300 1702812903302
301 1702812903368
302 1702812903428
303 1702812903483
304 1702812903543
305 1702812903608
306 1702812903668
307 1702812903722
308 1702812903783
309 1702812903853
310 1702812903913
311 1702812903968
312 1702812904027
313 1702812904091
314 1702812904152
315 1702812904207
316 1702812904268
317 1702812904332
318 1702812904396
319 1702812904450
320 1702812904513
321 1702812904574
322 1702812904633
323 1702812904692
324 1702812904753
325 1702812904816
326 1702812904877
327 1702812904935
328 1702812904996
329 1702812905059
330 1702812905120
331 1702812905175
332 1702812905237
333 1702812905299
334 1702812905361
335 1702812905420
336 1702812905480
337 1702812905545
338 1702812905603
339 1702812905660
340 1702812905720
341 1702812905783
342 1702812905844
343 1702812905899
344 1702812905966
345 1702812906028
346 1702812906088
347 1702812906143
348 1702812906205
349 1702812906268
350 1702812906329
351 1702812906384
352 1702812906447
353 1702812906513
354 1702812906572
355 1702812906627
356 1702812906688
357 1702812906751
358 1702812906824
359 1702812906866
360 1702812906925
361 1702812906992
362 1702812907056
363 1702812907112
364 1702812907173
365 1702812907236
366 1702812907295
367 1702812907352
368 1702812907414
369 1702812907473
370 1702812907538
371 1702812907598
372 1702812907658
373 1702812907718
374 1702812907778
375 1702812907839
376 1702812907899
377 1702812907957
378 1702812908022
379 1702812908080
380 1702812908143
381 1702812908205
382 1702812908264
383 1702812908318
384 1702812908383
385 1702812908444
386 1702812908502
387 1702812908563
388 1702812908622
389 1702812908689
390 1702812908748
391 1702812908804
392 1702812908862
393 1702812908926
394 1702812908986
395 1702812909047
396 1702812909110
397 1702812909172
398 1702812909233
399 1702812909287
400 1702812909349
401 1702812909412
402 1702812909473
403 1702812909527
404 1702812909595
405 1702812909656
406 1702812909716
407 1702812909770
408 1702812909834
409 1702812909895
410 1702812909957
411 1702812910011
412 1702812910072
413 1702812910143
414 1702812910204
415 1702812910255
416 1702812910316
417 1702812910381
418 1702812910446
419 1702812910496
420 1702812910556
421 1702812910623
422 1702812910691
423 1702812910739
424 1702812910800
425 1702812910865
426 1702812910924
427 1702812910979
428 1702812911041
429 1702812911102
430 1702812911167
431 1702812911223
432 1702812911287
433 1702812911348
434 1702812911408
435 1702812911464
436 1702812911526
437 1702812911586
438 1702812911650
439 1702812911710
440 1702812911770
441 1702812911831
442 1702812911890
443 1702812911947
444 1702812912009
445 1702812912071
446 1702812912132
447 1702812912191
448 1702812912255
449 1702812912314
450 1702812912375
451 1702812912432
452 1702812912495
453 1702812912556
454 1702812912615
455 1702812912672
456 1702812912739
457 1702812912800
458 1702812912860
459 1702812912915
460 1702812912977
461 1702812913040
462 1702812913100
463 1702812913155
464 1702812913222
465 1702812913283
466 1702812913343
467 1702812913399
468 1702812913461
469 1702812913522
470 1702812913586
471 1702812913639
472 1702812913702
473 1702812913768
474 1702812913827
475 1702812913883
476 1702812913944
477 1702812914006
478 1702812914063
479 1702812914125
480 1702812914186
481 1702812914247
482 1702812914312
483 1702812914368
484 1702812914429
485 1702812914491
486 1702812914552
487 1702812914608
488 1702812914671
489 1702812914729
490 1702812914794
491 1702812914854
492 1702812914913
493 1702812914973
494 1702812915034
495 1702812915094
496 1702812915154
497 1702812915213
498 1702812915274
499 1702812915335
500 1702812915400
501 1702812915460
502 1702812915521
503 1702812915575
504 1702812915635
505 1702812915696
506 1702812915758
507 1702812915822
508 1702812915882
509 1702812915942
510 1702812916001
511 1702812916061
512 1702812916121
513 1702812916182
514 1702812916241
515 1702812916302
516 1702812916366
517 1702812916426
518 1702812916485
519 1702812916546
520 1702812916608
521 1702812916667
522 1702812916732
523 1702812916783
524 1702812916847
525 1702812916913
526 1702812916972
527 1702812917027
528 1702812917090
529 1702812917151
530 1702812917214
531 1702812917266
532 1702812917327
533 1702812917397
534 1702812917461
535 1702812917511
536 1702812917573
537 1702812917636
538 1702812917701
539 1702812917751
540 1702812917814
541 1702812917876
542 1702812917945
543 1702812917994
544 1702812918054
545 1702812918115
546 1702812918180
547 1702812918241
548 1702812918295
549 1702812918354
550 1702812918426
551 1702812918486
552 1702812918545
553 1702812918598
554 1702812918662
555 1702812918723
556 1702812918785
557 1702812918839
558 1702812918901
559 1702812918967
560 1702812919040
561 1702812919083
562 1702812919145
563 1702812919208
564 1702812919269
565 1702812919323
566 1702812919387
567 1702812919448
568 1702812919513
569 1702812919567
570 1702812919629
571 1702812919692
572 1702812919753
573 1702812919807
574 1702812919871
575 1702812919932
576 1702812919997
577 1702812920050
578 1702812920112
579 1702812920179
580 1702812920237
581 1702812920290
582 1702812920354
583 1702812920421
584 1702812920480
585 1702812920535
586 1702812920596
587 1702812920661
588 1702812920722
589 1702812920775
590 1702812920837
591 1702812920899
592 1702812920961
593 1702812921018
594 1702812921080
595 1702812921144
596 1702812921204
597 1702812921259
598 1702812921319
599 1702812921386
600 1702812921452
601 1702812921499
602 1702812921564
603 1702812921629
604 1702812921692
605 1702812921743
606 1702812921804
607 1702812921877
608 1702812921928
609 1702812921982
610 1702812922041
611 1702812922106
612 1702812922172
613 1702812922231
614 1702812922292
615 1702812922352
616 1702812922411
617 1702812922467
618 1702812922532
619 1702812922597
620 1702812922668
621 1702812922710
622 1702812922770
623 1702812922837
624 1702812922896
625 1702812922954
626 1702812923010
627 1702812923072
628 1702812923141
629 1702812923201
630 1702812923255
631 1702812923314
632 1702812923374
633 1702812923436
634 1702812923497
635 1702812923557
636 1702812923617
637 1702812923684
638 1702812923746
639 1702812923806
640 1702812923858
641 1702812923918
642 1702812923984
643 1702812924044
644 1702812924104
645 1702812924162
646 1702812924222
647 1702812924283
648 1702812924343
649 1702812924403
650 1702812924463
651 1702812924523
652 1702812924583
653 1702812924642
654 1702812924708
655 1702812924773
656 1702812924827
657 1702812924885
658 1702812924947
659 1702812925008
660 1702812925068
661 1702812925128
662 1702812925192
663 1702812925253
664 1702812925310
665 1702812925370
666 1702812925436
667 1702812925497
668 1702812925552
669 1702812925610
670 1702812925672
671 1702812925740
672 1702812925795
673 1702812925854
674 1702812925917
675 1702812925981
676 1702812926035
677 1702812926094
678 1702812926156
679 1702812926221
680 1702812926282
681 1702812926341
682 1702812926401
683 1702812926462
684 1702812926519
685 1702812926580
686 1702812926645
687 1702812926705
688 1702812926762
689 1702812926822
690 1702812926889
691 1702812926957
692 1702812927003
693 1702812927062
694 1702812927127
695 1702812927189
696 1702812927243
697 1702812927306
698 1702812927372
699 1702812927435
700 1702812927488
701 1702812927547
702 1702812927612
703 1702812927673
704 1702812927728
705 1702812927790
706 1702812927855
707 1702812927917
708 1702812927971
709 1702812928030
710 1702812928096
711 1702812928157
712 1702812928212
713 1702812928270
714 1702812928341
715 1702812928400
716 1702812928456
717 1702812928514
718 1702812928577
719 1702812928640
720 1702812928696
721 1702812928754
722 1702812928820
723 1702812928885
724 1702812928940
725 1702812928998
726 1702812929059
727 1702812929122
728 1702812929180
729 1702812929239
730 1702812929301
731 1702812929368
732 1702812929425
733 1702812929482
734 1702812929543
735 1702812929606
736 1702812929667
737 1702812929722
738 1702812929782
739 1702812929842
740 1702812929909
741 1702812929973
742 1702812930027
743 1702812930086
744 1702812930146
745 1702812930208
746 1702812930272
747 1702812930333
748 1702812930390
749 1702812930450
750 1702812930510
751 1702812930572
752 1702812930632
753 1702812930691
754 1702812930753
755 1702812930812
756 1702812930870
757 1702812930934
758 1702812930998
759 1702812931065
760 1702812931116
761 1702812931174
762 1702812931234
763 1702812931296
764 1702812931357
765 1702812931417
766 1702812931480
767 1702812931541
768 1702812931601
769 1702812931661
770 1702812931721
771 1702812931781
772 1702812931840
773 1702812931900
774 1702812931966
775 1702812932029
776 1702812932082
777 1702812932148
778 1702812932208
779 1702812932263
780 1702812932322
781 1702812932384
782 1702812932448
783 1702812932512
784 1702812932567
785 1702812932627
786 1702812932693
787 1702812932754
788 1702812932807
789 1702812932866
790 1702812932928
791 1702812932992
792 1702812933053
793 1702812933113
794 1702812933170
795 1702812933231
796 1702812933297
797 1702812933356
798 1702812933413
799 1702812933470
800 1702812933538
801 1702812933602
802 1702812933660
803 1702812933715
804 1702812933776
805 1702812933841
806 1702812933901
807 1702812933955
808 1702812934016
809 1702812934084
810 1702812934145
811 1702812934199
812 1702812934262
813 1702812934324
814 1702812934385
815 1702812934438
816 1702812934499
817 1702812934568
818 1702812934629
819 1702812934685
820 1702812934743
821 1702812934809
822 1702812934870
823 1702812934923
824 1702812934984
825 1702812935048
826 1702812935112
827 1702812935167
828 1702812935228
829 1702812935291
830 1702812935353
831 1702812935408
832 1702812935468
833 1702812935532
834 1702812935597
835 1702812935652
836 1702812935714
837 1702812935777
838 1702812935838
839 1702812935890
840 1702812935951
841 1702812936016
842 1702812936079
843 1702812936135
844 1702812936195
845 1702812936260
846 1702812936320
847 1702812936375
848 1702812936436
849 1702812936501
850 1702812936561
851 1702812936615
852 1702812936679
853 1702812936744
854 1702812936807
855 1702812936859
856 1702812936919
857 1702812936985
858 1702812937046
859 1702812937100
860 1702812937162
861 1702812937225
862 1702812937295
863 1702812937343
864 1702812937402
865 1702812937463
866 1702812937528
867 1702812937587
868 1702812937643
869 1702812937711
870 1702812937774
871 1702812937827
872 1702812937887
873 1702812937953
874 1702812938014
875 1702812938067
876 1702812938127
877 1702812938197
878 1702812938258
879 1702812938311
880 1702812938371
881 1702812938436
882 1702812938497
883 1702812938550
884 1702812938611
885 1702812938676
886 1702812938741
887 1702812938795
888 1702812938856
889 1702812938924
890 1702812938982
891 1702812939035
892 1702812939095
893 1702812939156
894 1702812939216
895 1702812939279
896 1702812939344
897 1702812939405
898 1702812939467
899 1702812939518
900 1702812939579
901 1702812939645
902 1702812939708
903 1702812939762
904 1702812939823
905 1702812939890
906 1702812939961
907 1702812940004
908 1702812940062
909 1702812940127
910 1702812940195
911 1702812940244
912 1702812940306
913 1702812940375
914 1702812940433
915 1702812940488
916 1702812940547
917 1702812940613
918 1702812940676
919 1702812940727
920 1702812940791
921 1702812940858
922 1702812940921
923 1702812940974
924 1702812941031
925 1702812941093
926 1702812941156
927 1702812941212
928 1702812941271
929 1702812941340
930 1702812941402
931 1702812941458
932 1702812941514
933 1702812941582
934 1702812941642
935 1702812941697
936 1702812941755
937 1702812941818
938 1702812941886
939 1702812941939
940 1702812941999
941 1702812942065
942 1702812942124
943 1702812942179
944 1702812942239
945 1702812942304
946 1702812942369
947 1702812942423
948 1702812942483
949 1702812942549
950 1702812942610
951 1702812942663
952 1702812942723
953 1702812942786
954 1702812942850
955 1702812942908
956 1702812942966
957 1702812943029
958 1702812943094
959 1702812943148
960 1702812943207
961 1702812943273
962 1702812943334
963 1702812943391
964 1702812943451
965 1702812943517
966 1702812943579
967 1702812943632
968 1702812943692
969 1702812943757
970 1702812943817
971 1702812943872
972 1702812943940
973 1702812944001
974 1702812944062
975 1702812944115
976 1702812944175
977 1702812944239
978 1702812944304
979 1702812944356
980 1702812944418
981 1702812944484
982 1702812944545
983 1702812944599
984 1702812944665
985 1702812944724
986 1702812944783
987 1702812944839
988 1702812944900
989 1702812944967
990 1702812945029
991 1702812945083
992 1702812945142
993 1702812945202
994 1702812945263
995 1702812945328
996 1702812945388
997 1702812945448
998 1702812945511
999 1702812945567
1000 1702812945633
1001 1702812945692
1002 1702812945753
1003 1702812945807
1004 1702812945870
1005 1702812945933
1006 1702812945998
1007 1702812946051
1008 1702812946113
1009 1702812946177
1010 1702812946236
1011 1702812946290
1012 1702812946353
1013 1702812946417
1014 1702812946478
1015 1702812946535
1016 1702812946598
1017 1702812946659
1018 1702812946726
1019 1702812946775
1020 1702812946841
1021 1702812946901
1022 1702812946966
1023 1702812947015
1024 1702812947081
1025 1702812947146
1026 1702812947208
1027 1702812947259
1028 1702812947319
1029 1702812947385
1030 1702812947446
1031 1702812947500
1032 1702812947564
1033 1702812947629
1034 1702812947694
1035 1702812947744
1036 1702812947803
1037 1702812947869
1038 1702812947930
1039 1702812947984
1040 1702812948043
1041 1702812948112
1042 1702812948176
1043 1702812948229
1044 1702812948286
1045 1702812948347
1046 1702812948413
1047 1702812948474
1048 1702812948529
1049 1702812948591
1050 1702812948656
1051 1702812948716
1052 1702812948777
1053 1702812948831
1054 1702812948893
1055 1702812948969
1056 1702812949020
1057 1702812949071
1058 1702812949137
1059 1702812949201
1060 1702812949260
1061 1702812949315
1062 1702812949377
1063 1702812949440
1064 1702812949502
1065 1702812949555
1066 1702812949618
1067 1702812949685
1068 1702812949744
1069 1702812949799
1070 1702812949863
1071 1702812949929
1072 1702812949986
1073 1702812950039
1074 1702812950102
1075 1702812950169
1076 1702812950231
1077 1702812950283
1078 1702812950344
1079 1702812950408
1080 1702812950470
1081 1702812950524
1082 1702812950586
1083 1702812950648
1084 1702812950718
1085 1702812950767
1086 1702812950832
1087 1702812950892
1088 1702812950954
1089 1702812951007
1090 1702812951069
1091 1702812951133
1092 1702812951200
1093 1702812951251
1094 1702812951312
1095 1702812951377
1096 1702812951440
1097 1702812951492
1098 1702812951552
1099 1702812951618
1100 1702812951677
1101 1702812951736
1102 1702812951796
1103 1702812951859
1104 1702812951918
1105 1702812951979
1106 1702812952039
1107 1702812952100
1108 1702812952163
1109 1702812952216
1110 1702812952282
1111 1702812952344
1112 1702812952406
1113 1702812952460
1114 1702812952523
1115 1702812952585
1116 1702812952643
1117 1702812952700
1118 1702812952766
1119 1702812952828
1120 1702812952890
1121 1702812952945
1122 1702812953005
1123 1702812953070
1124 1702812953128
1125 1702812953189
1126 1702812953245
1127 1702812953312
1128 1702812953380
1129 1702812953427
1130 1702812953486
1131 1702812953546
1132 1702812953608
1133 1702812953673
1134 1702812953732
1135 1702812953793
1136 1702812953858
1137 1702812953913
1138 1702812953973
1139 1702812954037
1140 1702812954097
1141 1702812954153
1142 1702812954213
1143 1702812954275
1144 1702812954340
1145 1702812954395
1146 1702812954454
1147 1702812954516
1148 1702812954580
1149 1702812954639
1150 1702812954699
1151 1702812954759
1152 1702812954819
1153 1702812954879
1154 1702812954945
1155 1702812955005
1156 1702812955066
1157 1702812955120
1158 1702812955181
1159 1702812955245
1160 1702812955306
1161 1702812955368
1162 1702812955428
1163 1702812955488
1164 1702812955545
1165 1702812955604
1166 1702812955668
1167 1702812955729
1168 1702812955789
1169 1702812955843
1170 1702812955913
1171 1702812955972
1172 1702812956032
1173 1702812956086
1174 1702812956147
1175 1702812956211
1176 1702812956271
1177 1702812956329
1178 1702812956389
1179 1702812956454
1180 1702812956514
1181 1702812956575
1182 1702812956635
1183 1702812956696
1184 1702812956755
1185 1702812956811
1186 1702812956876
1187 1702812956941
1188 1702812957000
1189 1702812957056
1190 1702812957119
1191 1702812957181
1192 1702812957244
1193 1702812957295
1194 1702812957355
1195 1702812957422
1196 1702812957485
1197 1702812957540
1198 1702812957601
1199 1702812957666
1200 1702812957725
1201 1702812957781
1202 1702812957843
1203 1702812957904
1204 1702812957969
1205 1702812958024
1206 1702812958088
1207 1702812958147
1208 1702812958212
1209 1702812958263
1210 1702812958324
1211 1702812958390
1212 1702812958447
1213 1702812958508
1214 1702812958571
1215 1702812958631
1216 1702812958693
1217 1702812958748
1218 1702812958810
1219 1702812958872
1220 1702812958934
1221 1702812958988
1222 1702812959054
1223 1702812959117
1224 1702812959178
1225 1702812959232
1226 1702812959296
1227 1702812959357
1228 1702812959417
1229 1702812959472
1230 1702812959538
1231 1702812959600
1232 1702812959662
1233 1702812959718
1234 1702812959778
1235 1702812959841
1236 1702812959900
1237 1702812959957
1238 1702812960020
1239 1702812960083
1240 1702812960143
1241 1702812960203
1242 1702812960263
1243 1702812960323
1244 1702812960382
1245 1702812960444
1246 1702812960500
1247 1702812960563
1248 1702812960626
1249 1702812960689
1250 1702812960748
1251 1702812960808
1252 1702812960867
1253 1702812960924
1254 1702812960988
1255 1702812961048
1256 1702812961113
1257 1702812961169
1258 1702812961230
1259 1702812961294
1260 1702812961354
1261 1702812961413
1262 1702812961469
1263 1702812961528
1264 1702812961590
1265 1702812961655
1266 1702812961715
1267 1702812961775
1268 1702812961834
1269 1702812961895
1270 1702812961955
1271 1702812962014
1272 1702812962074
1273 1702812962139
1274 1702812962199
1275 1702812962260
1276 1702812962319
1277 1702812962379
1278 1702812962439
1279 1702812962498
1280 1702812962560
1281 1702812962615
1282 1702812962686
1283 1702812962745
1284 1702812962804
1285 1702812962860
1286 1702812962922
1287 1702812962984
1288 1702812963045
1289 1702812963100
1290 1702812963165
1291 1702812963226
1292 1702812963287
1293 1702812963347
1294 1702812963403
1295 1702812963463
1296 1702812963532
1297 1702812963601
1298 1702812963646
1299 1702812963707
1300 1702812963773
1301 1702812963834
1302 1702812963894
1303 1702812963947
1304 1702812964008
1305 1702812964073
1306 1702812964133
1307 1702812964188
1308 1702812964255
1309 1702812964323
1310 1702812964378
1311 1702812964431
1312 1702812964494
1313 1702812964557
1314 1702812964617
1315 1702812964672
1316 1702812964739
1317 1702812964801
1318 1702812964862
1319 1702812964916
1320 1702812964978
1321 1702812965041
1322 1702812965102
1323 1702812965155
1324 1702812965216
1325 1702812965286
1326 1702812965345
1327 1702812965400
1328 1702812965462
1329 1702812965526
1330 1702812965585
1331 1702812965642
1332 1702812965701
1333 1702812965770
1334 1702812965831
1335 1702812965886
1336 1702812965945
1337 1702812966009
1338 1702812966070
1339 1702812966125
1340 1702812966186
1341 1702812966248
1342 1702812966314
1343 1702812966368
1344 1702812966433
1345 1702812966493
1346 1702812966553
1347 1702812966607
1348 1702812966669
1349 1702812966732
1350 1702812966793
1351 1702812966852
1352 1702812966913
1353 1702812966973
1354 1702812967040
1355 1702812967090
1356 1702812967150
1357 1702812967213
1358 1702812967277
1359 1702812967336
1360 1702812967397
1361 1702812967461
1362 1702812967522
1363 1702812967576
1364 1702812967637
1365 1702812967702
1366 1702812967762
1367 1702812967815
1368 1702812967881
1369 1702812967945
1370 1702812968006
1371 1702812968059
1372 1702812968120
1373 1702812968185
1374 1702812968254
1375 1702812968299
1376 1702812968364
1377 1702812968429
1378 1702812968490
1379 1702812968544
1380 1702812968603
1381 1702812968668
1382 1702812968730
1383 1702812968784
1384 1702812968843
1385 1702812968911
1386 1702812968973
1387 1702812969028
1388 1702812969087
1389 1702812969153
1390 1702812969215
1391 1702812969269
1392 1702812969327
1393 1702812969388
1394 1702812969455
1395 1702812969512
1396 1702812969574
1397 1702812969636
1398 1702812969697
1399 1702812969751
1400 1702812969817
1401 1702812969877
1402 1702812969937
1403 1702812969995
1404 1702812970056
1405 1702812970122
1406 1702812970186
1407 1702812970236
1408 1702812970295
1409 1702812970356
1410 1702812970418
1411 1702812970480
1412 1702812970540
1413 1702812970601
1414 1702812970662
1415 1702812970719
1416 1702812970780
1417 1702812970843
1418 1702812970905
1419 1702812970960
1420 1702812971023
1421 1702812971084
1422 1702812971145
1423 1702812971204
1424 1702812971264
1425 1702812971324
1426 1702812971384
1427 1702812971443
1428 1702812971513
1429 1702812971572
1430 1702812971630
1431 1702812971687
1432 1702812971748
1433 1702812971810
1434 1702812971871
1435 1702812971931
1436 1702812971991
1437 1702812972055
1438 1702812972115
1439 1702812972176
1440 1702812972235
1441 1702812972295
1442 1702812972354
1443 1702812972414
1444 1702812972474
1445 1702812972539
1446 1702812972599
1447 1702812972658
1448 1702812972719
1449 1702812972779
1450 1702812972839
1451 1702812972899
1452 1702812972959
1453 1702812973019
1454 1702812973083
1455 1702812973143
1456 1702812973203
1457 1702812973263
1458 1702812973322
1459 1702812973382
1460 1702812973443
1461 1702812973503
1462 1702812973562
1463 1702812973626
1464 1702812973686
1465 1702812973744
1466 1702812973804
1467 1702812973867
1468 1702812973928
1469 1702812973989
1470 1702812974045
1471 1702812974109
1472 1702812974173
1473 1702812974233
1474 1702812974288
1475 1702812974348
1476 1702812974421
1477 1702812974474
1478 1702812974528
1479 1702812974589
1480 1702812974658
1481 1702812974718
1482 1702812974773
1483 1702812974832
1484 1702812974896
1485 1702812974957
1486 1702812975016
1487 1702812975072
1488 1702812975141
1489 1702812975203
1490 1702812975257
1491 1702812975317
1492 1702812975380
1493 1702812975441
1494 1702812975496
1495 1702812975556
1496 1702812975620
1497 1702812975688
1498 1702812975745
1499 1702812975801
1500 1702812975861
1501 1702812975924
1502 1702812975983
1503 1702812976043
1504 1702812976104
1505 1702812976163
1506 1702812976228
1507 1702812976284
1508 1702812976343
1509 1702812976410
1510 1702812976470
1511 1702812976526
1512 1702812976586
1513 1702812976647
1514 1702812976714
1515 1702812976772
1516 1702812976833
1517 1702812976893
1518 1702812976948
1519 1702812977011
1520 1702812977073
1521 1702812977132
1522 1702812977188
1523 1702812977255
1524 1702812977316
1525 1702812977377
1526 1702812977432
1527 1702812977492
1528 1702812977553
1529 1702812977617
1530 1702812977680
1531 1702812977736
1532 1702812977799
1533 1702812977862
1534 1702812977918
1535 1702812977978
1536 1702812978040
1537 1702812978101
1538 1702812978158
1539 1702812978216
1540 1702812978286
1541 1702812978345
1542 1702812978405
1543 1702812978461
1544 1702812978519
1545 1702812978580
1546 1702812978647
1547 1702812978706
1548 1702812978760
1549 1702812978824
1550 1702812978890
1551 1702812978949
1552 1702812979010
1553 1702812979064
1554 1702812979126
1555 1702812979190
1556 1702812979250
1557 1702812979308
1558 1702812979373
1559 1702812979434
1560 1702812979494
1561 1702812979548
1562 1702812979611
1563 1702812979673
1564 1702812979734
1565 1702812979788
1566 1702812979857
1567 1702812979917
1568 1702812979978
1569 1702812980032
1570 1702812980095
1571 1702812980157
1572 1702812980219
1573 1702812980272
1574 1702812980337
1575 1702812980401
1576 1702812980463
1577 1702812980516
1578 1702812980579
1579 1702812980641
1580 1702812980702
1581 1702812980755
1582 1702812980816
1583 1702812980886
1584 1702812980948
1585 1702812981001
1586 1702812981062
1587 1702812981124
1588 1702812981187
1589 1702812981241
1590 1702812981302
1591 1702812981365
1592 1702812981430
1593 1702812981484
1594 1702812981547
1595 1702812981609
1596 1702812981671
1597 1702812981729
1598 1702812981789
1599 1702812981848
1600 1702812981914
1601 1702812981968
1602 1702812982033
1603 1702812982093
1604 1702812982154
1605 1702812982209
1606 1702812982270
1607 1702812982333
1608 1702812982394
1609 1702812982454
1610 1702812982514
1611 1702812982578
1612 1702812982637
1613 1702812982692
1614 1702812982753
1615 1702812982817
1616 1702812982876
1617 1702812982938
1618 1702812982999
1619 1702812983061
1620 1702812983122
1621 1702812983176
1622 1702812983240
1623 1702812983301
1624 1702812983362
1625 1702812983415
1626 1702812983482
1627 1702812983545
1628 1702812983605
1629 1702812983665
1630 1702812983725
1631 1702812983784
1632 1702812983847
1633 1702812983900
1634 1702812983964
1635 1702812984030
1636 1702812984090
1637 1702812984145
1638 1702812984206
1639 1702812984270
1640 1702812984329
1641 1702812984384
1642 1702812984445
1643 1702812984525
1644 1702812984576
1645 1702812984628
1646 1702812984688
1647 1702812984752
1648 1702812984813
1649 1702812984873
1650 1702812984934
1651 1702812984993
1652 1702812985057
1653 1702812985112
1654 1702812985178
1655 1702812985236
1656 1702812985297
1657 1702812985352
1658 1702812985415
1659 1702812985477
1660 1702812985540
1661 1702812985596
1662 1702812985661
1663 1702812985721
1664 1702812985781
1665 1702812985836
1666 1702812985901
1667 1702812985962
1668 1702812986021
1669 1702812986080
1670 1702812986146
1671 1702812986207
1672 1702812986266
1673 1702812986320
1674 1702812986385
1675 1702812986445
1676 1702812986505
1677 1702812986560
1678 1702812986628
1679 1702812986689
1680 1702812986750
1681 1702812986803
1682 1702812986865
1683 1702812986931
1684 1702812986990
1685 1702812987044
1686 1702812987112
1687 1702812987177
1688 1702812987233
1689 1702812987288
1690 1702812987351
1691 1702812987414
1692 1702812987474
1693 1702812987528
1694 1702812987593
1695 1702812987657
1696 1702812987718
1697 1702812987772
1698 1702812987835
1699 1702812987897
1700 1702812987960
1701 1702812988013
1702 1702812988076
1703 1702812988142
1704 1702812988202
1705 1702812988257
1706 1702812988318
1707 1702812988381
1708 1702812988446
1709 1702812988495
1710 1702812988555
1711 1702812988615
1712 1702812988686
1713 1702812988745
1714 1702812988804
1715 1702812988865
1716 1702812988925
1717 1702812988979
1718 1702812989039
1719 1702812989099
1720 1702812989160
1721 1702812989229
1722 1702812989289
1723 1702812989349
1724 1702812989410
1725 1702812989464
1726 1702812989528
1727 1702812989588
1728 1702812989649
1729 1702812989713
1730 1702812989772
1731 1702812989832
1732 1702812989892
1733 1702812989948
1734 1702812990013
1735 1702812990073
1736 1702812990134
1737 1702812990190
1738 1702812990254
1739 1702812990316
1740 1702812990375
1741 1702812990436
1742 1702812990492
1743 1702812990556
1744 1702812990617
1745 1702812990674
1746 1702812990731
1747 1702812990800
1748 1702812990861
1749 1702812990921
1750 1702812990981
1751 1702812991040
1752 1702812991100
1753 1702812991156
1754 1702812991218
1755 1702812991285
1756 1702812991345
1757 1702812991400
1758 1702812991462
1759 1702812991529
1760 1702812991586
1761 1702812991642
1762 1702812991702
1763 1702812991764
1764 1702812991827
1765 1702812991888
1766 1702812991948
1767 1702812992007
1768 1702812992067
1769 1702812992127
1770 1702812992189
1771 1702812992248
1772 1702812992311
1773 1702812992372
1774 1702812992432
1775 1702812992491
1776 1702812992551
1777 1702812992612
1778 1702812992672
1779 1702812992731
1780 1702812992792
1781 1702812992854
1782 1702812992913
1783 1702812992974
1784 1702812993036
1785 1702812993095
1786 1702812993157
1787 1702812993217
1788 1702812993276
1789 1702812993332
1790 1702812993401
1791 1702812993460
1792 1702812993521
1793 1702812993575
1794 1702812993635
1795 1702812993696
1796 1702812993761
1797 1702812993823
1798 1702812993880
1799 1702812993940
1800 1702812994005
1801 1702812994065
1802 1702812994125
1803 1702812994181
1804 1702812994241
1805 1702812994306
1806 1702812994366
1807 1702812994425
1808 1702812994487
1809 1702812994548
1810 1702812994610
1811 1702812994664
1812 1702812994726
1813 1702812994789
1814 1702812994850
1815 1702812994908
1816 1702812994968
1817 1702812995034
1818 1702812995093
1819 1702812995150
1820 1702812995210
1821 1702812995272
1822 1702812995335
1823 1702812995393
1824 1702812995458
1825 1702812995516
1826 1702812995578
1827 1702812995632
1828 1702812995697
1829 1702812995756
1830 1702812995818
1831 1702812995872
1832 1702812995935
1833 1702812996003
1834 1702812996061
1835 1702812996117
1836 1702812996179
1837 1702812996240
1838 1702812996303
1839 1702812996361
1840 1702812996420
1841 1702812996491
1842 1702812996539
1843 1702812996599
1844 1702812996665
1845 1702812996725
1846 1702812996785
1847 1702812996840
1848 1702812996905
1849 1702812996965
1850 1702812997029
1851 1702812997085
1852 1702812997147
1853 1702812997210
1854 1702812997269
1855 1702812997325
1856 1702812997387
1857 1702812997449
1858 1702812997513
1859 1702812997568
1860 1702812997633
1861 1702812997693
1862 1702812997753
1863 1702812997807
1864 1702812997868
1865 1702812997934
1866 1702812997993
1867 1702812998053
1868 1702812998116
1869 1702812998178
1870 1702812998239
1871 1702812998292
1872 1702812998354
1873 1702812998417
1874 1702812998479
1875 1702812998532
1876 1702812998602
1877 1702812998680
1878 1702812998722
1879 1702812998777
1880 1702812998840
1881 1702812998901
1882 1702812998960
1883 1702812999015
1884 1702812999085
1885 1702812999145
1886 1702812999206
1887 1702812999262
1888 1702812999322
1889 1702812999384
1890 1702812999444
1891 1702812999501
1892 1702812999565
1893 1702812999629
1894 1702812999691
1895 1702812999744
1896 1702812999807
1897 1702812999870
1898 1702812999930
1899 1702812999984
1900 1702813000045
1901 1702813000114
1902 1702813000174
1903 1702813000229
1904 1702813000291
1905 1702813000353
1906 1702813000413
1907 1702813000470
1908 1702813000530
1909 1702813000592
1910 1702813000657
1911 1702813000714
1912 1702813000775
1913 1702813000836
1914 1702813000896
1915 1702813000953
1916 1702813001013
1917 1702813001078
1918 1702813001137
1919 1702813001198
1920 1702813001258
1921 1702813001322
1922 1702813001382
1923 1702813001441
1924 1702813001497
1925 1702813001560
1926 1702813001621
1927 1702813001685
1928 1702813001745
1929 1702813001806
1930 1702813001860
1931 1702813001919
1932 1702813001985
1933 1702813002045
1934 1702813002106
1935 1702813002162
1936 1702813002226
1937 1702813002289
1938 1702813002349
1939 1702813002406
1940 1702813002468
1941 1702813002529
1942 1702813002588
1943 1702813002645
1944 1702813002711
1945 1702813002775
1946 1702813002836
1947 1702813002889
1948 1702813002949
1949 1702813003013
1950 1702813003074
1951 1702813003129
1952 1702813003190
1953 1702813003257
1954 1702813003319
1955 1702813003377
1956 1702813003436
1957 1702813003496
1958 1702813003554
1959 1702813003611
1960 1702813003673
1961 1702813003737
1962 1702813003802
1963 1702813003861
1964 1702813003918
1965 1702813003978
1966 1702813004038
1967 1702813004101
1968 1702813004161
1969 1702813004220
1970 1702813004285
1971 1702813004340
1972 1702813004405
1973 1702813004465
1974 1702813004526
1975 1702813004582
1976 1702813004644
1977 1702813004717
1978 1702813004766
1979 1702813004824
1980 1702813004884
1981 1702813004951
1982 1702813005010
1983 1702813005066
1984 1702813005125
1985 1702813005186
1986 1702813005245
1987 1702813005313
1988 1702813005372
1989 1702813005435
1990 1702813005490
1991 1702813005547
1992 1702813005609
1993 1702813005683
1994 1702813005736
1995 1702813005788
1996 1702813005853
1997 1702813005919
1998 1702813005982
1999 1702813006032
2000 1702813006091
2001 1702813006153
2002 1702813006219
2003 1702813006273
2004 1702813006332
2005 1702813006402
2006 1702813006474
2007 1702813006517
2008 1702813006576
2009 1702813006641
2010 1702813006706
2011 1702813006757
2012 1702813006816
2013 1702813006886
2014 1702813006954
2015 1702813007001
2016 1702813007060
2017 1702813007125
2018 1702813007195
2019 1702813007240
2020 1702813007302
2021 1702813007365
2022 1702813007436
2023 1702813007484
2024 1702813007545
2025 1702813007610
2026 1702813007670
2027 1702813007725
2028 1702813007785
2029 1702813007850
2030 1702813007914
2031 1702813007969
2032 1702813008029
2033 1702813008093
2034 1702813008157
2035 1702813008209
2036 1702813008268
2037 1702813008334
2038 1702813008394
2039 1702813008453
2040 1702813008512
2041 1702813008578
2042 1702813008638
2043 1702813008693
2044 1702813008751
2045 1702813008811
2046 1702813008877
2047 1702813008938
2048 1702813008997
2049 1702813009056
2050 1702813009117
2051 1702813009185
2052 1702813009242
2053 1702813009296
2054 1702813009356
2055 1702813009423
2056 1702813009487
2057 1702813009540
2058 1702813009599
2059 1702813009663
2060 1702813009726
2061 1702813009782
2062 1702813009839
2063 1702813009901
2064 1702813009964
2065 1702813010024
2066 1702813010085
2067 1702813010150
2068 1702813010213
2069 1702813010264
2070 1702813010324
2071 1702813010389
2072 1702813010451
2073 1702813010509
2074 1702813010568
2075 1702813010630
2076 1702813010706
2077 1702813010748
2078 1702813010808
2079 1702813010875
2080 1702813010952
2081 1702813010988
2082 1702813011052
2083 1702813011119
2084 1702813011179
2085 1702813011233
2086 1702813011292
2087 1702813011355
2088 1702813011420
2089 1702813011473
2090 1702813011532
2091 1702813011603
2092 1702813011663
2093 1702813011717
2094 1702813011776
2095 1702813011839
2096 1702813011899
2097 1702813011956
2098 1702813012015
2099 1702813012081
2100 1702813012141
2101 1702813012204
2102 1702813012263
2103 1702813012325
2104 1702813012386
2105 1702813012441
2106 1702813012503
2107 1702813012566
2108 1702813012631
2109 1702813012684
2110 1702813012748
2111 1702813012808
2112 1702813012870
2113 1702813012924
2114 1702813012989
2115 1702813013050
2116 1702813013111
2117 1702813013168
2118 1702813013228
2119 1702813013295
2120 1702813013354
2121 1702813013409
2122 1702813013468
2123 1702813013532
2124 1702813013596
2125 1702813013653
2126 1702813013712
2127 1702813013776
2128 1702813013838
2129 1702813013893
2130 1702813013953
2131 1702813014017
2132 1702813014079
2133 1702813014132
2134 1702813014196
2135 1702813014261
2136 1702813014323
2137 1702813014378
2138 1702813014436
2139 1702813014500
2140 1702813014562
2141 1702813014617
2142 1702813014681
2143 1702813014745
2144 1702813014807
2145 1702813014860
2146 1702813014921
2147 1702813014985
2148 1702813015047
2149 1702813015101
2150 1702813015160
2151 1702813015230
2152 1702813015298
2153 1702813015345
2154 1702813015404
2155 1702813015469
2156 1702813015531
2157 1702813015585
2158 1702813015644
2159 1702813015709
2160 1702813015774
2161 1702813015828
2162 1702813015890
2163 1702813015954
2164 1702813016014
2165 1702813016068
2166 1702813016133
2167 1702813016195
2168 1702813016258
2169 1702813016312
2170 1702813016377
2171 1702813016439
2172 1702813016499
2173 1702813016552
2174 1702813016618
2175 1702813016678
2176 1702813016738
2177 1702813016796
2178 1702813016861
2179 1702813016938
2180 1702813016998
2181 1702813017036
2182 1702813017097
2183 1702813017161
2184 1702813017222
2185 1702813017280
2186 1702813017340
2187 1702813017407
2188 1702813017467
2189 1702813017522
2190 1702813017579
2191 1702813017641
2192 1702813017705
2193 1702813017761
2194 1702813017823
2195 1702813017885
2196 1702813017950
2197 1702813018007
2198 1702813018064
2199 1702813018125
2200 1702813018187
2201 1702813018246
2202 1702813018305
2203 1702813018374
2204 1702813018435
2205 1702813018489
2206 1702813018548
2207 1702813018611
2208 1702813018675
2209 1702813018729
2210 1702813018788
2211 1702813018854
2212 1702813018919
2213 1702813018973
2214 1702813019032
2215 1702813019094
2216 1702813019159
2217 1702813019217
2218 1702813019272
2219 1702813019333
2220 1702813019400
2221 1702813019457
2222 1702813019516
2223 1702813019583
2224 1702813019645
2225 1702813019697
2226 1702813019756
2227 1702813019820
2228 1702813019887
2229 1702813019942
2230 1702813020000
2231 1702813020064
2232 1702813020126
2233 1702813020183
2234 1702813020240
2235 1702813020300
2236 1702813020361
2237 1702813020426
2238 1702813020487
2239 1702813020550
2240 1702813020611
2241 1702813020665
2242 1702813020725
2243 1702813020791
2244 1702813020851
2245 1702813020905
2246 1702813020968
2247 1702813021035
2248 1702813021094
2249 1702813021149
2250 1702813021209
2251 1702813021275
2252 1702813021334
2253 1702813021389
2254 1702813021453
2255 1702813021521
2256 1702813021580
2257 1702813021633
2258 1702813021693
2259 1702813021758
2260 1702813021819
2261 1702813021873
2262 1702813021933
2263 1702813022002
2264 1702813022063
2265 1702813022117
2266 1702813022177
2267 1702813022242
2268 1702813022304
2269 1702813022357
2270 1702813022416
2271 1702813022486
2272 1702813022547
2273 1702813022602
2274 1702813022662
2275 1702813022722
2276 1702813022782
2277 1702813022843
2278 1702813022904
2279 1702813022963
2280 1702813023027
2281 1702813023086
2282 1702813023146
2283 1702813023211
2284 1702813023270
2285 1702813023325
2286 1702813023385
2287 1702813023451
2288 1702813023511
2289 1702813023569
2290 1702813023630
2291 1702813023694
2292 1702813023754
2293 1702813023813
2294 1702813023868
2295 1702813023929
2296 1702813023993
2297 1702813024066
2298 1702813024113
2299 1702813024173
2300 1702813024239
2301 1702813024298
2302 1702813024359
2303 1702813024413
2304 1702813024474
2305 1702813024537
2306 1702813024603
2307 1702813024657
2308 1702813024718
2309 1702813024782
2310 1702813024843
2311 1702813024897
2312 1702813024958
2313 1702813025022
2314 1702813025087
2315 1702813025140
2316 1702813025201
2317 1702813025265
2318 1702813025327
2319 1702813025381
2320 1702813025441
2321 1702813025505
2322 1702813025574
2323 1702813025625
2324 1702813025685
2325 1702813025751
2326 1702813025817
2327 1702813025864
2328 1702813025927
2329 1702813025991
2330 1702813026051
2331 1702813026105
2332 1702813026170
2333 1702813026233
2334 1702813026289
2335 1702813026348
2336 1702813026412
2337 1702813026473
2338 1702813026535
2339 1702813026588
2340 1702813026658
2341 1702813026718
2342 1702813026779
2343 1702813026833
2344 1702813026897
2345 1702813026957
2346 1702813027018
2347 1702813027072
2348 1702813027138
2349 1702813027202
2350 1702813027262
2351 1702813027316
2352 1702813027381
2353 1702813027441
2354 1702813027502
2355 1702813027557
2356 1702813027622
2357 1702813027686
2358 1702813027745
2359 1702813027800
2360 1702813027861
2361 1702813027927
2362 1702813027986
2363 1702813028041
2364 1702813028103
2365 1702813028167
2366 1702813028226
2367 1702813028284
2368 1702813028348
2369 1702813028410
2370 1702813028471
2371 1702813028525
2372 1702813028587
2373 1702813028650
2374 1702813028711
2375 1702813028769
2376 1702813028831
2377 1702813028894
2378 1702813028957
2379 1702813029008
2380 1702813029067
2381 1702813029133
2382 1702813029208
2383 1702813029253
2384 1702813029312
2385 1702813029384
2386 1702813029439
2387 1702813029493
2388 1702813029553
2389 1702813029618
2390 1702813029687
2391 1702813029734
2392 1702813029798
2393 1702813029859
2394 1702813029919
2395 1702813029978
2396 1702813030040
2397 1702813030101
2398 1702813030162
2399 1702813030217
2400 1702813030284
2401 1702813030346
2402 1702813030406
2403 1702813030460
2404 1702813030523
2405 1702813030586
2406 1702813030646
2407 1702813030701
2408 1702813030763
2409 1702813030831
2410 1702813030892
2411 1702813030945
2412 1702813031007
2413 1702813031070
2414 1702813031131
2415 1702813031184
2416 1702813031246
2417 1702813031310
2418 1702813031373
2419 1702813031428
2420 1702813031490
2421 1702813031555
2422 1702813031614
2423 1702813031669
2424 1702813031732
2425 1702813031794
2426 1702813031857
2427 1702813031913
2428 1702813031975
2429 1702813032038
2430 1702813032099
2431 1702813032152
2432 1702813032212
2433 1702813032279
2434 1702813032338
2435 1702813032402
2436 1702813032458
2437 1702813032520
2438 1702813032580
2439 1702813032639
2440 1702813032701
2441 1702813032760
2442 1702813032821
2443 1702813032880
2444 1702813032945
2445 1702813033005
2446 1702813033064
2447 1702813033124
2448 1702813033185
2449 1702813033244
2450 1702813033312
2451 1702813033367
2452 1702813033424
2453 1702813033484
2454 1702813033548
2455 1702813033610
2456 1702813033670
2457 1702813033729
2458 1702813033791
2459 1702813033845
2460 1702813033909
2461 1702813033974
2462 1702813034035
2463 1702813034089
2464 1702813034153
2465 1702813034212
2466 1702813034272
2467 1702813034332
2468 1702813034394
2469 1702813034458
2470 1702813034518
2471 1702813034573
2472 1702813034637
2473 1702813034699
2474 1702813034758
2475 1702813034813
2476 1702813034879
2477 1702813034938
2478 1702813034999
2479 1702813035059
2480 1702813035121
2481 1702813035181
2482 1702813035240
2483 1702813035297
2484 1702813035363
2485 1702813035428
2486 1702813035483
2487 1702813035546
2488 1702813035606
2489 1702813035667
2490 1702813035725
2491 1702813035781
2492 1702813035845
2493 1702813035905
2494 1702813035967
2495 1702813036025
2496 1702813036091
2497 1702813036151
2498 1702813036211
2499 1702813036265
2500 1702813036326
2501 1702813036390
2502 1702813036452
2503 1702813036505
2504 1702813036574
2505 1702813036639
2506 1702813036695
2507 1702813036749
2508 1702813036812
2509 1702813036874
2510 1702813036954
2511 1702813036988
2512 1702813037058
2513 1702813037119
2514 1702813037179
2515 1702813037233
2516 1702813037295
2517 1702813037358
2518 1702813037419
2519 1702813037473
2520 1702813037538
2521 1702813037603
2522 1702813037663
2523 1702813037717
2524 1702813037779
2525 1702813037842
2526 1702813037901
2527 1702813037958
2528 1702813038018
2529 1702813038083
2530 1702813038146
2531 1702813038201
2532 1702813038260
2533 1702813038326
2534 1702813038387
2535 1702813038443
2536 1702813038501
2537 1702813038565
2538 1702813038630
2539 1702813038685
2540 1702813038748
2541 1702813038816
2542 1702813038871
2543 1702813038924
2544 1702813038984
2545 1702813039045
2546 1702813039111
2547 1702813039180
2548 1702813039230
2549 1702813039289
2550 1702813039354
2551 1702813039414
2552 1702813039485
2553 1702813039528
2554 1702813039590
2555 1702813039659
2556 1702813039719
2557 1702813039773
2558 1702813039833
2559 1702813039899
2560 1702813039962
2561 1702813040012
2562 1702813040073
2563 1702813040137
2564 1702813040213
2565 1702813040257
2566 1702813040318
2567 1702813040389
2568 1702813040446
2569 1702813040496
2570 1702813040556
2571 1702813040622
2572 1702813040683
2573 1702813040742
2574 1702813040802
2575 1702813040865
2576 1702813040927
2577 1702813040981
2578 1702813041040
2579 1702813041105
2580 1702813041175
2581 1702813041225
2582 1702813041285
2583 1702813041350
2584 1702813041411
2585 1702813041466
2586 1702813041525
2587 1702813041590
2588 1702813041651
2589 1702813041706
2590 1702813041769
2591 1702813041834
2592 1702813041896
2593 1702813041949
2594 1702813042008
2595 1702813042073
2596 1702813042135
2597 1702813042190
2598 1702813042252
2599 1702813042314
2600 1702813042378
2601 1702813042437
2602 1702813042492
2603 1702813042553
2604 1702813042616
2605 1702813042675
2606 1702813042733
2607 1702813042801
2608 1702813042862
2609 1702813042917
2610 1702813042981
2611 1702813043042
2612 1702813043097
2613 1702813043156
2614 1702813043219
2615 1702813043282
2616 1702813043347
2617 1702813043400
2618 1702813043461
2619 1702813043527
2620 1702813043588
2621 1702813043643
2622 1702813043700
2623 1702813043761
2624 1702813043827
2625 1702813043887
2626 1702813043947
2627 1702813044026
2628 1702813044064
2629 1702813044125
2630 1702813044190
2631 1702813044251
2632 1702813044305
2633 1702813044369
2634 1702813044435
2635 1702813044494
2636 1702813044554
2637 1702813044609
2638 1702813044672
2639 1702813044735
2640 1702813044795
2641 1702813044855
2642 1702813044918
2643 1702813044978
2644 1702813045038
2645 1702813045093
2646 1702813045157
2647 1702813045218
2648 1702813045279
2649 1702813045333
2650 1702813045402
2651 1702813045463
2652 1702813045524
2653 1702813045579
2654 1702813045639
2655 1702813045699
2656 1702813045761
2657 1702813045821
2658 1702813045881
2659 1702813045944
2660 1702813046005
2661 1702813046061
2662 1702813046124
2663 1702813046187
2664 1702813046247
2665 1702813046302
2666 1702813046367
2667 1702813046436
2668 1702813046492
2669 1702813046545
2670 1702813046608
2671 1702813046671
2672 1702813046731
2673 1702813046786
2674 1702813046850
2675 1702813046911
2676 1702813046976
2677 1702813047029
2678 1702813047092
2679 1702813047154
2680 1702813047215
2681 1702813047270
2682 1702813047332
2683 1702813047394
2684 1702813047459
2685 1702813047512
2686 1702813047572
2687 1702813047639
2688 1702813047702
2689 1702813047755
2690 1702813047815
2691 1702813047879
2692 1702813047946
2693 1702813047998
2694 1702813048060
2695 1702813048120
2696 1702813048180
2697 1702813048238
2698 1702813048302
2699 1702813048363
2700 1702813048423
2701 1702813048477
2702 1702813048543
2703 1702813048606
2704 1702813048666
2705 1702813048721
2706 1702813048783
2707 1702813048846
2708 1702813048907
2709 1702813048961
2710 1702813049027
2711 1702813049089
2712 1702813049151
2713 1702813049210
2714 1702813049265
2715 1702813049329
2716 1702813049390
2717 1702813049447
2718 1702813049507
2719 1702813049574
2720 1702813049636
2721 1702813049690
2722 1702813049750
2723 1702813049814
2724 1702813049875
2725 1702813049931
2726 1702813049991
2727 1702813050058
2728 1702813050119
2729 1702813050175
2730 1702813050235
2731 1702813050298
2732 1702813050358
2733 1702813050414
2734 1702813050474
2735 1702813050538
2736 1702813050602
2737 1702813050659
2738 1702813050721
2739 1702813050783
2740 1702813050841
2741 1702813050899
2742 1702813050957
2743 1702813051023
2744 1702813051083
2745 1702813051141
2746 1702813051201
2747 1702813051265
2748 1702813051333
2749 1702813051380
2750 1702813051440
2751 1702813051507
2752 1702813051569
2753 1702813051626
2754 1702813051690
2755 1702813051750
2756 1702813051811
2757 1702813051866
2758 1702813051927
2759 1702813051990
2760 1702813052049
2761 1702813052106
2762 1702813052171
2763 1702813052233
2764 1702813052292
2765 1702813052352
2766 1702813052413
2767 1702813052472
2768 1702813052532
2769 1702813052591
2770 1702813052653
2771 1702813052718
2772 1702813052777
2773 1702813052834
2774 1702813052895
2775 1702813052959
2776 1702813053019
2777 1702813053073
2778 1702813053136
2779 1702813053202
2780 1702813053262
2781 1702813053318
2782 1702813053381
2783 1702813053445
2784 1702813053503
2785 1702813053557
2786 1702813053617
2787 1702813053684
2788 1702813053748
2789 1702813053802
2790 1702813053864
2791 1702813053928
2792 1702813053988
2793 1702813054041
2794 1702813054100
2795 1702813054162
2796 1702813054232
2797 1702813054300
2798 1702813054348
2799 1702813054405
2800 1702813054469
2801 1702813054532
2802 1702813054592
2803 1702813054645
2804 1702813054706
2805 1702813054776
2806 1702813054836
2807 1702813054891
2808 1702813054951
2809 1702813055012
2810 1702813055073
2811 1702813055133
2812 1702813055193
2813 1702813055253
2814 1702813055316
2815 1702813055385
2816 1702813055432
2817 1702813055492
2818 1702813055552
2819 1702813055617
2820 1702813055678
2821 1702813055739
2822 1702813055803
2823 1702813055857
2824 1702813055923
2825 1702813055983
2826 1702813056043
2827 1702813056097
2828 1702813056162
2829 1702813056222
2830 1702813056282
2831 1702813056342
2832 1702813056408
2833 1702813056467
2834 1702813056526
2835 1702813056581
2836 1702813056644
2837 1702813056716
2838 1702813056767
2839 1702813056825
2840 1702813056890
2841 1702813056951
2842 1702813057011
2843 1702813057065
2844 1702813057130
2845 1702813057191
2846 1702813057251
2847 1702813057306
2848 1702813057375
2849 1702813057435
2850 1702813057495
2851 1702813057549
2852 1702813057614
2853 1702813057674
2854 1702813057737
2855 1702813057790
2856 1702813057852
2857 1702813057922
2858 1702813057980
2859 1702813058034
2860 1702813058095
2861 1702813058159
2862 1702813058222
2863 1702813058273
2864 1702813058335
2865 1702813058441
2866 1702813058459
2867 1702813058522
2868 1702813058582
2869 1702813058642
2870 1702813058703
2871 1702813058757
2872 1702813058821
2873 1702813058882
2874 1702813058947
2875 1702813059002
2876 1702813059067
2877 1702813059127
2878 1702813059187
2879 1702813059241
2880 1702813059303
2881 1702813059368
2882 1702813059430
2883 1702813059486
2884 1702813059547
2885 1702813059611
2886 1702813059666
2887 1702813059725
2888 1702813059790
2889 1702813059849
2890 1702813059910
2891 1702813059970
2892 1702813060032
2893 1702813060094
2894 1702813060155
2895 1702813060210
2896 1702813060270
2897 1702813060332
2898 1702813060395
2899 1702813060451
2900 1702813060518
2901 1702813060578
2902 1702813060638
2903 1702813060694
2904 1702813060756
2905 1702813060818
2906 1702813060878
2907 1702813060934
2908 1702813061003
2909 1702813061063
2910 1702813061123
2911 1702813061177
2912 1702813061239
2913 1702813061303
2914 1702813061361
2915 1702813061418
2916 1702813061481
2917 1702813061547
2918 1702813061607
2919 1702813061662
2920 1702813061724
2921 1702813061787
2922 1702813061847
2923 1702813061902
2924 1702813061964
2925 1702813062031
2926 1702813062090
2927 1702813062147
2928 1702813062207
2929 1702813062271
2930 1702813062330
2931 1702813062390
2932 1702813062450
2933 1702813062507
2934 1702813062570
2935 1702813062634
2936 1702813062694
2937 1702813062756
2938 1702813062815
2939 1702813062869
2940 1702813062936
2941 1702813062995
2942 1702813063053
2943 1702813063115
2944 1702813063177
2945 1702813063237
2946 1702813063297
2947 1702813063357
2948 1702813063416
2949 1702813063476
2950 1702813063538
2951 1702813063599
2952 1702813063662
2953 1702813063722
2954 1702813063782
2955 1702813063838
2956 1702813063904
2957 1702813063963
2958 1702813064023
2959 1702813064078
2960 1702813064145
2961 1702813064206
2962 1702813064266
2963 1702813064321
2964 1702813064385
2965 1702813064446
2966 1702813064505
2967 1702813064561
2968 1702813064631
2969 1702813064691
2970 1702813064750
2971 1702813064806
2972 1702813064868
2973 1702813064931
2974 1702813064992
2975 1702813065046
2976 1702813065109
2977 1702813065176
2978 1702813065235
2979 1702813065289
2980 1702813065350
2981 1702813065414
2982 1702813065476
2983 1702813065532
2984 1702813065592
2985 1702813065653
2986 1702813065717
2987 1702813065776
2988 1702813065837
2989 1702813065901
2990 1702813065958
2991 1702813066014
2992 1702813066076
2993 1702813066138
2994 1702813066204
2995 1702813066257
2996 1702813066320
2997 1702813066383
2998 1702813066448
2999 1702813066498
3000 1702813066562
3001 1702813066622
3002 1702813066692
3003 1702813066741
3004 1702813066803
3005 1702813066867
3006 1702813066933
3007 1702813066982
3008 1702813067044
3009 1702813067106
3010 1702813067170
3011 1702813067231
3012 1702813067290
3013 1702813067351
3014 1702813067406
3015 1702813067466
3016 1702813067532
3017 1702813067592
3018 1702813067651
