1 1706970514035
2 1706970514119
3 1706970514136
4 1706970514201
5 1706970514260
6 1706970514321
7 1706970514386
8 1706970514442
9 1706970514501
10 1706970514562
11 1706970514625
12 1706970514688
13 1706970514749
14 1706970514808
15 1706970514868
16 1706970514929
17 1706970514988
18 1706970515048
19 1706970515106
20 1706970515171
21 1706970515233
22 1706970515293
23 1706970515352
24 1706970515412
25 1706970515472
26 1706970515532
27 1706970515593
28 1706970515654
29 1706970515717
30 1706970515777
31 1706970515837
32 1706970515897
33 1706970515957
34 1706970516017
35 1706970516077
36 1706970516137
37 1706970516200
38 1706970516261
39 1706970516321
40 1706970516381
41 1706970516441
42 1706970516501
43 1706970516556
44 1706970516617
45 1706970516682
46 1706970516741
47 1706970516801
48 1706970516861
49 1706970516925
50 1706970516981
51 1706970517046
52 1706970517100
53 1706970517160
54 1706970517223
55 1706970517285
56 1706970517344
57 1706970517404
58 1706970517466
59 1706970517527
60 1706970517587
61 1706970517644
62 1706970517707
63 1706970517767
64 1706970517831
65 1706970517889
66 1706970517951
67 1706970518011
68 1706970518071
69 1706970518129
70 1706970518190
71 1706970518251
72 1706970518313
73 1706970518374
74 1706970518433
75 1706970518495
76 1706970518555
77 1706970518613
78 1706970518675
79 1706970518733
80 1706970518792
81 1706970518859
82 1706970518917
83 1706970518979
84 1706970519036
85 1706970519099
86 1706970519159
87 1706970519218
88 1706970519279
89 1706970519337
90 1706970519403
91 1706970519461
92 1706970519521
93 1706970519581
94 1706970519641
95 1706970519703
96 1706970519760
97 1706970519822
98 1706970519887
99 1706970519947
100 1706970520006
101 1706970520067
102 1706970520127
103 1706970520185
104 1706970520244
105 1706970520308
106 1706970520364
107 1706970520431
108 1706970520488
109 1706970520550
110 1706970520611
111 1706970520671
112 1706970520728
113 1706970520791
114 1706970520851
115 1706970520915
116 1706970520972
117 1706970521035
118 1706970521096
119 1706970521153
120 1706970521213
121 1706970521275
122 1706970521333
123 1706970521395
124 1706970521457
125 1706970521517
126 1706970521579
127 1706970521637
128 1706970521697
129 1706970521758
130 1706970521818
131 1706970521878
132 1706970521936
133 1706970522003
134 1706970522060
135 1706970522121
136 1706970522180
137 1706970522240
138 1706970522303
139 1706970522360
140 1706970522420
141 1706970522485
142 1706970522545
143 1706970522605
144 1706970522664
145 1706970522724
146 1706970522785
147 1706970522845
148 1706970522904
149 1706970522965
150 1706970523029
151 1706970523090
152 1706970523149
153 1706970523208
154 1706970523271
155 1706970523329
156 1706970523388
157 1706970523449
158 1706970523514
159 1706970523573
160 1706970523632
161 1706970523693
162 1706970523753
163 1706970523815
164 1706970523872
165 1706970523933
166 1706970523995
167 1706970524056
168 1706970524118
169 1706970524176
170 1706970524239
171 1706970524296
172 1706970524357
173 1706970524419
174 1706970524476
175 1706970524539
176 1706970524600
177 1706970524662
178 1706970524721
179 1706970524783
180 1706970524840
181 1706970524900
182 1706970524964
183 1706970525021
184 1706970525085
185 1706970525145
186 1706970525207
187 1706970525265
188 1706970525325
189 1706970525385
190 1706970525446
191 1706970525505
192 1706970525564
193 1706970525632
194 1706970525689
195 1706970525751
196 1706970525809
197 1706970525868
198 1706970525931
199 1706970525990
200 1706970526049
201 1706970526109
202 1706970526174
203 1706970526233
204 1706970526293
205 1706970526353
206 1706970526413
207 1706970526475
208 1706970526532
209 1706970526594
210 1706970526659
211 1706970526717
212 1706970526777
213 1706970526838
214 1706970526897
215 1706970526959
216 1706970527018
217 1706970527076
218 1706970527139
219 1706970527203
220 1706970527261
221 1706970527322
222 1706970527382
223 1706970527442
224 1706970527502
225 1706970527562
226 1706970527623
227 1706970527686
228 1706970527746
229 1706970527805
230 1706970527865
231 1706970527927
232 1706970527988
233 1706970528045
234 1706970528108
235 1706970528167
236 1706970528231
237 1706970528289
238 1706970528349
239 1706970528411
240 1706970528469
241 1706970528529
242 1706970528591
243 1706970528649
244 1706970528711
245 1706970528773
246 1706970528835
247 1706970528893
248 1706970528953
249 1706970529013
250 1706970529075
251 1706970529132
252 1706970529194
253 1706970529257
254 1706970529319
255 1706970529377
256 1706970529437
257 1706970529499
258 1706970529557
259 1706970529619
260 1706970529677
261 1706970529738
262 1706970529802
263 1706970529861
264 1706970529921
265 1706970529983
266 1706970530043
267 1706970530101
268 1706970530161
269 1706970530223
270 1706970530285
271 1706970530347
272 1706970530406
273 1706970530465
274 1706970530528
275 1706970530585
276 1706970530645
277 1706970530705
278 1706970530766
279 1706970530829
280 1706970530889
281 1706970530949
282 1706970531011
283 1706970531068
284 1706970531129
285 1706970531191
286 1706970531249
287 1706970531311
288 1706970531373
289 1706970531433
290 1706970531495
291 1706970531553
292 1706970531613
293 1706970531673
294 1706970531732
295 1706970531795
296 1706970531860
297 1706970531917
298 1706970531976
299 1706970532040
300 1706970532100
301 1706970532157
302 1706970532218
303 1706970532278
304 1706970532339
305 1706970532401
306 1706970532463
307 1706970532523
308 1706970532582
309 1706970532642
310 1706970532702
311 1706970532761
312 1706970532823
313 1706970532885
314 1706970532947
315 1706970533006
316 1706970533065
317 1706970533126
318 1706970533187
319 1706970533245
320 1706970533308
321 1706970533366
322 1706970533431
323 1706970533491
324 1706970533551
325 1706970533609
326 1706970533671
327 1706970533729
328 1706970533791
329 1706970533849
330 1706970533909
331 1706970533976
332 1706970534033
333 1706970534095
334 1706970534154
335 1706970534213
336 1706970534275
337 1706970534335
338 1706970534395
339 1706970534458
340 1706970534517
341 1706970534578
342 1706970534642
343 1706970534699
344 1706970534759
345 1706970534819
346 1706970534879
347 1706970534940
348 1706970535001
349 1706970535063
350 1706970535123
351 1706970535181
352 1706970535243
353 1706970535304
354 1706970535362
355 1706970535421
356 1706970535488
357 1706970535548
358 1706970535607
359 1706970535665
360 1706970535726
361 1706970535787
362 1706970535849
363 1706970535905
364 1706970535966
365 1706970536031
366 1706970536091
367 1706970536151
368 1706970536211
369 1706970536271
370 1706970536332
371 1706970536391
372 1706970536451
373 1706970536513
374 1706970536573
375 1706970536633
376 1706970536693
377 1706970536755
378 1706970536815
379 1706970536873
380 1706970536935
381 1706970536993
382 1706970537057
383 1706970537118
384 1706970537179
385 1706970537239
386 1706970537299
387 1706970537359
388 1706970537419
389 1706970537479
390 1706970537539
391 1706970537603
392 1706970537663
393 1706970537723
394 1706970537783
395 1706970537843
396 1706970537903
397 1706970537963
398 1706970538023
399 1706970538085
400 1706970538149
401 1706970538207
402 1706970538267
403 1706970538328
404 1706970538387
405 1706970538446
406 1706970538505
407 1706970538565
408 1706970538631
409 1706970538688
410 1706970538751
411 1706970538809
412 1706970538871
413 1706970538928
414 1706970538991
415 1706970539050
416 1706970539110
417 1706970539176
418 1706970539235
419 1706970539293
420 1706970539356
421 1706970539415
422 1706970539475
423 1706970539533
424 1706970539594
425 1706970539659
426 1706970539719
427 1706970539777
428 1706970539840
429 1706970539897
430 1706970539958
431 1706970540017
432 1706970540080
433 1706970540137
434 1706970540200
435 1706970540263
436 1706970540321
437 1706970540383
438 1706970540440
439 1706970540501
440 1706970540563
441 1706970540621
442 1706970540685
443 1706970540745
444 1706970540804
445 1706970540864
446 1706970540924
447 1706970540988
448 1706970541047
449 1706970541107
450 1706970541167
451 1706970541229
452 1706970541291
453 1706970541349
454 1706970541409
455 1706970541471
456 1706970541530
457 1706970541591
458 1706970541651
459 1706970541709
460 1706970541775
461 1706970541835
462 1706970541895
463 1706970541955
464 1706970542015
465 1706970542075
466 1706970542133
467 1706970542196
468 1706970542257
469 1706970542319
470 1706970542379
471 1706970542437
472 1706970542499
473 1706970542557
474 1706970542619
475 1706970542677
476 1706970542739
477 1706970542802
478 1706970542861
479 1706970542923
480 1706970542982
481 1706970543041
482 1706970543101
483 1706970543164
484 1706970543221
485 1706970543288
486 1706970543345
487 1706970543405
488 1706970543467
489 1706970543527
490 1706970543585
491 1706970543648
492 1706970543705
493 1706970543768
494 1706970543831
495 1706970543889
496 1706970543951
497 1706970544011
498 1706970544069
499 1706970544131
500 1706970544192
501 1706970544250
502 1706970544310
503 1706970544374
504 1706970544435
505 1706970544493
506 1706970544554
507 1706970544613
508 1706970544675
509 1706970544734
510 1706970544793
511 1706970544860
512 1706970544918
513 1706970544980
514 1706970545037
515 1706970545098
516 1706970545159
517 1706970545217
518 1706970545277
519 1706970545339
520 1706970545401
521 1706970545463
522 1706970545522
523 1706970545582
524 1706970545642
525 1706970545702
526 1706970545762
527 1706970545821
528 1706970545887
529 1706970545947
530 1706970546007
531 1706970546065
532 1706970546127
533 1706970546187
534 1706970546247
535 1706970546305
536 1706970546367
537 1706970546430
538 1706970546491
539 1706970546549
540 1706970546611
541 1706970546670
542 1706970546730
543 1706970546789
544 1706970546849
545 1706970546911
546 1706970546975
547 1706970547033
548 1706970547093
549 1706970547155
550 1706970547214
551 1706970547275
552 1706970547333
553 1706970547393
554 1706970547459
555 1706970547519
556 1706970547577
557 1706970547638
558 1706970547698
559 1706970547759
560 1706970547817
561 1706970547879
562 1706970547938
563 1706970548002
564 1706970548061
565 1706970548123
566 1706970548181
567 1706970548243
568 1706970548301
569 1706970548363
570 1706970548421
571 1706970548483
572 1706970548546
573 1706970548607
574 1706970548667
575 1706970548727
576 1706970548787
577 1706970548846
578 1706970548907
579 1706970548966
580 1706970549031
581 1706970549089
582 1706970549151
583 1706970549211
584 1706970549271
585 1706970549330
586 1706970549392
587 1706970549451
588 1706970549511
589 1706970549573
590 1706970549635
591 1706970549694
592 1706970549754
593 1706970549814
594 1706970549874
595 1706970549935
596 1706970549995
597 1706970550058
598 1706970550119
599 1706970550179
600 1706970550239
601 1706970550297
602 1706970550359
603 1706970550418
604 1706970550479
605 1706970550537
606 1706970550603
607 1706970550664
608 1706970550723
609 1706970550782
610 1706970550843
611 1706970550903
612 1706970550963
613 1706970551022
614 1706970551082
615 1706970551147
616 1706970551205
617 1706970551267
618 1706970551327
619 1706970551386
620 1706970551447
621 1706970551506
622 1706970551567
623 1706970551631
624 1706970551689
625 1706970551752
626 1706970551810
627 1706970551872
628 1706970551930
629 1706970551989
630 1706970552052
631 1706970552110
632 1706970552174
633 1706970552235
634 1706970552295
635 1706970552353
636 1706970552415
637 1706970552474
638 1706970552535
639 1706970552593
640 1706970552659
641 1706970552717
642 1706970552779
643 1706970552839
644 1706970552897
645 1706970552959
646 1706970553017
647 1706970553080
648 1706970553137
649 1706970553203
650 1706970553261
651 1706970553323
652 1706970553383
653 1706970553441
654 1706970553503
655 1706970553562
656 1706970553621
657 1706970553683
658 1706970553745
659 1706970553807
660 1706970553865
661 1706970553927
662 1706970553987
663 1706970554047
664 1706970554107
665 1706970554167
666 1706970554231
667 1706970554291
668 1706970554351
669 1706970554411
670 1706970554471
671 1706970554531
672 1706970554590
673 1706970554649
674 1706970554711
675 1706970554774
676 1706970554834
677 1706970554895
678 1706970554956
679 1706970555015
680 1706970555075
681 1706970555133
682 1706970555196
683 1706970555259
684 1706970555317
685 1706970555379
686 1706970555437
687 1706970555499
688 1706970555559
689 1706970555617
690 1706970555679
691 1706970555739
692 1706970555803
693 1706970555863
694 1706970555923
695 1706970555982
696 1706970556042
697 1706970556102
698 1706970556163
699 1706970556222
700 1706970556283
701 1706970556345
702 1706970556407
703 1706970556465
704 1706970556526
705 1706970556585
706 1706970556647
707 1706970556705
708 1706970556767
709 1706970556829
710 1706970556891
711 1706970556951
712 1706970557009
713 1706970557071
714 1706970557130
715 1706970557191
716 1706970557251
717 1706970557309
718 1706970557375
719 1706970557434
720 1706970557494
721 1706970557555
722 1706970557613
723 1706970557675
724 1706970557733
725 1706970557793
726 1706970557859
727 1706970557917
728 1706970557979
729 1706970558037
730 1706970558100
731 1706970558158
732 1706970558217
733 1706970558280
734 1706970558337
735 1706970558404
736 1706970558462
737 1706970558521
738 1706970558584
739 1706970558641
740 1706970558702
741 1706970558762
742 1706970558822
743 1706970558883
744 1706970558945
745 1706970559007
746 1706970559067
747 1706970559125
748 1706970559185
749 1706970559245
750 1706970559308
751 1706970559365
752 1706970559430
753 1706970559489
754 1706970559551
755 1706970559609
756 1706970559669
757 1706970559732
758 1706970559789
759 1706970559852
760 1706970559909
761 1706970559975
762 1706970560033
763 1706970560096
764 1706970560155
765 1706970560213
766 1706970560275
767 1706970560335
768 1706970560395
769 1706970560458
770 1706970560519
771 1706970560579
772 1706970560637
773 1706970560700
774 1706970560757
775 1706970560820
776 1706970560879
777 1706970560937
778 1706970561004
779 1706970561062
780 1706970561121
781 1706970561184
782 1706970561243
783 1706970561302
784 1706970561361
785 1706970561424
786 1706970561481
787 1706970561548
788 1706970561605
789 1706970561668
790 1706970561725
791 1706970561788
792 1706970561845
793 1706970561905
794 1706970561968
795 1706970562030
796 1706970562092
797 1706970562149
798 1706970562211
799 1706970562271
800 1706970562329
801 1706970562391
802 1706970562449
803 1706970562512
804 1706970562573
805 1706970562635
806 1706970562693
807 1706970562755
808 1706970562813
809 1706970562876
810 1706970562934
811 1706970562996
812 1706970563059
813 1706970563119
814 1706970563177
815 1706970563237
816 1706970563297
817 1706970563359
818 1706970563420
819 1706970563479
820 1706970563539
821 1706970563602
822 1706970563662
823 1706970563722
824 1706970563782
825 1706970563843
826 1706970563903
827 1706970563961
828 1706970564023
829 1706970564082
830 1706970564146
831 1706970564206
832 1706970564266
833 1706970564326
834 1706970564387
835 1706970564445
836 1706970564507
837 1706970564565
838 1706970564630
839 1706970564690
840 1706970564750
841 1706970564811
842 1706970564869
843 1706970564931
844 1706970564990
845 1706970565050
846 1706970565109
847 1706970565175
848 1706970565233
849 1706970565295
850 1706970565353
851 1706970565415
852 1706970565477
853 1706970565533
854 1706970565595
855 1706970565657
856 1706970565720
857 1706970565777
858 1706970565837
859 1706970565899
860 1706970565959
861 1706970566018
862 1706970566078
863 1706970566138
864 1706970566204
865 1706970566261
866 1706970566322
867 1706970566382
868 1706970566443
869 1706970566502
870 1706970566561
871 1706970566624
872 1706970566681
873 1706970566748
874 1706970566807
875 1706970566865
876 1706970566928
877 1706970566986
878 1706970567045
879 1706970567108
880 1706970567168
881 1706970567230
882 1706970567290
883 1706970567349
884 1706970567412
885 1706970567471
886 1706970567530
887 1706970567590
888 1706970567651
889 1706970567710
890 1706970567775
891 1706970567833
892 1706970567895
893 1706970567953
894 1706970568015
895 1706970568073
896 1706970568135
897 1706970568193
898 1706970568253
899 1706970568320
900 1706970568377
901 1706970568439
902 1706970568497
903 1706970568558
904 1706970568618
905 1706970568678
906 1706970568737
907 1706970568802
908 1706970568862
909 1706970568922
910 1706970568981
911 1706970569043
912 1706970569103
913 1706970569161
914 1706970569223
915 1706970569281
916 1706970569348
917 1706970569405
918 1706970569466
919 1706970569525
920 1706970569586
921 1706970569647
922 1706970569705
923 1706970569765
924 1706970569831
925 1706970569890
926 1706970569950
927 1706970570010
928 1706970570071
929 1706970570131
930 1706970570189
931 1706970570252
932 1706970570309
933 1706970570376
934 1706970570436
935 1706970570493
936 1706970570555
937 1706970570615
938 1706970570673
939 1706970570733
940 1706970570796
941 1706970570856
942 1706970570918
943 1706970570977
944 1706970571040
945 1706970571097
946 1706970571157
947 1706970571220
948 1706970571277
949 1706970571339
950 1706970571401
951 1706970571461
952 1706970571524
953 1706970571581
954 1706970571643
955 1706970571701
956 1706970571764
957 1706970571821
958 1706970571881
959 1706970571947
960 1706970572005
961 1706970572068
962 1706970572125
963 1706970572185
964 1706970572248
965 1706970572305
966 1706970572366
967 1706970572429
968 1706970572492
969 1706970572549
970 1706970572609
971 1706970572671
972 1706970572729
973 1706970572791
974 1706970572849
975 1706970572909
976 1706970572976
977 1706970573033
978 1706970573093
979 1706970573154
980 1706970573214
981 1706970573273
982 1706970573334
983 1706970573394
984 1706970573455
985 1706970573518
986 1706970573577
987 1706970573639
988 1706970573699
989 1706970573757
990 1706970573817
991 1706970573879
992 1706970573937
993 1706970574004
994 1706970574061
995 1706970574121
996 1706970574184
997 1706970574243
998 1706970574301
999 1706970574363
1000 1706970574422
1001 1706970574483
1002 1706970574545
1003 1706970574607
1004 1706970574667
1005 1706970574726
1006 1706970574786
1007 1706970574846
1008 1706970574906
1009 1706970574966
1010 1706970575031
1011 1706970575089
1012 1706970575152
1013 1706970575209
1014 1706970575272
1015 1706970575329
1016 1706970575392
1017 1706970575449
1018 1706970575510
1019 1706970575576
1020 1706970575634
1021 1706970575696
1022 1706970575755
1023 1706970575814
1024 1706970575875
1025 1706970575934
1026 1706970575994
1027 1706970576055
1028 1706970576119
1029 1706970576177
1030 1706970576239
1031 1706970576298
1032 1706970576358
1033 1706970576418
1034 1706970576478
1035 1706970576539
1036 1706970576601
1037 1706970576664
1038 1706970576721
1039 1706970576781
1040 1706970576844
1041 1706970576901
1042 1706970576961
1043 1706970577021
1044 1706970577082
1045 1706970577148
1046 1706970577207
1047 1706970577265
1048 1706970577326
1049 1706970577387
1050 1706970577445
1051 1706970577508
1052 1706970577565
1053 1706970577631
1054 1706970577690
1055 1706970577752
1056 1706970577809
1057 1706970577872
1058 1706970577930
1059 1706970577990
1060 1706970578050
1061 1706970578110
1062 1706970578175
1063 1706970578233
1064 1706970578294
1065 1706970578353
1066 1706970578416
1067 1706970578473
1068 1706970578534
1069 1706970578594
1070 1706970578655
1071 1706970578717
1072 1706970578778
1073 1706970578838
1074 1706970578900
1075 1706970578957
1076 1706970579019
1077 1706970579077
1078 1706970579140
1079 1706970579201
1080 1706970579261
1081 1706970579323
1082 1706970579382
1083 1706970579443
1084 1706970579501
1085 1706970579562
1086 1706970579624
1087 1706970579681
1088 1706970579746
1089 1706970579805
1090 1706970579868
1091 1706970579925
1092 1706970579985
1093 1706970580046
1094 1706970580108
1095 1706970580165
1096 1706970580231
1097 1706970580289
1098 1706970580351
1099 1706970580412
1100 1706970580469
1101 1706970580530
1102 1706970580590
1103 1706970580652
1104 1706970580709
1105 1706970580773
1106 1706970580836
1107 1706970580893
1108 1706970580953
1109 1706970581016
1110 1706970581073
1111 1706970581136
1112 1706970581193
1113 1706970581254
1114 1706970581319
1115 1706970581378
1116 1706970581438
1117 1706970581498
1118 1706970581560
1119 1706970581618
1120 1706970581678
1121 1706970581737
1122 1706970581803
1123 1706970581861
1124 1706970581925
1125 1706970581981
1126 1706970582043
1127 1706970582101
1128 1706970582162
1129 1706970582221
1130 1706970582283
1131 1706970582346
1132 1706970582405
1133 1706970582468
1134 1706970582525
1135 1706970582588
1136 1706970582646
1137 1706970582705
1138 1706970582768
1139 1706970582832
1140 1706970582891
1141 1706970582952
1142 1706970583012
1143 1706970583072
1144 1706970583132
1145 1706970583189
1146 1706970583252
1147 1706970583310
1148 1706970583374
1149 1706970583434
1150 1706970583496
1151 1706970583554
1152 1706970583614
1153 1706970583677
1154 1706970583735
1155 1706970583794
1156 1706970583854
1157 1706970583920
1158 1706970583980
1159 1706970584039
1160 1706970584099
1161 1706970584157
1162 1706970584218
1163 1706970584279
1164 1706970584340
1165 1706970584402
1166 1706970584464
1167 1706970584522
1168 1706970584583
1169 1706970584644
1170 1706970584701
1171 1706970584764
1172 1706970584823
1173 1706970584881
1174 1706970584948
1175 1706970585006
1176 1706970585066
1177 1706970585128
1178 1706970585187
1179 1706970585247
1180 1706970585307
1181 1706970585367
1182 1706970585431
1183 1706970585491
1184 1706970585551
1185 1706970585611
1186 1706970585671
1187 1706970585731
1188 1706970585790
1189 1706970585852
1190 1706970585911
1191 1706970585975
1192 1706970586035
1193 1706970586094
1194 1706970586156
1195 1706970586216
1196 1706970586273
1197 1706970586334
1198 1706970586395
1199 1706970586454
1200 1706970586518
1201 1706970586579
1202 1706970586637
1203 1706970586700
1204 1706970586757
1205 1706970586817
1206 1706970586880
1207 1706970586937
1208 1706970587005
1209 1706970587061
1210 1706970587124
1211 1706970587181
1212 1706970587243
1213 1706970587301
1214 1706970587364
1215 1706970587421
1216 1706970587481
1217 1706970587548
1218 1706970587605
1219 1706970587668
1220 1706970587726
1221 1706970587786
1222 1706970587847
1223 1706970587905
1224 1706970587966
1225 1706970588026
1226 1706970588092
1227 1706970588151
1228 1706970588211
1229 1706970588269
1230 1706970588332
1231 1706970588391
1232 1706970588450
1233 1706970588509
1234 1706970588576
1235 1706970588633
1236 1706970588695
1237 1706970588753
1238 1706970588816
1239 1706970588873
1240 1706970588933
1241 1706970588996
1242 1706970589053
1243 1706970589120
1244 1706970589177
1245 1706970589237
1246 1706970589300
1247 1706970589358
1248 1706970589418
1249 1706970589478
1250 1706970589540
1251 1706970589601
1252 1706970589661
1253 1706970589724
1254 1706970589781
1255 1706970589844
1256 1706970589902
1257 1706970589962
1258 1706970590023
1259 1706970590083
1260 1706970590145
1261 1706970590205
1262 1706970590268
1263 1706970590325
1264 1706970590388
1265 1706970590445
1266 1706970590508
1267 1706970590566
1268 1706970590627
1269 1706970590689
1270 1706970590752
1271 1706970590809
1272 1706970590872
1273 1706970590929
1274 1706970590992
1275 1706970591049
1276 1706970591109
1277 1706970591176
1278 1706970591234
1279 1706970591296
1280 1706970591355
1281 1706970591416
1282 1706970591475
1283 1706970591536
1284 1706970591596
1285 1706970591656
1286 1706970591719
1287 1706970591780
1288 1706970591838
1289 1706970591898
1290 1706970591960
1291 1706970592020
1292 1706970592079
1293 1706970592140
1294 1706970592201
1295 1706970592261
1296 1706970592324
1297 1706970592382
1298 1706970592441
1299 1706970592504
1300 1706970592562
1301 1706970592624
1302 1706970592683
1303 1706970592746
1304 1706970592806
1305 1706970592866
1306 1706970592926
1307 1706970592986
1308 1706970593048
1309 1706970593106
1310 1706970593166
1311 1706970593227
1312 1706970593290
1313 1706970593350
1314 1706970593412
1315 1706970593470
1316 1706970593532
1317 1706970593590
1318 1706970593650
1319 1706970593710
1320 1706970593776
1321 1706970593834
1322 1706970593894
1323 1706970593955
1324 1706970594015
1325 1706970594075
1326 1706970594135
1327 1706970594195
1328 1706970594254
1329 1706970594320
1330 1706970594379
1331 1706970594438
1332 1706970594501
1333 1706970594560
1334 1706970594620
1335 1706970594677
1336 1706970594739
1337 1706970594804
1338 1706970594864
1339 1706970594924
1340 1706970594984
1341 1706970595044
1342 1706970595104
1343 1706970595164
1344 1706970595224
1345 1706970595284
1346 1706970595346
1347 1706970595405
1348 1706970595467
1349 1706970595526
1350 1706970595586
1351 1706970595646
1352 1706970595709
1353 1706970595766
1354 1706970595826
1355 1706970595890
1356 1706970595952
1357 1706970596012
1358 1706970596069
1359 1706970596132
1360 1706970596190
1361 1706970596252
1362 1706970596309
1363 1706970596373
1364 1706970596436
1365 1706970596496
1366 1706970596554
1367 1706970596614
1368 1706970596674
1369 1706970596735
1370 1706970596794
1371 1706970596853
1372 1706970596922
1373 1706970596980
1374 1706970597038
1375 1706970597099
1376 1706970597158
1377 1706970597219
1378 1706970597278
1379 1706970597338
1380 1706970597403
1381 1706970597464
1382 1706970597524
1383 1706970597582
1384 1706970597644
1385 1706970597704
1386 1706970597762
1387 1706970597822
1388 1706970597884
1389 1706970597946
1390 1706970598006
1391 1706970598068
1392 1706970598128
1393 1706970598188
1394 1706970598246
1395 1706970598305
1396 1706970598368
1397 1706970598426
1398 1706970598492
1399 1706970598550
1400 1706970598612
1401 1706970598672
1402 1706970598730
1403 1706970598790
1404 1706970598852
1405 1706970598910
1406 1706970598976
1407 1706970599034
1408 1706970599094
1409 1706970599156
1410 1706970599213
1411 1706970599276
1412 1706970599334
1413 1706970599396
1414 1706970599456
1415 1706970599518
1416 1706970599580
1417 1706970599638
1418 1706970599700
1419 1706970599758
1420 1706970599820
1421 1706970599878
1422 1706970599940
1423 1706970600002
1424 1706970600064
1425 1706970600122
1426 1706970600183
1427 1706970600244
1428 1706970600302
1429 1706970600364
1430 1706970600422
1431 1706970600482
1432 1706970600548
1433 1706970600606
1434 1706970600666
1435 1706970600728
1436 1706970600786
1437 1706970600848
1438 1706970600906
1439 1706970600965
1440 1706970601028
1441 1706970601092
1442 1706970601149
1443 1706970601213
1444 1706970601270
1445 1706970601331
1446 1706970601389
1447 1706970601452
1448 1706970601510
1449 1706970601576
1450 1706970601636
1451 1706970601694
1452 1706970601755
1453 1706970601815
1454 1706970601875
1455 1706970601934
1456 1706970601996
1457 1706970602054
1458 1706970602118
1459 1706970602180
1460 1706970602240
1461 1706970602298
1462 1706970602360
1463 1706970602420
1464 1706970602480
1465 1706970602540
1466 1706970602602
1467 1706970602663
1468 1706970602723
1469 1706970602784
1470 1706970602844
1471 1706970602902
1472 1706970602964
1473 1706970603024
1474 1706970603082
1475 1706970603146
1476 1706970603207
1477 1706970603268
1478 1706970603328
1479 1706970603388
1480 1706970603446
1481 1706970603508
1482 1706970603566
1483 1706970603628
1484 1706970603692
1485 1706970603752
1486 1706970603812
1487 1706970603872
1488 1706970603932
1489 1706970603992
1490 1706970604052
1491 1706970604110
1492 1706970604176
1493 1706970604237
1494 1706970604296
1495 1706970604356
1496 1706970604416
1497 1706970604474
1498 1706970604534
1499 1706970604594
1500 1706970604657
1501 1706970604718
1502 1706970604779
1503 1706970604839
1504 1706970604900
1505 1706970604958
1506 1706970605018
1507 1706970605078
1508 1706970605140
1509 1706970605202
1510 1706970605264
1511 1706970605321
1512 1706970605384
1513 1706970605444
1514 1706970605502
1515 1706970605563
1516 1706970605624
1517 1706970605683
1518 1706970605746
1519 1706970605807
1520 1706970605866
1521 1706970605928
1522 1706970605988
1523 1706970606046
1524 1706970606107
1525 1706970606168
1526 1706970606228
1527 1706970606292
1528 1706970606350
1529 1706970606410
1530 1706970606470
1531 1706970606532
1532 1706970606590
1533 1706970606652
1534 1706970606710
1535 1706970606774
1536 1706970606836
1537 1706970606897
1538 1706970606954
1539 1706970607016
1540 1706970607074
1541 1706970607136
1542 1706970607196
1543 1706970607254
1544 1706970607318
1545 1706970607380
1546 1706970607440
1547 1706970607498
1548 1706970607557
1549 1706970607620
1550 1706970607678
1551 1706970607743
1552 1706970607801
1553 1706970607864
1554 1706970607922
1555 1706970607983
1556 1706970608042
1557 1706970608102
1558 1706970608164
1559 1706970608222
1560 1706970608282
1561 1706970608347
1562 1706970608406
1563 1706970608468
1564 1706970608526
1565 1706970608587
1566 1706970608649
1567 1706970608706
1568 1706970608766
1569 1706970608828
1570 1706970608890
1571 1706970608952
1572 1706970609010
1573 1706970609069
1574 1706970609132
1575 1706970609190
1576 1706970609250
1577 1706970609311
1578 1706970609374
1579 1706970609434
1580 1706970609496
1581 1706970609553
1582 1706970609616
1583 1706970609676
1584 1706970609733
1585 1706970609796
1586 1706970609854
1587 1706970609920
1588 1706970609978
1589 1706970610040
1590 1706970610100
1591 1706970610158
1592 1706970610218
1593 1706970610281
1594 1706970610338
1595 1706970610397
1596 1706970610464
1597 1706970610522
1598 1706970610584
1599 1706970610642
1600 1706970610703
1601 1706970610762
1602 1706970610824
1603 1706970610884
1604 1706970610946
1605 1706970611006
1606 1706970611068
1607 1706970611127
1608 1706970611188
1609 1706970611246
1610 1706970611307
1611 1706970611366
1612 1706970611426
1613 1706970611492
1614 1706970611552
1615 1706970611610
1616 1706970611672
1617 1706970611732
1618 1706970611789
1619 1706970611852
1620 1706970611910
1621 1706970611974
1622 1706970612033
1623 1706970612093
1624 1706970612154
1625 1706970612216
1626 1706970612276
1627 1706970612336
1628 1706970612396
1629 1706970612456
1630 1706970612520
1631 1706970612580
1632 1706970612640
1633 1706970612700
1634 1706970612760
1635 1706970612821
1636 1706970612880
1637 1706970612939
1638 1706970612999
1639 1706970613063
1640 1706970613122
1641 1706970613183
1642 1706970613243
1643 1706970613304
1644 1706970613364
1645 1706970613424
1646 1706970613484
1647 1706970613548
1648 1706970613606
1649 1706970613667
1650 1706970613727
1651 1706970613787
1652 1706970613847
1653 1706970613906
1654 1706970613965
1655 1706970614028
1656 1706970614090
1657 1706970614153
1658 1706970614212
1659 1706970614270
1660 1706970614331
1661 1706970614391
1662 1706970614450
1663 1706970614512
1664 1706970614576
1665 1706970614636
1666 1706970614696
1667 1706970614756
1668 1706970614816
1669 1706970614876
1670 1706970614936
1671 1706970614996
1672 1706970615056
1673 1706970615117
1674 1706970615181
1675 1706970615240
1676 1706970615300
1677 1706970615358
1678 1706970615418
1679 1706970615480
1680 1706970615539
1681 1706970615599
1682 1706970615663
1683 1706970615724
1684 1706970615783
1685 1706970615844
1686 1706970615904
1687 1706970615963
1688 1706970616024
1689 1706970616083
1690 1706970616148
1691 1706970616208
1692 1706970616267
1693 1706970616326
1694 1706970616389
1695 1706970616448
1696 1706970616508
1697 1706970616566
1698 1706970616628
1699 1706970616692
1700 1706970616752
1701 1706970616812
1702 1706970616872
1703 1706970616932
1704 1706970616992
1705 1706970617050
1706 1706970617111
1707 1706970617177
1708 1706970617236
1709 1706970617294
1710 1706970617356
1711 1706970617416
1712 1706970617476
1713 1706970617534
1714 1706970617596
1715 1706970617656
1716 1706970617720
1717 1706970617777
1718 1706970617840
1719 1706970617898
1720 1706970617958
1721 1706970618020
1722 1706970618078
1723 1706970618140
1724 1706970618199
1725 1706970618262
1726 1706970618322
1727 1706970618385
1728 1706970618443
1729 1706970618504
1730 1706970618562
1731 1706970618624
1732 1706970618685
1733 1706970618746
1734 1706970618807
1735 1706970618869
1736 1706970618927
1737 1706970618985
1738 1706970619048
1739 1706970619108
1740 1706970619166
1741 1706970619226
1742 1706970619292
1743 1706970619351
1744 1706970619410
1745 1706970619470
1746 1706970619532
1747 1706970619590
1748 1706970619650
1749 1706970619710
1750 1706970619776
1751 1706970619834
1752 1706970619893
1753 1706970619956
1754 1706970620016
1755 1706970620074
1756 1706970620134
1757 1706970620195
1758 1706970620254
1759 1706970620320
1760 1706970620377
1761 1706970620440
1762 1706970620498
1763 1706970620561
1764 1706970620618
1765 1706970620678
1766 1706970620740
1767 1706970620798
1768 1706970620864
1769 1706970620921
1770 1706970620984
1771 1706970621042
1772 1706970621104
1773 1706970621162
1774 1706970621224
1775 1706970621282
1776 1706970621348
1777 1706970621406
1778 1706970621468
1779 1706970621526
1780 1706970621588
1781 1706970621647
1782 1706970621708
1783 1706970621766
1784 1706970621827
1785 1706970621890
1786 1706970621953
1787 1706970622010
1788 1706970622073
1789 1706970622130
1790 1706970622192
1791 1706970622250
1792 1706970622312
1793 1706970622373
1794 1706970622434
1795 1706970622497
1796 1706970622557
1797 1706970622614
1798 1706970622674
1799 1706970622736
1800 1706970622794
1801 1706970622857
1802 1706970622918
1803 1706970622980
1804 1706970623039
1805 1706970623100
1806 1706970623160
1807 1706970623220
1808 1706970623280
1809 1706970623340
1810 1706970623400
1811 1706970623462
1812 1706970623524
1813 1706970623584
1814 1706970623644
1815 1706970623704
1816 1706970623764
1817 1706970623825
1818 1706970623884
1819 1706970623948
1820 1706970624010
1821 1706970624068
1822 1706970624128
1823 1706970624186
1824 1706970624249
1825 1706970624307
1826 1706970624368
1827 1706970624428
1828 1706970624490
1829 1706970624553
1830 1706970624612
1831 1706970624671
1832 1706970624731
1833 1706970624792
1834 1706970624852
1835 1706970624910
1836 1706970624976
1837 1706970625036
1838 1706970625096
1839 1706970625154
1840 1706970625215
1841 1706970625276
1842 1706970625334
1843 1706970625397
1844 1706970625454
1845 1706970625521
1846 1706970625578
1847 1706970625638
1848 1706970625700
1849 1706970625758
1850 1706970625818
1851 1706970625880
1852 1706970625938
1853 1706970626000
1854 1706970626062
1855 1706970626122
1856 1706970626183
1857 1706970626242
1858 1706970626302
1859 1706970626362
1860 1706970626425
1861 1706970626484
1862 1706970626547
1863 1706970626606
1864 1706970626669
1865 1706970626729
1866 1706970626786
1867 1706970626847
1868 1706970626907
1869 1706970626969
1870 1706970627028
1871 1706970627090
1872 1706970627153
1873 1706970627213
1874 1706970627272
1875 1706970627330
1876 1706970627392
1877 1706970627451
1878 1706970627510
1879 1706970627575
1880 1706970627634
1881 1706970627696
1882 1706970627754
1883 1706970627814
1884 1706970627876
1885 1706970627934
1886 1706970627996
1887 1706970628054
1888 1706970628121
1889 1706970628178
1890 1706970628240
1891 1706970628298
1892 1706970628361
1893 1706970628419
1894 1706970628480
1895 1706970628538
1896 1706970628600
1897 1706970628664
1898 1706970628722
1899 1706970628784
1900 1706970628842
1901 1706970628904
1902 1706970628964
1903 1706970629022
1904 1706970629084
1905 1706970629147
1906 1706970629209
1907 1706970629266
1908 1706970629328
1909 1706970629386
1910 1706970629448
1911 1706970629506
1912 1706970629566
1913 1706970629628
1914 1706970629690
1915 1706970629751
1916 1706970629812
1917 1706970629870
1918 1706970629932
1919 1706970629991
1920 1706970630050
1921 1706970630112
1922 1706970630175
1923 1706970630234
1924 1706970630295
1925 1706970630356
1926 1706970630413
1927 1706970630476
1928 1706970630534
1929 1706970630596
1930 1706970630654
1931 1706970630720
1932 1706970630778
1933 1706970630841
1934 1706970630898
1935 1706970630960
1936 1706970631020
1937 1706970631079
1938 1706970631140
1939 1706970631200
1940 1706970631263
1941 1706970631324
1942 1706970631384
1943 1706970631442
1944 1706970631503
1945 1706970631565
1946 1706970631624
1947 1706970631684
1948 1706970631748
1949 1706970631808
1950 1706970631868
1951 1706970631928
1952 1706970631988
1953 1706970632048
1954 1706970632108
1955 1706970632167
1956 1706970632229
1957 1706970632292
1958 1706970632353
1959 1706970632412
1960 1706970632472
1961 1706970632532
1962 1706970632592
1963 1706970632651
1964 1706970632711
1965 1706970632772
1966 1706970632836
1967 1706970632895
1968 1706970632957
1969 1706970633015
1970 1706970633074
1971 1706970633136
1972 1706970633196
1973 1706970633255
1974 1706970633318
1975 1706970633380
1976 1706970633438
1977 1706970633500
1978 1706970633560
1979 1706970633618
1980 1706970633681
1981 1706970633739
1982 1706970633799
1983 1706970633865
1984 1706970633923
1985 1706970633984
1986 1706970634044
1987 1706970634104
1988 1706970634164
1989 1706970634224
1990 1706970634284
1991 1706970634348
1992 1706970634408
1993 1706970634468
1994 1706970634528
1995 1706970634588
1996 1706970634648
1997 1706970634708
1998 1706970634768
1999 1706970634828
2000 1706970634892
2001 1706970634952
2002 1706970635013
2003 1706970635073
2004 1706970635132
2005 1706970635193
2006 1706970635252
2007 1706970635312
2008 1706970635373
2009 1706970635436
2010 1706970635496
2011 1706970635556
2012 1706970635616
2013 1706970635676
2014 1706970635734
2015 1706970635795
2016 1706970635857
2017 1706970635918
2018 1706970635977
2019 1706970636040
2020 1706970636101
2021 1706970636160
2022 1706970636220
2023 1706970636280
2024 1706970636341
2025 1706970636400
2026 1706970636464
2027 1706970636524
2028 1706970636584
2029 1706970636644
2030 1706970636704
2031 1706970636763
2032 1706970636824
2033 1706970636883
2034 1706970636948
2035 1706970637010
2036 1706970637068
2037 1706970637129
2038 1706970637188
2039 1706970637247
2040 1706970637308
2041 1706970637368
2042 1706970637427
2043 1706970637490
2044 1706970637550
2045 1706970637612
2046 1706970637672
2047 1706970637730
2048 1706970637792
2049 1706970637852
2050 1706970637912
2051 1706970637970
2052 1706970638034
2053 1706970638096
2054 1706970638155
2055 1706970638215
2056 1706970638274
2057 1706970638336
2058 1706970638394
2059 1706970638456
2060 1706970638521
2061 1706970638578
2062 1706970638641
2063 1706970638699
2064 1706970638758
2065 1706970638819
2066 1706970638880
2067 1706970638939
2068 1706970638999
2069 1706970639064
2070 1706970639124
2071 1706970639184
2072 1706970639243
2073 1706970639302
2074 1706970639364
2075 1706970639422
2076 1706970639485
2077 1706970639546
2078 1706970639609
2079 1706970639666
2080 1706970639727
2081 1706970639787
2082 1706970639847
2083 1706970639907
2084 1706970639968
2085 1706970640028
2086 1706970640092
2087 1706970640152
2088 1706970640212
2089 1706970640271
2090 1706970640332
2091 1706970640392
2092 1706970640452
2093 1706970640510
2094 1706970640573
2095 1706970640637
2096 1706970640696
2097 1706970640756
2098 1706970640816
2099 1706970640875
2100 1706970640936
2101 1706970640994
2102 1706970641056
2103 1706970641119
2104 1706970641179
2105 1706970641238
2106 1706970641300
2107 1706970641360
2108 1706970641420
2109 1706970641479
2110 1706970641541
2111 1706970641599
2112 1706970641664
2113 1706970641722
2114 1706970641784
2115 1706970641842
2116 1706970641904
2117 1706970641963
2118 1706970642024
2119 1706970642083
2120 1706970642149
2121 1706970642208
2122 1706970642269
2123 1706970642328
2124 1706970642388
2125 1706970642448
2126 1706970642507
2127 1706970642567
2128 1706970642627
2129 1706970642692
2130 1706970642751
2131 1706970642813
2132 1706970642873
2133 1706970642931
2134 1706970642993
2135 1706970643053
2136 1706970643112
2137 1706970643173
2138 1706970643235
2139 1706970643295
2140 1706970643356
2141 1706970643417
2142 1706970643475
2143 1706970643537
2144 1706970643596
2145 1706970643655
2146 1706970643719
2147 1706970643780
2148 1706970643840
2149 1706970643900
2150 1706970643960
2151 1706970644021
2152 1706970644081
2153 1706970644141
2154 1706970644199
2155 1706970644265
2156 1706970644324
2157 1706970644385
2158 1706970644445
2159 1706970644504
2160 1706970644565
2161 1706970644625
2162 1706970644684
2163 1706970644748
2164 1706970644809
2165 1706970644866
2166 1706970644926
2167 1706970644988
2168 1706970645048
2169 1706970645108
2170 1706970645167
2171 1706970645227
2172 1706970645293
2173 1706970645351
2174 1706970645412
2175 1706970645473
2176 1706970645531
2177 1706970645591
2178 1706970645653
2179 1706970645711
2180 1706970645771
2181 1706970645836
2182 1706970645896
2183 1706970645955
2184 1706970646015
2185 1706970646077
2186 1706970646137
2187 1706970646195
2188 1706970646257
2189 1706970646319
2190 1706970646381
2191 1706970646440
2192 1706970646498
2193 1706970646562
2194 1706970646621
2195 1706970646679
2196 1706970646739
2197 1706970646801
2198 1706970646863
2199 1706970646924
2200 1706970646982
2201 1706970647044
2202 1706970647102
2203 1706970647165
2204 1706970647222
2205 1706970647285
2206 1706970647347
2207 1706970647409
2208 1706970647468
2209 1706970647527
2210 1706970647589
2211 1706970647647
2212 1706970647709
2213 1706970647767
2214 1706970647828
2215 1706970647892
2216 1706970647952
2217 1706970648011
2218 1706970648073
2219 1706970648130
2220 1706970648193
2221 1706970648251
2222 1706970648313
2223 1706970648370
2224 1706970648434
2225 1706970648497
2226 1706970648554
2227 1706970648617
2228 1706970648674
2229 1706970648737
2230 1706970648796
2231 1706970648854
2232 1706970648920
2233 1706970648979
2234 1706970649039
2235 1706970649101
2236 1706970649158
2237 1706970649219
2238 1706970649281
2239 1706970649338
2240 1706970649401
2241 1706970649462
2242 1706970649524
2243 1706970649583
2244 1706970649643
2245 1706970649704
2246 1706970649763
2247 1706970649825
2248 1706970649883
2249 1706970649947
2250 1706970650008
2251 1706970650068
2252 1706970650128
2253 1706970650186
2254 1706970650250
2255 1706970650309
2256 1706970650366
2257 1706970650429
2258 1706970650491
2259 1706970650551
2260 1706970650613
2261 1706970650670
2262 1706970650731
2263 1706970650791
2264 1706970650850
2265 1706970650913
2266 1706970650971
2267 1706970651037
2268 1706970651097
2269 1706970651154
2270 1706970651217
2271 1706970651277
2272 1706970651337
2273 1706970651397
2274 1706970651458
2275 1706970651521
2276 1706970651580
2277 1706970651640
2278 1706970651701
2279 1706970651760
2280 1706970651821
2281 1706970651881
2282 1706970651940
2283 1706970652001
2284 1706970652065
2285 1706970652125
2286 1706970652185
2287 1706970652243
2288 1706970652305
2289 1706970652365
2290 1706970652423
2291 1706970652484
2292 1706970652544
2293 1706970652607
2294 1706970652666
2295 1706970652727
2296 1706970652789
2297 1706970652847
2298 1706970652906
2299 1706970652967
2300 1706970653028
2301 1706970653091
2302 1706970653152
2303 1706970653210
2304 1706970653272
2305 1706970653331
2306 1706970653391
2307 1706970653451
2308 1706970653513
2309 1706970653570
2310 1706970653637
2311 1706970653695
2312 1706970653756
2313 1706970653816
2314 1706970653876
2315 1706970653936
2316 1706970653997
2317 1706970654055
2318 1706970654120
2319 1706970654180
2320 1706970654240
2321 1706970654302
2322 1706970654358
2323 1706970654420
2324 1706970654478
2325 1706970654541
2326 1706970654598
2327 1706970654663
2328 1706970654724
2329 1706970654782
2330 1706970654842
2331 1706970654905
2332 1706970654965
2333 1706970655025
2334 1706970655083
2335 1706970655145
2336 1706970655209
2337 1706970655267
2338 1706970655328
2339 1706970655387
2340 1706970655449
2341 1706970655506
2342 1706970655568
2343 1706970655626
2344 1706970655693
2345 1706970655751
2346 1706970655813
2347 1706970655870
2348 1706970655933
2349 1706970655991
2350 1706970656052
2351 1706970656112
2352 1706970656172
2353 1706970656236
2354 1706970656296
2355 1706970656355
2356 1706970656417
2357 1706970656474
2358 1706970656535
2359 1706970656597
2360 1706970656654
2361 1706970656721
2362 1706970656780
2363 1706970656839
2364 1706970656901
2365 1706970656959
2366 1706970657019
2367 1706970657081
2368 1706970657138
2369 1706970657201
2370 1706970657263
2371 1706970657325
2372 1706970657383
2373 1706970657444
2374 1706970657504
2375 1706970657565
2376 1706970657623
2377 1706970657685
2378 1706970657745
2379 1706970657807
2380 1706970657868
2381 1706970657928
2382 1706970657988
2383 1706970658048
2384 1706970658108
2385 1706970658168
2386 1706970658227
2387 1706970658293
2388 1706970658353
2389 1706970658412
2390 1706970658472
2391 1706970658532
2392 1706970658591
2393 1706970658653
2394 1706970658712
2395 1706970658773
2396 1706970658836
2397 1706970658896
2398 1706970658956
2399 1706970659018
2400 1706970659077
2401 1706970659136
2402 1706970659195
2403 1706970659255
2404 1706970659319
2405 1706970659381
2406 1706970659439
2407 1706970659501
2408 1706970659559
2409 1706970659620
2410 1706970659681
2411 1706970659741
2412 1706970659800
2413 1706970659864
2414 1706970659924
2415 1706970659984
2416 1706970660044
2417 1706970660105
2418 1706970660164
2419 1706970660224
2420 1706970660284
2421 1706970660344
2422 1706970660409
2423 1706970660468
2424 1706970660528
2425 1706970660589
2426 1706970660649
2427 1706970660709
2428 1706970660769
2429 1706970660829
2430 1706970660893
2431 1706970660952
2432 1706970661012
2433 1706970661070
2434 1706970661133
2435 1706970661193
2436 1706970661253
2437 1706970661310
2438 1706970661370
2439 1706970661434
2440 1706970661497
2441 1706970661557
2442 1706970661617
2443 1706970661677
2444 1706970661737
2445 1706970661797
2446 1706970661856
2447 1706970661921
2448 1706970661981
2449 1706970662041
2450 1706970662101
2451 1706970662161
2452 1706970662218
2453 1706970662279
2454 1706970662341
2455 1706970662400
2456 1706970662465
2457 1706970662523
2458 1706970662583
2459 1706970662645
2460 1706970662703
2461 1706970662765
2462 1706970662824
2463 1706970662883
2464 1706970662944
2465 1706970663008
2466 1706970663068
2467 1706970663128
2468 1706970663188
2469 1706970663247
2470 1706970663308
2471 1706970663366
2472 1706970663429
2473 1706970663492
2474 1706970663550
2475 1706970663612
2476 1706970663670
2477 1706970663731
2478 1706970663790
2479 1706970663853
2480 1706970663910
2481 1706970663973
2482 1706970664036
2483 1706970664094
2484 1706970664157
2485 1706970664215
2486 1706970664275
2487 1706970664336
2488 1706970664396
2489 1706970664455
2490 1706970664521
2491 1706970664579
2492 1706970664640
2493 1706970664699
2494 1706970664760
2495 1706970664819
2496 1706970664881
2497 1706970664940
2498 1706970665000
2499 1706970665064
2500 1706970665124
2501 1706970665184
2502 1706970665245
2503 1706970665304
2504 1706970665363
2505 1706970665425
2506 1706970665483
2507 1706970665545
2508 1706970665609
2509 1706970665668
2510 1706970665727
2511 1706970665789
2512 1706970665847
2513 1706970665909
2514 1706970665969
2515 1706970666026
2516 1706970666093
2517 1706970666153
2518 1706970666210
2519 1706970666271
2520 1706970666333
2521 1706970666390
2522 1706970666451
2523 1706970666511
2524 1706970666573
2525 1706970666637
2526 1706970666694
2527 1706970666757
2528 1706970666816
2529 1706970666877
2530 1706970666937
2531 1706970666995
2532 1706970667056
2533 1706970667119
2534 1706970667178
2535 1706970667241
2536 1706970667298
2537 1706970667361
2538 1706970667419
2539 1706970667479
2540 1706970667541
2541 1706970667601
2542 1706970667664
2543 1706970667723
2544 1706970667782
2545 1706970667844
2546 1706970667905
2547 1706970667962
2548 1706970668022
2549 1706970668084
2550 1706970668143
2551 1706970668206
2552 1706970668266
2553 1706970668326
2554 1706970668389
2555 1706970668447
2556 1706970668507
2557 1706970668568
2558 1706970668629
2559 1706970668690
2560 1706970668752
2561 1706970668810
2562 1706970668873
2563 1706970668931
2564 1706970668993
2565 1706970669050
2566 1706970669113
2567 1706970669173
2568 1706970669237
2569 1706970669295
2570 1706970669357
2571 1706970669415
2572 1706970669474
2573 1706970669537
2574 1706970669596
2575 1706970669655
2576 1706970669721
2577 1706970669779
2578 1706970669841
2579 1706970669900
2580 1706970669961
2581 1706970670019
2582 1706970670080
2583 1706970670141
2584 1706970670198
2585 1706970670265
2586 1706970670324
2587 1706970670385
2588 1706970670443
2589 1706970670503
2590 1706970670565
2591 1706970670623
2592 1706970670685
2593 1706970670743
2594 1706970670809
2595 1706970670867
2596 1706970670929
2597 1706970670987
2598 1706970671049
2599 1706970671107
2600 1706970671169
2601 1706970671227
2602 1706970671294
2603 1706970671351
2604 1706970671413
2605 1706970671471
2606 1706970671533
2607 1706970671591
2608 1706970671653
2609 1706970671710
2610 1706970671773
2611 1706970671835
2612 1706970671897
2613 1706970671954
2614 1706970672020
2615 1706970672075
2616 1706970672137
2617 1706970672194
2618 1706970672257
2619 1706970672314
2620 1706970672378
2621 1706970672438
2622 1706970672501
2623 1706970672560
2624 1706970672621
2625 1706970672680
2626 1706970672741
2627 1706970672800
2628 1706970672865
2629 1706970672925
2630 1706970672985
2631 1706970673045
2632 1706970673105
2633 1706970673162
2634 1706970673225
2635 1706970673283
2636 1706970673344
2637 1706970673409
2638 1706970673466
2639 1706970673527
2640 1706970673588
2641 1706970673649
2642 1706970673708
2643 1706970673768
2644 1706970673828
2645 1706970673893
2646 1706970673953
2647 1706970674013
2648 1706970674073
2649 1706970674133
2650 1706970674193
2651 1706970674253
2652 1706970674311
2653 1706970674373
2654 1706970674435
2655 1706970674496
2656 1706970674556
2657 1706970674616
2658 1706970674677
2659 1706970674737
2660 1706970674796
2661 1706970674857
2662 1706970674915
2663 1706970674981
2664 1706970675041
2665 1706970675098
2666 1706970675161
2667 1706970675221
2668 1706970675279
2669 1706970675341
2670 1706970675401
2671 1706970675464
2672 1706970675524
2673 1706970675584
2674 1706970675645
2675 1706970675705
2676 1706970675764
2677 1706970675825
2678 1706970675885
2679 1706970675945
2680 1706970676009
2681 1706970676069
2682 1706970676127
2683 1706970676189
2684 1706970676248
2685 1706970676306
2686 1706970676369
2687 1706970676426
2688 1706970676490
2689 1706970676553
2690 1706970676613
2691 1706970676672
2692 1706970676733
2693 1706970676793
2694 1706970676852
2695 1706970676912
2696 1706970676970
2697 1706970677036
2698 1706970677095
2699 1706970677157
2700 1706970677215
2701 1706970677276
2702 1706970677335
2703 1706970677397
2704 1706970677457
2705 1706970677515
2706 1706970677581
2707 1706970677639
2708 1706970677701
2709 1706970677758
2710 1706970677821
2711 1706970677879
2712 1706970677941
2713 1706970678001
2714 1706970678064
2715 1706970678123
2716 1706970678185
2717 1706970678242
2718 1706970678305
2719 1706970678363
2720 1706970678425
2721 1706970678482
2722 1706970678545
2723 1706970678607
2724 1706970678669
2725 1706970678726
2726 1706970678789
2727 1706970678846
2728 1706970678909
2729 1706970678967
2730 1706970679029
2731 1706970679092
2732 1706970679154
2733 1706970679211
2734 1706970679272
2735 1706970679334
2736 1706970679392
2737 1706970679452
2738 1706970679512
2739 1706970679573
2740 1706970679637
2741 1706970679696
2742 1706970679757
2743 1706970679817
2744 1706970679877
2745 1706970679935
2746 1706970679996
2747 1706970680057
2748 1706970680116
2749 1706970680180
2750 1706970680240
2751 1706970680301
2752 1706970680360
2753 1706970680420
2754 1706970680481
2755 1706970680541
2756 1706970680600
2757 1706970680663
2758 1706970680725
2759 1706970680785
2760 1706970680843
2761 1706970680905
2762 1706970680963
2763 1706970681025
2764 1706970681085
2765 1706970681145
2766 1706970681209
2767 1706970681269
2768 1706970681329
2769 1706970681387
2770 1706970681447
2771 1706970681509
2772 1706970681569
2773 1706970681627
2774 1706970681691
2775 1706970681753
2776 1706970681813
2777 1706970681871
2778 1706970681933
2779 1706970681992
2780 1706970682053
2781 1706970682113
2782 1706970682173
2783 1706970682237
2784 1706970682297
2785 1706970682356
2786 1706970682417
2787 1706970682477
2788 1706970682537
2789 1706970682597
2790 1706970682657
2791 1706970682717
2792 1706970682781
2793 1706970682840
2794 1706970682899
2795 1706970682959
2796 1706970683023
2797 1706970683079
2798 1706970683139
2799 1706970683202
2800 1706970683265
2801 1706970683323
2802 1706970683383
2803 1706970683443
2804 1706970683503
2805 1706970683566
2806 1706970683625
2807 1706970683683
2808 1706970683744
2809 1706970683807
2810 1706970683867
2811 1706970683927
2812 1706970683988
2813 1706970684048
2814 1706970684108
2815 1706970684168
2816 1706970684228
2817 1706970684291
2818 1706970684353
2819 1706970684411
2820 1706970684472
2821 1706970684534
2822 1706970684592
2823 1706970684653
2824 1706970684712
2825 1706970684772
2826 1706970684834
2827 1706970684898
2828 1706970684955
2829 1706970685017
2830 1706970685075
2831 1706970685136
2832 1706970685196
2833 1706970685258
2834 1706970685317
2835 1706970685379
2836 1706970685442
2837 1706970685499
2838 1706970685561
2839 1706970685619
2840 1706970685681
2841 1706970685739
2842 1706970685802
2843 1706970685863
2844 1706970685926
2845 1706970685983
2846 1706970686043
2847 1706970686105
2848 1706970686163
2849 1706970686225
2850 1706970686283
2851 1706970686345
2852 1706970686409
2853 1706970686468
2854 1706970686528
2855 1706970686589
2856 1706970686647
2857 1706970686709
2858 1706970686769
2859 1706970686827
2860 1706970686894
2861 1706970686951
2862 1706970687011
2863 1706970687072
2864 1706970687133
2865 1706970687193
2866 1706970687253
2867 1706970687313
2868 1706970687373
2869 1706970687437
2870 1706970687497
2871 1706970687555
2872 1706970687618
2873 1706970687677
2874 1706970687737
2875 1706970687797
2876 1706970687857
2877 1706970687917
2878 1706970687981
2879 1706970688041
2880 1706970688101
2881 1706970688160
2882 1706970688219
2883 1706970688281
2884 1706970688341
2885 1706970688400
2886 1706970688465
2887 1706970688523
2888 1706970688585
2889 1706970688643
2890 1706970688704
2891 1706970688763
2892 1706970688825
2893 1706970688885
2894 1706970688942
2895 1706970689009
2896 1706970689066
2897 1706970689129
2898 1706970689186
2899 1706970689249
2900 1706970689307
2901 1706970689369
2902 1706970689426
2903 1706970689494
2904 1706970689550
2905 1706970689614
2906 1706970689670
2907 1706970689734
2908 1706970689791
2909 1706970689853
2910 1706970689911
2911 1706970689973
2912 1706970690035
2913 1706970690098
2914 1706970690157
2915 1706970690215
2916 1706970690278
2917 1706970690335
2918 1706970690397
2919 1706970690455
2920 1706970690517
2921 1706970690580
2922 1706970690640
2923 1706970690700
2924 1706970690761
2925 1706970690821
2926 1706970690881
2927 1706970690939
2928 1706970691001
2929 1706970691065
2930 1706970691125
2931 1706970691185
2932 1706970691245
2933 1706970691305
2934 1706970691365
2935 1706970691425
2936 1706970691485
2937 1706970691545
2938 1706970691609
2939 1706970691669
2940 1706970691729
2941 1706970691789
2942 1706970691849
2943 1706970691909
2944 1706970691967
2945 1706970692028
2946 1706970692092
2947 1706970692152
2948 1706970692214
2949 1706970692272
2950 1706970692333
2951 1706970692393
2952 1706970692451
2953 1706970692513
2954 1706970692573
2955 1706970692635
2956 1706970692697
2957 1706970692757
2958 1706970692817
2959 1706970692877
2960 1706970692937
2961 1706970692997
2962 1706970693057
2963 1706970693117
2964 1706970693181
2965 1706970693241
2966 1706970693301
2967 1706970693361
2968 1706970693421
2969 1706970693481
2970 1706970693541
2971 1706970693601
2972 1706970693665
2973 1706970693725
2974 1706970693785
2975 1706970693843
2976 1706970693905
2977 1706970693964
2978 1706970694026
2979 1706970694085
2980 1706970694145
2981 1706970694209
2982 1706970694266
2983 1706970694329
2984 1706970694388
2985 1706970694449
2986 1706970694509
2987 1706970694567
2988 1706970694629
2989 1706970694689
2990 1706970694751
2991 1706970694813
2992 1706970694873
2993 1706970694931
2994 1706970694994
2995 1706970695051
2996 1706970695112
2997 1706970695173
2998 1706970695236
2999 1706970695295
3000 1706970695357
3001 1706970695415
3002 1706970695477
3003 1706970695535
3004 1706970695598
3005 1706970695655
3006 1706970695718
3007 1706970695779
3008 1706970695839
3009 1706970695898
3010 1706970695958
3011 1706970696019
3012 1706970696081
3013 1706970696141
3014 1706970696201
3015 1706970696265
3016 1706970696325
3017 1706970696385
3018 1706970696445
3019 1706970696503
3020 1706970696565
3021 1706970696623
3022 1706970696685
3023 1706970696743
3024 1706970696809
3025 1706970696867
3026 1706970696929
3027 1706970696987
3028 1706970697050
3029 1706970697107
3030 1706970697169
3031 1706970697227
3032 1706970697290
3033 1706970697351
3034 1706970697413
3035 1706970697471
3036 1706970697532
3037 1706970697592
3038 1706970697652
3039 1706970697711
3040 1706970697774
3041 1706970697835
3042 1706970697896
3043 1706970697954
3044 1706970698014
3045 1706970698077
3046 1706970698137
3047 1706970698194
3048 1706970698255
3049 1706970698317
3050 1706970698379
3051 1706970698441
3052 1706970698501
3053 1706970698559
3054 1706970698621
3055 1706970698681
3056 1706970698739
3057 1706970698801
3058 1706970698865
3059 1706970698923
3060 1706970698985
3061 1706970699045
3062 1706970699106
3063 1706970699165
3064 1706970699225
3065 1706970699285
3066 1706970699345
3067 1706970699409
3068 1706970699469
3069 1706970699528
3070 1706970699590
3071 1706970699649
3072 1706970699709
3073 1706970699767
3074 1706970699827
3075 1706970699889
3076 1706970699953
3077 1706970700013
3078 1706970700073
3079 1706970700133
3080 1706970700193
3081 1706970700252
3082 1706970700312
3083 1706970700374
3084 1706970700437
3085 1706970700496
3086 1706970700555
3087 1706970700618
3088 1706970700677
3089 1706970700737
3090 1706970700797
3091 1706970700857
3092 1706970700916
3093 1706970700980
3094 1706970701041
3095 1706970701100
3096 1706970701160
3097 1706970701220
3098 1706970701281
3099 1706970701341
3100 1706970701401
3101 1706970701463
3102 1706970701526
3103 1706970701583
3104 1706970701644
3105 1706970701704
3106 1706970701765
3107 1706970701823
3108 1706970701885
3109 1706970701943
3110 1706970702009
3111 1706970702069
3112 1706970702129
3113 1706970702189
3114 1706970702249
3115 1706970702309
3116 1706970702369
3117 1706970702429
3118 1706970702489
3119 1706970702553
3120 1706970702613
3121 1706970702673
3122 1706970702732
3123 1706970702793
3124 1706970702853
3125 1706970702913
3126 1706970702973
3127 1706970703037
3128 1706970703097
3129 1706970703157
3130 1706970703217
3131 1706970703277
3132 1706970703337
3133 1706970703395
3134 1706970703456
3135 1706970703517
3136 1706970703581
3137 1706970703639
3138 1706970703702
3139 1706970703760
3140 1706970703822
3141 1706970703879
3142 1706970703942
3143 1706970704001
3144 1706970704065
3145 1706970704125
3146 1706970704185
3147 1706970704244
3148 1706970704305
3149 1706970704365
3150 1706970704425
3151 1706970704485
3152 1706970704545
3153 1706970704610
3154 1706970704669
3155 1706970704729
3156 1706970704789
3157 1706970704849
3158 1706970704909
3159 1706970704967
3160 1706970705030
3161 1706970705089
3162 1706970705152
3163 1706970705212
3164 1706970705271
3165 1706970705331
3166 1706970705393
3167 1706970705451
3168 1706970705511
3169 1706970705572
3170 1706970705636
3171 1706970705697
3172 1706970705754
3173 1706970705818
3174 1706970705875
3175 1706970705937
3176 1706970705995
3177 1706970706057
3178 1706970706117
3179 1706970706179
3180 1706970706240
3181 1706970706299
3182 1706970706361
3183 1706970706420
3184 1706970706480
3185 1706970706539
3186 1706970706602
3187 1706970706664
3188 1706970706724
3189 1706970706785
3190 1706970706844
3191 1706970706906
3192 1706970706965
3193 1706970707024
3194 1706970707085
3195 1706970707146
3196 1706970707209
3197 1706970707270
3198 1706970707328
3199 1706970707389
3200 1706970707447
3201 1706970707509
3202 1706970707567
3203 1706970707629
3204 1706970707689
3205 1706970707751
3206 1706970707813
3207 1706970707873
3208 1706970707933
3209 1706970707993
3210 1706970708053
3211 1706970708111
3212 1706970708172
3213 1706970708236
3214 1706970708298
3215 1706970708355
3216 1706970708418
3217 1706970708477
3218 1706970708535
3219 1706970708595
3220 1706970708655
3221 1706970708717
3222 1706970708779
3223 1706970708841
3224 1706970708899
3225 1706970708961
3226 1706970709019
3227 1706970709080
3228 1706970709139
3229 1706970709201
3230 1706970709263
3231 1706970709326
3232 1706970709385
3233 1706970709444
3234 1706970709503
3235 1706970709565
3236 1706970709625
3237 1706970709683
3238 1706970709745
3239 1706970709810
3240 1706970709869
3241 1706970709928
3242 1706970709989
3243 1706970710049
3244 1706970710107
3245 1706970710170
3246 1706970710227
3247 1706970710289
3248 1706970710351
3249 1706970710413
3250 1706970710471
3251 1706970710532
3252 1706970710593
3253 1706970710653
3254 1706970710712
3255 1706970710774
3256 1706970710835
3257 1706970710895
3258 1706970710958
3259 1706970711015
3260 1706970711078
3261 1706970711135
3262 1706970711198
3263 1706970711255
3264 1706970711316
3265 1706970711381
3266 1706970711439
3267 1706970711501
3268 1706970711559
3269 1706970711620
3270 1706970711681
3271 1706970711739
3272 1706970711800
3273 1706970711865
3274 1706970711923
3275 1706970711985
3276 1706970712043
3277 1706970712103
3278 1706970712165
3279 1706970712223
3280 1706970712284
3281 1706970712343
3282 1706970712409
3283 1706970712467
3284 1706970712527
3285 1706970712588
3286 1706970712648
3287 1706970712709
3288 1706970712767
3289 1706970712827
3290 1706970712890
3291 1706970712951
3292 1706970713013
3293 1706970713071
3294 1706970713130
3295 1706970713194
3296 1706970713252
3297 1706970713311
3298 1706970713372
3299 1706970713438
3300 1706970713495
3301 1706970713558
3302 1706970713616
3303 1706970713675
3304 1706970713738
3305 1706970713797
3306 1706970713855
3307 1706970713915
3308 1706970713982
3309 1706970714041
3310 1706970714099
3311 1706970714162
3312 1706970714219
3313 1706970714282
3314 1706970714340
3315 1706970714400
3316 1706970714466
3317 1706970714524
3318 1706970714584
3319 1706970714644
3320 1706970714706
3321 1706970714763
3322 1706970714824
3323 1706970714885
3324 1706970714943
3325 1706970715009
3326 1706970715067
3327 1706970715127
3328 1706970715189
3329 1706970715247
3330 1706970715307
3331 1706970715367
3332 1706970715429
3333 1706970715487
3334 1706970715550
3335 1706970715613
3336 1706970715673
3337 1706970715730
3338 1706970715791
3339 1706970715851
3340 1706970715910
3341 1706970715971
3342 1706970716037
3343 1706970716094
3344 1706970716155
3345 1706970716215
3346 1706970716274
3347 1706970716334
3348 1706970716395
3349 1706970716455
3350 1706970716516
3351 1706970716579
3352 1706970716639
3353 1706970716701
3354 1706970716759
3355 1706970716819
3356 1706970716880
3357 1706970716939
3358 1706970716999
3359 1706970717062
3360 1706970717125
3361 1706970717182
3362 1706970717242
3363 1706970717302
3364 1706970717365
3365 1706970717423
3366 1706970717482
3367 1706970717545
3368 1706970717609
3369 1706970717669
3370 1706970717726
3371 1706970717789
3372 1706970717847
3373 1706970717910
3374 1706970717969
3375 1706970718027
3376 1706970718089
3377 1706970718154
3378 1706970718213
3379 1706970718271
3380 1706970718332
3381 1706970718393
3382 1706970718453
3383 1706970718513
3384 1706970718572
3385 1706970718638
3386 1706970718697
3387 1706970718758
3388 1706970718817
3389 1706970718878
3390 1706970718938
3391 1706970718995
3392 1706970719055
3393 1706970719118
3394 1706970719183
3395 1706970719241
3396 1706970719299
3397 1706970719359
3398 1706970719419
3399 1706970719481
3400 1706970719542
3401 1706970719602
3402 1706970719662
3403 1706970719724
3404 1706970719785
3405 1706970719846
3406 1706970719902
3407 1706970719963
3408 1706970720023
3409 1706970720086
3410 1706970720145
3411 1706970720209
3412 1706970720269
3413 1706970720329
3414 1706970720389
3415 1706970720449
3416 1706970720509
3417 1706970720569
3418 1706970720629
3419 1706970720690
3420 1706970720753
3421 1706970720813
3422 1706970720873
3423 1706970720933
3424 1706970720994
3425 1706970721053
3426 1706970721113
3427 1706970721172
3428 1706970721237
3429 1706970721297
3430 1706970721355
3431 1706970721416
3432 1706970721478
3433 1706970721535
3434 1706970721596
3435 1706970721655
3436 1706970721717
3437 1706970721780
3438 1706970721841
3439 1706970721899
3440 1706970721962
3441 1706970722019
3442 1706970722081
3443 1706970722139
3444 1706970722200
3445 1706970722260
3446 1706970722323
3447 1706970722385
3448 1706970722443
3449 1706970722506
3450 1706970722563
3451 1706970722626
3452 1706970722685
3453 1706970722743
3454 1706970722810
3455 1706970722868
3456 1706970722929
3457 1706970722988
3458 1706970723049
3459 1706970723107
3460 1706970723170
3461 1706970723227
3462 1706970723290
3463 1706970723351
3464 1706970723413
3465 1706970723471
3466 1706970723534
3467 1706970723591
3468 1706970723654
3469 1706970723711
3470 1706970723772
3471 1706970723838
3472 1706970723896
3473 1706970723958
3474 1706970724018
3475 1706970724077
3476 1706970724135
3477 1706970724199
3478 1706970724257
3479 1706970724317
3480 1706970724381
3481 1706970724441
3482 1706970724501
3483 1706970724561
3484 1706970724621
3485 1706970724681
3486 1706970724741
3487 1706970724802
3488 1706970724862
3489 1706970724926
3490 1706970724985
3491 1706970725045
3492 1706970725105
3493 1706970725165
3494 1706970725223
3495 1706970725284
3496 1706970725346
3497 1706970725410
3498 1706970725469
3499 1706970725527
3500 1706970725589
3501 1706970725648
3502 1706970725710
3503 1706970725767
3504 1706970725830
3505 1706970725887
3506 1706970725954
3507 1706970726011
3508 1706970726074
3509 1706970726131
3510 1706970726193
3511 1706970726251
3512 1706970726313
3513 1706970726372
3514 1706970726436
3515 1706970726497
3516 1706970726555
3517 1706970726618
3518 1706970726677
3519 1706970726736
3520 1706970726797
3521 1706970726857
3522 1706970726917
3523 1706970726981
3524 1706970727041
3525 1706970727100
3526 1706970727162
3527 1706970727219
3528 1706970727282
3529 1706970727339
3530 1706970727400
3531 1706970727460
3532 1706970727526
3533 1706970727583
3534 1706970727645
3535 1706970727704
3536 1706970727766
3537 1706970727823
3538 1706970727885
3539 1706970727944
3540 1706970728008
3541 1706970728068
3542 1706970728128
3543 1706970728187
3544 1706970728247
3545 1706970728310
3546 1706970728370
3547 1706970728427
3548 1706970728487
3549 1706970728553
3550 1706970728612
3551 1706970728673
3552 1706970728732
3553 1706970728793
3554 1706970728853
3555 1706970728914
3556 1706970728974
3557 1706970729035
3558 1706970729098
3559 1706970729156
3560 1706970729216
3561 1706970729277
3562 1706970729338
3563 1706970729395
3564 1706970729456
3565 1706970729518
3566 1706970729580
3567 1706970729641
3568 1706970729699
3569 1706970729762
3570 1706970729819
3571 1706970729882
3572 1706970729939
3573 1706970730002
3574 1706970730061
3575 1706970730125
3576 1706970730185
3577 1706970730245
3578 1706970730306
3579 1706970730366
3580 1706970730425
3581 1706970730484
3582 1706970730544
3583 1706970730610
3584 1706970730667
3585 1706970730730
3586 1706970730787
3587 1706970730850
3588 1706970730907
3589 1706970730968
3590 1706970731028
3591 1706970731087
3592 1706970731154
3593 1706970731211
3594 1706970731274
3595 1706970731331
3596 1706970731394
3597 1706970731451
3598 1706970731513
3599 1706970731571
3600 1706970731637
3601 1706970731696
3602 1706970731758
3603 1706970731815
3604 1706970731876
3605 1706970731938
3606 1706970731995
3607 1706970732057
3608 1706970732117
3609 1706970732179
3610 1706970732241
3611 1706970732299
3612 1706970732361
3613 1706970732419
3614 1706970732481
3615 1706970732542
3616 1706970732600
3617 1706970732661
3618 1706970732725
3619 1706970732784
3620 1706970732844
3621 1706970732906
3622 1706970732963
3623 1706970733026
3624 1706970733085
3625 1706970733144
3626 1706970733210
3627 1706970733269
3628 1706970733329
3629 1706970733389
3630 1706970733449
3631 1706970733509
3632 1706970733569
3633 1706970733628
3634 1706970733689
3635 1706970733753
3636 1706970733813
3637 1706970733871
3638 1706970733934
3639 1706970733992
3640 1706970734052
3641 1706970734111
3642 1706970734173
3643 1706970734235
3644 1706970734297
3645 1706970734355
3646 1706970734417
3647 1706970734476
3648 1706970734537
3649 1706970734596
3650 1706970734657
3651 1706970734717
3652 1706970734779
3653 1706970734842
3654 1706970734899
3655 1706970734962
3656 1706970735019
3657 1706970735081
3658 1706970735141
3659 1706970735200
3660 1706970735262
3661 1706970735323
3662 1706970735386
3663 1706970735446
3664 1706970735503
3665 1706970735565
3666 1706970735624
3667 1706970735685
3668 1706970735744
3669 1706970735808
3670 1706970735870
3671 1706970735928
3672 1706970735989
3673 1706970736047
3674 1706970736107
3675 1706970736170
3676 1706970736227
3677 1706970736287
3678 1706970736354
3679 1706970736411
3680 1706970736475
3681 1706970736531
3682 1706970736594
3683 1706970736652
3684 1706970736712
3685 1706970736774
3686 1706970736835
3687 1706970736897
3688 1706970736957
3689 1706970737017
3690 1706970737077
3691 1706970737137
3692 1706970737197
3693 1706970737258
3694 1706970737317
3695 1706970737382
3696 1706970737440
3697 1706970737502
3698 1706970737561
3699 1706970737619
3700 1706970737682
3701 1706970737741
3702 1706970737800
3703 1706970737862
3704 1706970737926
3705 1706970737984
3706 1706970738045
3707 1706970738104
3708 1706970738163
3709 1706970738225
3710 1706970738285
3711 1706970738344
3712 1706970738410
3713 1706970738468
3714 1706970738530
3715 1706970738589
3716 1706970738649
3717 1706970738708
3718 1706970738769
3719 1706970738829
3720 1706970738889
3721 1706970738952
3722 1706970739013
3723 1706970739072
3724 1706970739132
3725 1706970739194
3726 1706970739251
3727 1706970739314
3728 1706970739373
3729 1706970739431
3730 1706970739498
3731 1706970739556
3732 1706970739618
3733 1706970739675
3734 1706970739737
3735 1706970739798
3736 1706970739857
3737 1706970739915
3738 1706970739982
3739 1706970740042
3740 1706970740102
3741 1706970740162
3742 1706970740221
3743 1706970740282
3744 1706970740342
3745 1706970740400
3746 1706970740462
3747 1706970740525
3748 1706970740583
3749 1706970740643
3750 1706970740706
3751 1706970740764
3752 1706970740824
3753 1706970740885
3754 1706970740944
3755 1706970741010
3756 1706970741069
3757 1706970741130
3758 1706970741189
3759 1706970741250
3760 1706970741309
3761 1706970741368
3762 1706970741429
3763 1706970741489
3764 1706970741553
3765 1706970741612
3766 1706970741673
3767 1706970741733
3768 1706970741793
3769 1706970741852
3770 1706970741913
3771 1706970741973
3772 1706970742031
3773 1706970742098
3774 1706970742157
3775 1706970742218
3776 1706970742276
3777 1706970742336
3778 1706970742398
3779 1706970742456
3780 1706970742516
3781 1706970742582
3782 1706970742639
3783 1706970742702
3784 1706970742761
3785 1706970742822
3786 1706970742881
3787 1706970742940
3788 1706970743000
3789 1706970743060
3790 1706970743126
3791 1706970743184
3792 1706970743244
3793 1706970743303
3794 1706970743363
3795 1706970743426
3796 1706970743485
3797 1706970743543
3798 1706970743609
3799 1706970743670
3800 1706970743729
3801 1706970743787
3802 1706970743847
3803 1706970743907
3804 1706970743970
3805 1706970744029
3806 1706970744089
3807 1706970744153
3808 1706970744213
3809 1706970744274
3810 1706970744334
3811 1706970744393
3812 1706970744454
3813 1706970744513
3814 1706970744572
3815 1706970744634
3816 1706970744697
3817 1706970744758
3818 1706970744817
3819 1706970744876
3820 1706970744936
3821 1706970744998
3822 1706970745057
3823 1706970745118
3824 1706970745181
3825 1706970745241
3826 1706970745302
3827 1706970745359
3828 1706970745421
3829 1706970745481
3830 1706970745541
3831 1706970745602
3832 1706970745661
3833 1706970745725
3834 1706970745786
3835 1706970745843
3836 1706970745906
3837 1706970745966
3838 1706970746025
3839 1706970746085
3840 1706970746145
3841 1706970746210
3842 1706970746270
3843 1706970746327
3844 1706970746387
3845 1706970746450
3846 1706970746510
3847 1706970746569
3848 1706970746628
3849 1706970746690
3850 1706970746754
3851 1706970746814
3852 1706970746873
3853 1706970746932
3854 1706970746994
3855 1706970747054
3856 1706970747111
3857 1706970747174
3858 1706970747232
3859 1706970747296
3860 1706970747358
3861 1706970747418
3862 1706970747477
3863 1706970747536
3864 1706970747598
3865 1706970747656
3866 1706970747717
3867 1706970747782
3868 1706970747840
3869 1706970747901
3870 1706970747961
3871 1706970748020
3872 1706970748082
3873 1706970748141
3874 1706970748199
3875 1706970748262
3876 1706970748326
3877 1706970748385
3878 1706970748445
3879 1706970748505
3880 1706970748566
3881 1706970748626
3882 1706970748685
3883 1706970748746
3884 1706970748810
3885 1706970748869
3886 1706970748930
3887 1706970748988
3888 1706970749048
3889 1706970749108
3890 1706970749169
3891 1706970749229
3892 1706970749289
3893 1706970749354
3894 1706970749413
3895 1706970749473
3896 1706970749532
3897 1706970749592
3898 1706970749653
3899 1706970749711
3900 1706970749771
3901 1706970749833
3902 1706970749897
3903 1706970749958
3904 1706970750017
3905 1706970750077
3906 1706970750138
3907 1706970750198
3908 1706970750257
3909 1706970750316
3910 1706970750382
3911 1706970750442
3912 1706970750501
3913 1706970750561
3914 1706970750621
3915 1706970750681
3916 1706970750740
3917 1706970750801
3918 1706970750861
3919 1706970750924
3920 1706970750984
3921 1706970751045
3922 1706970751104
3923 1706970751165
3924 1706970751226
3925 1706970751285
3926 1706970751345
3927 1706970751408
3928 1706970751470
3929 1706970751528
3930 1706970751587
3931 1706970751649
3932 1706970751709
3933 1706970751769
3934 1706970751828
3935 1706970751888
3936 1706970751954
3937 1706970752012
3938 1706970752072
3939 1706970752134
3940 1706970752193
3941 1706970752251
3942 1706970752313
3943 1706970752371
3944 1706970752432
3945 1706970752497
3946 1706970752556
3947 1706970752616
3948 1706970752678
3949 1706970752736
3950 1706970752796
3951 1706970752858
3952 1706970752915
3953 1706970752982
3954 1706970753040
3955 1706970753101
3956 1706970753162
3957 1706970753220
3958 1706970753280
3959 1706970753340
3960 1706970753401
3961 1706970753463
3962 1706970753523
3963 1706970753586
3964 1706970753643
3965 1706970753704
3966 1706970753765
3967 1706970753823
3968 1706970753886
3969 1706970753943
3970 1706970754010
3971 1706970754067
3972 1706970754130
3973 1706970754188
3974 1706970754248
3975 1706970754308
3976 1706970754371
3977 1706970754427
3978 1706970754490
3979 1706970754551
3980 1706970754614
3981 1706970754671
3982 1706970754733
3983 1706970754792
3984 1706970754853
3985 1706970754913
3986 1706970754972
3987 1706970755034
3988 1706970755098
3989 1706970755156
3990 1706970755217
3991 1706970755275
3992 1706970755339
3993 1706970755396
3994 1706970755455
3995 1706970755518
3996 1706970755579
3997 1706970755642
3998 1706970755699
3999 1706970755761
4000 1706970755820
4001 1706970755880
4002 1706970755939
4003 1706970756000
4004 1706970756062
4005 1706970756124
4006 1706970756184
4007 1706970756244
4008 1706970756305
4009 1706970756364
4010 1706970756424
4011 1706970756483
4012 1706970756547
4013 1706970756608
4014 1706970756670
4015 1706970756727
4016 1706970756790
4017 1706970756848
4018 1706970756908
4019 1706970756968
4020 1706970757030
4021 1706970757088
4022 1706970757154
4023 1706970757214
4024 1706970757272
4025 1706970757332
4026 1706970757392
4027 1706970757453
4028 1706970757513
4029 1706970757573
4030 1706970757632
4031 1706970757696
4032 1706970757757
4033 1706970757816
4034 1706970757877
4035 1706970757937
4036 1706970757996
4037 1706970758058
4038 1706970758119
4039 1706970758179
4040 1706970758242
4041 1706970758302
4042 1706970758359
4043 1706970758419
4044 1706970758480
4045 1706970758542
4046 1706970758601
4047 1706970758659
4048 1706970758724
4049 1706970758786
4050 1706970758844
4051 1706970758906
4052 1706970758963
4053 1706970759026
4054 1706970759083
4055 1706970759146
4056 1706970759210
4057 1706970759268
4058 1706970759330
4059 1706970759389
4060 1706970759449
4061 1706970759508
4062 1706970759569
4063 1706970759628
4064 1706970759688
4065 1706970759752
4066 1706970759814
4067 1706970759871
4068 1706970759932
4069 1706970759992
4070 1706970760054
4071 1706970760112
4072 1706970760173
4073 1706970760232
4074 1706970760299
4075 1706970760356
4076 1706970760415
4077 1706970760478
4078 1706970760536
4079 1706970760598
4080 1706970760655
4081 1706970760716
4082 1706970760781
4083 1706970760839
4084 1706970760899
4085 1706970760962
4086 1706970761019
4087 1706970761082
4088 1706970761139
4089 1706970761200
4090 1706970761261
4091 1706970761324
4092 1706970761384
4093 1706970761444
4094 1706970761504
4095 1706970761566
4096 1706970761623
4097 1706970761683
4098 1706970761746
4099 1706970761803
4100 1706970761870
4101 1706970761927
4102 1706970761990
4103 1706970762049
4104 1706970762107
4105 1706970762170
4106 1706970762228
4107 1706970762290
4108 1706970762353
4109 1706970762412
4110 1706970762474
4111 1706970762534
4112 1706970762594
4113 1706970762653
4114 1706970762712
4115 1706970762773
4116 1706970762833
4117 1706970762896
4118 1706970762958
4119 1706970763016
4120 1706970763078
4121 1706970763135
4122 1706970763198
4123 1706970763256
4124 1706970763318
4125 1706970763379
4126 1706970763442
4127 1706970763500
4128 1706970763560
4129 1706970763622
4130 1706970763682
4131 1706970763740
4132 1706970763800
4133 1706970763862
4134 1706970763924
4135 1706970763984
4136 1706970764045
4137 1706970764105
4138 1706970764166
4139 1706970764223
4140 1706970764285
4141 1706970764345
4142 1706970764404
4143 1706970764469
4144 1706970764528
4145 1706970764588
4146 1706970764650
4147 1706970764708
4148 1706970764770
4149 1706970764828
4150 1706970764889
4151 1706970764953
4152 1706970765013
4153 1706970765074
4154 1706970765132
4155 1706970765193
4156 1706970765254
4157 1706970765314
4158 1706970765374
4159 1706970765432
4160 1706970765497
4161 1706970765557
4162 1706970765617
4163 1706970765676
4164 1706970765737
4165 1706970765796
4166 1706970765858
4167 1706970765915
4168 1706970765982
4169 1706970766043
4170 1706970766101
4171 1706970766162
4172 1706970766222
4173 1706970766280
4174 1706970766341
4175 1706970766401
4176 1706970766461
4177 1706970766523
4178 1706970766586
4179 1706970766646
4180 1706970766705
4181 1706970766764
4182 1706970766825
4183 1706970766886
4184 1706970766946
4185 1706970767004
4186 1706970767070
4187 1706970767130
4188 1706970767190
4189 1706970767249
4190 1706970767310
4191 1706970767370
4192 1706970767428
4193 1706970767489
4194 1706970767554
4195 1706970767612
4196 1706970767673
4197 1706970767732
4198 1706970767792
4199 1706970767851
4200 1706970767911
4201 1706970767973
4202 1706970768034
4203 1706970768098
4204 1706970768158
4205 1706970768218
4206 1706970768278
4207 1706970768338
4208 1706970768398
4209 1706970768455
4210 1706970768517
4211 1706970768580
4212 1706970768640
4213 1706970768700
4214 1706970768760
4215 1706970768822
4216 1706970768880
4217 1706970768940
4218 1706970769002
4219 1706970769062
4220 1706970769124
4221 1706970769186
4222 1706970769243
4223 1706970769307
4224 1706970769366
4225 1706970769424
4226 1706970769484
4227 1706970769547
4228 1706970769604
4229 1706970769668
4230 1706970769730
4231 1706970769790
4232 1706970769848
4233 1706970769909
4234 1706970769968
4235 1706970770030
4236 1706970770089
4237 1706970770153
4238 1706970770213
4239 1706970770273
4240 1706970770333
4241 1706970770392
4242 1706970770454
4243 1706970770512
4244 1706970770574
4245 1706970770632
4246 1706970770698
4247 1706970770756
4248 1706970770816
4249 1706970770878
4250 1706970770936
4251 1706970770998
4252 1706970771058
4253 1706970771116
4254 1706970771183
4255 1706970771242
4256 1706970771301
4257 1706970771362
4258 1706970771422
4259 1706970771482
4260 1706970771542
4261 1706970771600
4262 1706970771661
4263 1706970771727
4264 1706970771786
4265 1706970771844
4266 1706970771906
4267 1706970771966
4268 1706970772026
4269 1706970772087
4270 1706970772146
4271 1706970772206
4272 1706970772270
4273 1706970772330
4274 1706970772388
4275 1706970772450
4276 1706970772510
4277 1706970772570
4278 1706970772629
4279 1706970772690
4280 1706970772754
4281 1706970772814
4282 1706970772873
4283 1706970772934
4284 1706970772994
4285 1706970773054
4286 1706970773114
4287 1706970773174
4288 1706970773234
4289 1706970773298
4290 1706970773358
4291 1706970773416
4292 1706970773476
4293 1706970773536
4294 1706970773596
4295 1706970773657
4296 1706970773718
4297 1706970773779
4298 1706970773839
4299 1706970773902
4300 1706970773960
4301 1706970774023
4302 1706970774081
4303 1706970774140
4304 1706970774202
4305 1706970774262
4306 1706970774326
4307 1706970774386
4308 1706970774446
4309 1706970774507
4310 1706970774566
4311 1706970774626
4312 1706970774686
4313 1706970774746
4314 1706970774806
4315 1706970774870
4316 1706970774930
4317 1706970774990
4318 1706970775051
4319 1706970775110
4320 1706970775171
4321 1706970775230
4322 1706970775291
4323 1706970775354
4324 1706970775414
4325 1706970775474
4326 1706970775536
4327 1706970775594
4328 1706970775654
4329 1706970775714
4330 1706970775774
4331 1706970775834
4332 1706970775898
4333 1706970775958
4334 1706970776018
4335 1706970776078
4336 1706970776138
4337 1706970776198
4338 1706970776258
4339 1706970776318
4340 1706970776382
4341 1706970776442
4342 1706970776500
4343 1706970776562
4344 1706970776622
4345 1706970776680
4346 1706970776741
4347 1706970776800
4348 1706970776862
4349 1706970776924
4350 1706970776986
4351 1706970777044
4352 1706970777106
4353 1706970777165
4354 1706970777225
4355 1706970777285
4356 1706970777346
4357 1706970777406
4358 1706970777470
4359 1706970777528
4360 1706970777589
4361 1706970777650
4362 1706970777710
4363 1706970777770
4364 1706970777830
4365 1706970777890
4366 1706970777954
4367 1706970778012
4368 1706970778072
4369 1706970778133
4370 1706970778193
4371 1706970778253
4372 1706970778314
4373 1706970778374
4374 1706970778433
4375 1706970778498
4376 1706970778558
4377 1706970778619
4378 1706970778678
4379 1706970778736
4380 1706970778796
4381 1706970778858
4382 1706970778918
4383 1706970778980
4384 1706970779042
4385 1706970779102
4386 1706970779162
4387 1706970779222
4388 1706970779282
4389 1706970779342
4390 1706970779402
4391 1706970779460
