2 1703948592418 1 101 5.254776 1 102 5.062413
3 1703948592665 2 101 4.977962 2 102 5.132790
4 1703948592910 3 101 5.095255 3 102 5.071796
5 1703948593153 1 101 5.198474 1 102 5.076488
6 1703948593400 2 101 4.977962 2 102 5.109331
7 1703948593644 3 101 5.104639 3 102 5.043646
8 1703948593888 1 101 5.264159 1 102 5.057721
9 1703948594135 2 101 5.020187 2 102 5.137481
10 1703948594379 3 101 5.123406 3 102 5.076488
11 1703948594631 1 101 5.240700 1 102 5.095255
12 1703948594874 2 101 5.006112 2 102 5.109331
13 1703948595118 3 101 5.095255 3 102 5.062413
14 1703948595363 1 101 5.240700 1 102 5.067105
15 1703948595609 2 101 4.977962 2 102 5.118714
16 1703948595853 3 101 5.142173 3 102 5.076488
17 1703948596097 1 101 5.226625 1 102 5.062413
18 1703948596347 2 101 4.982653 2 102 5.118714
19 1703948596591 3 101 5.128098 3 102 5.057721
20 1703948597403 1 101 5.207858 1 102 5.067105
21 1703948597645 2 101 5.001420 2 102 5.142173
22 1703948597890 3 101 5.146865 3 102 5.029571
23 1703948598138 1 101 5.250083 1 102 5.076488
24 1703948598383 2 101 4.963886 2 102 5.132790
25 1703948598627 3 101 5.090564 3 102 5.076488
26 1703948598871 1 101 5.231317 1 102 5.076488
27 1703948599119 2 101 4.963886 2 102 5.123406
28 1703948599366 3 101 5.137481 3 102 5.062413
29 1703948599611 1 101 5.250083 1 102 5.057721
30 1703948599863 2 101 4.977962 2 102 5.099947
31 1703948600109 3 101 5.109331 3 102 5.067105
32 1703948600350 1 101 5.236008 1 102 5.076488
33 1703948600594 2 101 4.987345 2 102 5.137481
34 1703948600836 3 101 5.081180 3 102 5.067105
35 1703948601082 1 101 5.221933 1 102 5.090564
36 1703948601326 2 101 4.982653 2 102 5.156249
37 1703948601569 3 101 5.109331 3 102 5.038954
38 1703948601810 1 101 5.221933 1 102 5.071796
39 1703948602058 2 101 4.977962 2 102 5.104639
40 1703948602302 3 101 5.081180 3 102 5.053030
41 1703948602548 1 101 5.231317 1 102 5.071796
42 1703948602791 2 101 5.010804 2 102 5.156249
43 1703948603034 3 101 5.090564 3 102 5.057721
44 1703948603283 1 101 5.203166 1 102 5.076488
45 1703948603529 2 101 4.968578 2 102 5.099947
46 1703948603778 3 101 5.114023 3 102 5.048338
47 1703948604024 1 101 5.207858 1 102 5.048338
48 1703948604267 2 101 4.987345 2 102 5.109331
49 1703948604512 3 101 5.085872 3 102 5.034263
50 1703948604758 1 101 5.217241 1 102 5.062413
51 1703948605004 2 101 4.954503 2 102 5.151556
52 1703948605251 3 101 5.109331 3 102 5.043646
53 1703948605498 1 101 5.240700 1 102 5.076488
54 1703948605744 2 101 4.996728 2 102 5.151556
55 1703948605993 3 101 5.114023 3 102 5.090564
56 1703948606240 1 101 5.212550 1 102 5.067105
57 1703948606486 2 101 5.006112 2 102 5.151556
58 1703948606736 3 101 5.142173 3 102 5.071796
59 1703948606980 1 101 5.217241 1 102 5.048338
60 1703948607226 2 101 4.977962 2 102 5.128098
61 1703948607472 3 101 5.114023 3 102 5.053030
62 1703948607720 1 101 5.236008 1 102 5.104639
63 1703948607967 2 101 4.968578 2 102 5.132790
64 1703948608213 3 101 5.142173 3 102 5.062413
65 1703948608464 1 101 5.236008 1 102 5.043646
66 1703948608714 2 101 4.982653 2 102 5.156249
67 1703948608961 3 101 5.137481 3 102 5.057721
68 1703948609209 1 101 5.217241 1 102 5.048338
69 1703948609457 2 101 4.973269 2 102 5.137481
70 1703948609703 3 101 5.109331 3 102 5.053030
71 1703948609948 1 101 5.226625 1 102 5.034263
72 1703948610195 2 101 4.959194 2 102 5.132790
73 1703948610441 3 101 5.123406 3 102 5.062413
74 1703948610688 1 101 5.221933 1 102 5.053030
75 1703948610932 2 101 5.001420 2 102 5.118714
76 1703948611176 3 101 5.128098 3 102 5.048338
77 1703948611423 1 101 5.240700 1 102 5.053030
78 1703948611671 2 101 4.987345 2 102 5.128098
79 1703948611916 3 101 5.109331 3 102 5.081180
80 1703948612162 1 101 5.240700 1 102 5.062413
81 1703948612405 2 101 5.006112 2 102 5.137481
82 1703948612653 3 101 5.114023 3 102 5.081180
83 1703948612898 1 101 5.217241 1 102 5.043646
84 1703948613144 2 101 4.973269 2 102 5.109331
85 1703948613387 3 101 5.137481 3 102 5.090564
86 1703948613631 1 101 5.212550 1 102 5.053030
87 1703948613876 2 101 4.968578 2 102 5.184399
88 1703948614126 3 101 5.128098 3 102 5.053030
89 1703948614369 1 101 5.231317 1 102 5.062413
90 1703948614615 2 101 4.977962 2 102 5.123406
91 1703948614860 3 101 5.095255 3 102 5.057721
92 1703948615105 1 101 5.240700 1 102 5.043646
93 1703948615349 2 101 4.977962 2 102 5.123406
94 1703948615598 3 101 5.118714 3 102 5.076488
95 1703948615845 1 101 5.217241 1 102 5.048338
96 1703948616091 2 101 4.996728 2 102 5.151556
97 1703948616336 3 101 5.128098 3 102 5.043646
98 1703948616587 1 101 5.226625 1 102 5.090564
99 1703948617531 2 101 5.010804 2 102 5.114023
100 1703948617777 3 101 5.114023 3 102 5.076488
101 1703948618020 1 101 5.217241 1 102 5.090564
102 1703948618266 2 101 4.992037 2 102 5.123406
103 1703948618509 3 101 5.142173 3 102 5.076488
104 1703948618754 1 101 5.212550 1 102 5.067105
105 1703948619003 2 101 5.006112 2 102 5.118714
106 1703948619252 3 101 5.099947 3 102 5.043646
107 1703948619497 1 101 5.226625 1 102 5.048338
108 1703948619742 2 101 5.006112 2 102 5.137481
109 1703948619985 3 101 5.118714 3 102 5.048338
110 1703948620234 1 101 5.212550 1 102 5.057721
111 1703948620484 2 101 4.996728 2 102 5.142173
112 1703948620732 3 101 5.132790 3 102 5.053030
113 1703948620978 1 101 5.217241 1 102 5.085872
114 1703948621230 2 101 4.996728 2 102 5.123406
115 1703948621477 3 101 5.090564 3 102 5.038954
116 1703948621722 1 101 5.254776 1 102 5.071796
117 1703948621970 2 101 5.006112 2 102 5.137481
118 1703948622214 3 101 5.099947 3 102 5.076488
119 1703948622462 1 101 5.207858 1 102 5.071796
120 1703948622707 2 101 4.996728 2 102 5.123406
121 1703948622951 3 101 5.118714 3 102 5.043646
122 1703948623201 1 101 5.231317 1 102 5.057721
123 1703948623446 2 101 4.963886 2 102 5.146865
124 1703948623689 3 101 5.095255 3 102 5.034263
125 1703948623933 1 101 5.221933 1 102 5.057721
126 1703948624181 2 101 4.977962 2 102 5.137481
127 1703948624429 3 101 5.118714 3 102 5.062413
128 1703948624677 1 101 5.221933 1 102 5.071796
129 1703948624923 2 101 4.992037 2 102 5.128098
130 1703948625168 3 101 5.104639 3 102 5.062413
131 1703948625416 1 101 5.236008 1 102 5.062413
132 1703948625662 2 101 5.006112 2 102 5.132790
133 1703948625911 3 101 5.114023 3 102 5.057721
134 1703948626160 1 101 5.217241 1 102 5.043646
135 1703948626414 2 101 4.992037 2 102 5.142173
136 1703948626660 3 101 5.114023 3 102 5.090564
137 1703948626904 1 101 5.221933 1 102 5.038954
138 1703948627152 2 101 4.968578 2 102 5.128098
139 1703948627398 3 101 5.132790 3 102 5.067105
140 1703948627648 1 101 5.240700 1 102 5.081180
141 1703948627896 2 101 5.006112 2 102 5.132790
142 1703948628141 3 101 5.095255 3 102 5.053030
143 1703948628390 1 101 5.203166 1 102 5.038954
144 1703948628640 2 101 4.977962 2 102 5.142173
145 1703948628890 3 101 5.123406 3 102 5.048338
146 1703948629140 1 101 5.226625 1 102 5.081180
147 1703948629385 2 101 4.968578 2 102 5.151556
148 1703948629633 3 101 5.104639 3 102 5.057721
149 1703948629880 1 101 5.236008 1 102 5.062413
150 1703948630131 2 101 4.987345 2 102 5.151556
151 1703948630376 3 101 5.114023 3 102 5.057721
152 1703948630617 1 101 5.207858 1 102 5.067105
153 1703948630869 2 101 4.968578 2 102 5.132790
154 1703948631124 3 101 5.085872 3 102 5.062413
155 1703948631369 1 101 5.221933 1 102 5.099947
156 1703948631615 2 101 4.992037 2 102 5.114023
157 1703948631862 3 101 5.099947 3 102 5.067105
158 1703948632109 1 101 5.212550 1 102 5.034263
159 1703948632359 2 101 5.006112 2 102 5.123406
160 1703948632605 3 101 5.090564 3 102 5.048338
161 1703948632849 1 101 5.221933 1 102 5.043646
162 1703948633098 2 101 4.982653 2 102 5.128098
163 1703948633342 3 101 5.128098 3 102 5.057721
164 1703948633592 1 101 5.226625 1 102 5.053030
165 1703948633840 2 101 4.987345 2 102 5.132790
166 1703948634085 3 101 5.146865 3 102 5.067105
167 1703948635028 1 101 5.207858 1 102 5.067105
168 1703948635278 2 101 4.973269 2 102 5.123406
169 1703948635522 3 101 5.104639 3 102 5.048338
170 1703948635768 1 101 5.231317 1 102 5.076488
171 1703948636016 2 101 5.010804 2 102 5.095255
172 1703948636260 3 101 5.095255 3 102 5.029571
173 1703948636503 1 101 5.221933 1 102 5.057721
174 1703948636751 2 101 4.977962 2 102 5.081180
175 1703948636992 3 101 5.095255 3 102 5.053030
176 1703948637237 1 101 5.236008 1 102 5.067105
177 1703948637487 2 101 4.977962 2 102 5.095255
178 1703948637731 3 101 5.109331 3 102 5.029571
179 1703948637977 1 101 5.226625 1 102 5.057721
180 1703948638223 2 101 4.987345 2 102 5.123406
181 1703948638469 3 101 5.099947 3 102 5.062413
182 1703948638715 1 101 5.221933 1 102 5.067105
183 1703948638960 2 101 4.987345 2 102 5.132790
184 1703948639204 3 101 5.123406 3 102 5.062413
185 1703948639450 1 101 5.236008 1 102 5.090564
186 1703948639694 2 101 5.001420 2 102 5.137481
187 1703948639943 3 101 5.104639 3 102 5.048338
188 1703948640189 1 101 5.217241 1 102 5.057721
189 1703948640438 2 101 4.996728 2 102 5.128098
190 1703948640682 3 101 5.132790 3 102 5.034263
191 1703948640929 1 101 5.217241 1 102 5.053030
192 1703948641177 2 101 4.977962 2 102 5.137481
193 1703948641423 3 101 5.118714 3 102 5.038954
194 1703948641672 1 101 5.212550 1 102 4.996728
195 1703948641915 2 101 4.982653 2 102 5.156249
196 1703948642161 3 101 5.128098 3 102 5.057721
197 1703948642408 1 101 5.245392 1 102 5.071796
198 1703948642659 2 101 4.982653 2 102 5.156249
199 1703948642904 3 101 5.104639 3 102 5.053030
200 1703948643148 1 101 5.259467 1 102 5.062413
201 1703948643393 2 101 4.977962 2 102 5.104639
202 1703948643637 3 101 5.104639 3 102 5.043646
203 1703948643885 1 101 5.212550 1 102 5.053030
204 1703948644133 2 101 4.973269 2 102 5.123406
205 1703948644376 3 101 5.118714 3 102 5.053030
206 1703948644622 1 101 5.236008 1 102 5.029571
207 1703948644874 2 101 5.015495 2 102 5.118714
208 1703948645120 3 101 5.156249 3 102 5.062413
209 1703948645367 1 101 5.236008 1 102 5.043646
210 1703948645612 2 101 5.006112 2 102 5.104639
211 1703948645859 3 101 5.104639 3 102 5.071796
212 1703948646106 1 101 5.221933 1 102 5.076488
213 1703948646350 2 101 5.001420 2 102 5.132790
214 1703948646599 3 101 5.123406 3 102 5.067105
215 1703948646846 1 101 5.259467 1 102 5.057721
216 1703948647091 2 101 4.987345 2 102 5.137481
217 1703948647338 3 101 5.104639 3 102 5.048338
218 1703948647585 1 101 5.217241 1 102 5.076488
219 1703948647833 2 101 4.982653 2 102 5.118714
220 1703948648075 3 101 5.114023 3 102 5.057721
221 1703948648323 1 101 5.231317 1 102 5.053030
222 1703948648566 2 101 4.982653 2 102 5.170324
223 1703948648813 3 101 5.142173 3 102 5.067105
224 1703948649062 1 101 5.231317 1 102 5.071796
225 1703948649309 2 101 4.982653 2 102 5.137481
226 1703948649556 3 101 5.114023 3 102 5.081180
227 1703948649800 1 101 5.193782 1 102 5.029571
228 1703948650043 2 101 4.959194 2 102 5.156249
229 1703948650290 3 101 5.076488 3 102 5.081180
230 1703948650536 1 101 5.226625 1 102 5.067105
231 1703948650785 2 101 4.982653 2 102 5.142173
232 1703948651033 3 101 5.090564 3 102 5.067105
233 1703948651277 1 101 5.236008 1 102 5.043646
234 1703948652630 2 101 4.963886 2 102 5.146865
235 1703948652875 3 101 5.132790 3 102 5.071796
236 1703948653118 1 101 5.226625 1 102 5.076488
237 1703948653363 2 101 4.996728 2 102 5.132790
238 1703948653608 3 101 5.071796 3 102 5.043646
239 1703948653852 1 101 5.212550 1 102 5.067105
240 1703948654097 2 101 4.982653 2 102 5.104639
241 1703948654340 3 101 5.099947 3 102 5.076488
242 1703948655692 1 101 5.236008 1 102 5.085872
243 1703948655940 2 101 4.996728 2 102 5.137481
244 1703948656190 3 101 5.076488 3 102 5.029571
245 1703948656434 1 101 5.226625 1 102 5.071796
246 1703948656678 2 101 4.987345 2 102 5.151556
247 1703948656929 3 101 5.128098 3 102 5.024879
248 1703948657173 1 101 5.212550 1 102 5.095255
249 1703948657419 2 101 4.987345 2 102 5.151556
250 1703948657666 3 101 5.128098 3 102 5.067105
251 1703948657916 1 101 5.198474 1 102 5.034263
252 1703948658160 2 101 4.968578 2 102 5.109331
253 1703948658406 3 101 5.118714 3 102 5.085872
254 1703948658651 1 101 5.221933 1 102 5.053030
255 1703948658895 2 101 4.977962 2 102 5.123406
256 1703948659146 3 101 5.081180 3 102 5.043646
257 1703948659391 1 101 5.207858 1 102 5.053030
258 1703948659644 2 101 4.963886 2 102 5.114023
259 1703948659889 3 101 5.114023 3 102 5.053030
260 1703948660135 1 101 5.231317 1 102 5.076488
261 1703948660383 2 101 4.992037 2 102 5.132790
262 1703948660632 3 101 5.081180 3 102 5.034263
263 1703948660879 1 101 5.217241 1 102 5.048338
264 1703948661127 2 101 5.001420 2 102 5.123406
265 1703948661373 3 101 5.109331 3 102 5.071796
266 1703948661621 1 101 5.193782 1 102 5.057721
267 1703948661871 2 101 4.968578 2 102 5.104639
268 1703948662116 3 101 5.151556 3 102 5.071796
269 1703948662361 1 101 5.231317 1 102 5.053030
270 1703948662609 2 101 4.968578 2 102 5.146865
271 1703948662856 3 101 5.114023 3 102 5.067105
272 1703948663100 1 101 5.240700 1 102 5.053030
273 1703948663348 2 101 4.968578 2 102 5.146865
274 1703948663595 3 101 5.085872 3 102 5.081180
275 1703948663839 1 101 5.231317 1 102 5.076488
276 1703948664081 2 101 4.992037 2 102 5.132790
277 1703948664325 3 101 5.114023 3 102 5.048338
278 1703948664567 1 101 5.254776 1 102 5.043646
279 1703948664814 2 101 4.959194 2 102 5.123406
280 1703948665058 3 101 5.099947 3 102 5.034263
281 1703948665300 1 101 5.240700 1 102 5.053030
282 1703948665548 2 101 4.977962 2 102 5.123406
283 1703948665790 3 101 5.109331 3 102 5.071796
284 1703948666033 1 101 5.264159 1 102 5.071796
285 1703948667387 2 101 4.977962 2 102 5.151556
286 1703948667632 3 101 5.099947 3 102 5.076488
287 1703948667876 1 101 5.217241 1 102 5.062413
288 1703948668118 2 101 4.992037 2 102 5.137481
289 1703948668361 3 101 5.114023 3 102 5.057721
290 1703948668605 1 101 5.221933 1 102 5.062413
291 1703948668849 2 101 4.968578 2 102 5.128098
292 1703948669094 3 101 5.118714 3 102 5.062413
293 1703948669339 1 101 5.240700 1 102 5.067105
294 1703948669584 2 101 4.968578 2 102 5.156249
295 1703948669828 3 101 5.104639 3 102 5.062413
296 1703948670074 1 101 5.207858 1 102 5.090564
297 1703948670321 2 101 4.996728 2 102 5.142173
298 1703948670566 3 101 5.123406 3 102 5.071796
299 1703948670812 1 101 5.221933 1 102 5.043646
300 1703948671054 2 101 4.992037 2 102 5.165632
301 1703948671298 3 101 5.095255 3 102 5.048338
302 1703948671543 1 101 5.264159 1 102 5.076488
303 1703948671787 2 101 4.968578 2 102 5.118714
304 1703948672032 3 101 5.114023 3 102 5.085872
305 1703948672277 1 101 5.254776 1 102 5.043646
306 1703948672522 2 101 4.963886 2 102 5.128098
307 1703948672765 3 101 5.118714 3 102 5.081180
308 1703948674120 1 101 5.217241 1 102 5.024879
309 1703948674364 2 101 4.982653 2 102 5.137481
310 1703948674610 3 101 5.071796 3 102 5.057721
311 1703948674856 1 101 5.236008 1 102 5.062413
312 1703948675103 2 101 4.982653 2 102 5.118714
313 1703948675347 3 101 5.062413 3 102 5.057721
314 1703948675593 1 101 5.250083 1 102 5.048338
315 1703948675839 2 101 4.982653 2 102 5.142173
316 1703948676655 3 101 5.123406 3 102 5.029571
317 1703948676900 1 101 5.217241 1 102 5.095255
318 1703948677146 2 101 5.024879 2 102 5.151556
319 1703948678092 3 101 5.128098 3 102 5.057721
320 1703948678338 1 101 5.268851 1 102 5.067105
321 1703948678591 2 101 4.977962 2 102 5.137481
322 1703948678842 3 101 5.090564 3 102 5.062413
323 1703948679087 1 101 5.236008 1 102 5.076488
324 1703948679337 2 101 5.024879 2 102 5.095255
325 1703948679581 3 101 5.109331 3 102 5.071796
326 1703948679829 1 101 5.240700 1 102 5.071796
327 1703948680077 2 101 4.968578 2 102 5.137481
328 1703948680325 3 101 5.099947 3 102 5.081180
329 1703948680570 1 101 5.240700 1 102 5.048338
330 1703948680821 2 101 4.963886 2 102 5.132790
331 1703948681066 3 101 5.118714 3 102 5.038954
332 1703948681309 1 101 5.231317 1 102 5.048338
333 1703948681556 2 101 4.963886 2 102 5.160940
334 1703948681800 3 101 5.067105 3 102 5.048338
335 1703948682046 1 101 5.226625 1 102 5.071796
336 1703948682294 2 101 4.977962 2 102 5.104639
337 1703948682542 3 101 5.114023 3 102 5.053030
338 1703948682788 1 101 5.221933 1 102 5.057721
339 1703948683032 2 101 5.001420 2 102 5.160940
340 1703948683275 3 101 5.071796 3 102 5.071796
341 1703948683521 1 101 5.236008 1 102 5.053030
342 1703948683764 2 101 5.001420 2 102 5.123406
343 1703948684010 3 101 5.081180 3 102 5.095255
344 1703948684254 1 101 5.212550 1 102 5.038954
345 1703948684499 2 101 4.973269 2 102 5.151556
346 1703948684746 3 101 5.114023 3 102 5.048338
347 1703948684992 1 101 5.278234 1 102 5.038954
348 1703948685237 2 101 5.006112 2 102 5.146865
349 1703948685480 3 101 5.081180 3 102 5.043646
350 1703948685726 1 101 5.221933 1 102 5.057721
351 1703948685974 2 101 4.973269 2 102 5.146865
352 1703948686217 3 101 5.123406 3 102 5.067105
353 1703948686460 1 101 5.212550 1 102 5.043646
354 1703948686707 2 101 4.963886 2 102 5.104639
355 1703948686951 3 101 5.118714 3 102 5.067105
356 1703948687197 1 101 5.226625 1 102 5.038954
357 1703948687442 2 101 4.977962 2 102 5.132790
358 1703948687684 3 101 5.104639 3 102 5.048338
359 1703948687928 1 101 5.207858 1 102 5.062413
360 1703948688170 2 101 4.977962 2 102 5.114023
361 1703948688412 3 101 5.095255 3 102 5.076488
362 1703948688657 1 101 5.221933 1 102 5.067105
363 1703948688907 2 101 4.977962 2 102 5.114023
364 1703948689155 3 101 5.132790 3 102 5.020187
365 1703948689401 1 101 5.221933 1 102 5.071796
366 1703948689646 2 101 4.959194 2 102 5.090564
367 1703948689894 3 101 5.142173 3 102 5.038954
368 1703948690140 1 101 5.231317 1 102 5.043646
369 1703948690393 2 101 5.006112 2 102 5.132790
370 1703948690638 3 101 5.104639 3 102 5.057721
371 1703948690888 1 101 5.198474 1 102 5.048338
372 1703948691133 2 101 4.963886 2 102 5.085872
373 1703948691380 3 101 5.095255 3 102 5.043646
374 1703948691626 1 101 5.217241 1 102 5.043646
375 1703948691871 2 101 4.968578 2 102 5.137481
376 1703948692119 3 101 5.123406 3 102 5.062413
377 1703948692364 1 101 5.217241 1 102 5.048338
378 1703948692613 2 101 4.959194 2 102 5.137481
379 1703948692856 3 101 5.067105 3 102 5.048338
380 1703948693106 1 101 5.231317 1 102 5.043646
381 1703948693356 2 101 5.006112 2 102 5.142173
382 1703948693599 3 101 5.081180 3 102 5.062413
383 1703948693846 1 101 5.203166 1 102 5.048338
384 1703948694095 2 101 4.992037 2 102 5.114023
385 1703948694343 3 101 5.104639 3 102 5.062413
386 1703948694591 1 101 5.231317 1 102 5.071796
387 1703948694839 2 101 4.968578 2 102 5.146865
388 1703948695090 3 101 5.095255 3 102 5.024879