1 1703948593565
2 1703948593652
3 1703948593675
4 1703948593707
5 1703948593740
6 1703948593767
7 1703948593799
8 1703948593835
9 1703948593872
10 1703948593904
11 1703948593939
12 1703948593972
13 1703948594004
14 1703948594036
15 1703948594072
16 1703948594104
17 1703948594138
18 1703948594174
19 1703948594206
20 1703948594243
21 1703948594275
22 1703948594307
23 1703948594371
24 1703948594432
25 1703948594480
26 1703948594519
27 1703948594559
28 1703948594603
29 1703948594632
30 1703948594664
31 1703948594701
32 1703948594735
33 1703948594771
34 1703948594803
35 1703948594835
36 1703948594871
37 1703948594905
38 1703948594939
39 1703948594971
40 1703948595003
41 1703948595039
42 1703948595071
43 1703948595104
44 1703948595136
45 1703948595167
46 1703948595204
47 1703948595236
48 1703948595272
49 1703948595304
50 1703948595336
51 1703948595372
52 1703948595404
53 1703948595439
54 1703948595471
55 1703948595503
56 1703948595541
57 1703948595571
58 1703948595607
59 1703948595640
60 1703948595671
61 1703948595707
62 1703948595739
63 1703948595778
64 1703948595807
65 1703948595839
66 1703948595875
67 1703948595908
68 1703948595944
69 1703948595975
70 1703948596007
71 1703948596043
72 1703948596075
73 1703948596112
74 1703948596143
75 1703948596175
76 1703948596211
77 1703948596244
78 1703948596281
79 1703948596312
80 1703948596343
81 1703948596380
82 1703948596412
83 1703948596447
84 1703948596479
85 1703948596511
86 1703948596548
87 1703948596579
88 1703948596615
89 1703948596647
90 1703948596680
91 1703948596715
92 1703948596750
93 1703948596784
94 1703948596815
95 1703948596847
96 1703948596883
97 1703948596916
98 1703948596952
99 1703948596984
100 1703948597016
101 1703948597052
102 1703948597084
103 1703948597120
104 1703948597151
105 1703948597183
106 1703948597221
107 1703948597252
108 1703948597287
109 1703948597319
110 1703948597352
111 1703948597388
112 1703948597420
113 1703948597456
114 1703948597488
115 1703948597520
116 1703948597556
117 1703948597588
118 1703948597624
119 1703948597656
120 1703948597688
121 1703948597724
122 1703948597756
123 1703948597792
124 1703948597824
125 1703948597856
126 1703948597892
127 1703948597925
128 1703948597960
129 1703948597993
130 1703948598025
131 1703948598061
132 1703948598092
133 1703948598129
134 1703948598162
135 1703948598194
136 1703948598230
137 1703948598260
138 1703948598297
139 1703948598328
140 1703948598360
141 1703948598397
142 1703948598429
143 1703948598464
144 1703948598496
145 1703948598528
146 1703948598564
147 1703948598596
148 1703948598632
149 1703948598665
150 1703948598696
151 1703948598732
152 1703948598764
153 1703948598800
154 1703948598832
155 1703948598864
156 1703948598900
157 1703948598932
158 1703948598968
159 1703948599000
160 1703948599032
161 1703948599068
162 1703948599101
163 1703948599137
164 1703948599168
165 1703948599200
166 1703948599240
167 1703948599281
168 1703948599325
169 1703948599364
170 1703948599405
171 1703948599444
172 1703948599486
173 1703948599526
174 1703948599566
175 1703948599606
176 1703948599647
177 1703948599684
178 1703948599724
179 1703948599765
180 1703948599804
181 1703948599844
182 1703948599890
183 1703948599930
184 1703948599970
185 1703948600008
186 1703948600048
187 1703948600089
188 1703948600129
189 1703948600169
190 1703948600209
191 1703948600249
192 1703948600290
193 1703948600330
194 1703948600368
195 1703948600412
196 1703948600452
197 1703948600493
198 1703948600533
199 1703948600573
200 1703948600613
201 1703948600653
202 1703948600693
203 1703948600733
204 1703948600772
205 1703948600813
206 1703948600853
207 1703948600893
208 1703948600933
209 1703948600977
210 1703948601017
211 1703948601057
212 1703948601097
213 1703948601137
214 1703948601176
215 1703948601216
216 1703948601256
217 1703948601297
218 1703948601337
219 1703948601377
220 1703948601416
221 1703948601456
222 1703948601498
223 1703948601540
224 1703948601580
225 1703948601620
226 1703948601661
227 1703948601701
228 1703948601740
229 1703948601780
230 1703948601822
231 1703948601862
232 1703948601900
233 1703948601940
234 1703948601980
235 1703948602021
236 1703948602061
237 1703948602104
238 1703948602146
239 1703948602185
240 1703948602224
241 1703948602264
242 1703948602305
243 1703948602346
244 1703948602384
245 1703948602425
246 1703948602466
247 1703948602506
248 1703948602544
249 1703948602584
250 1703948602625
251 1703948602668
252 1703948602708
253 1703948602749
254 1703948602788
255 1703948602829
256 1703948602869
257 1703948602908
258 1703948602948
259 1703948602988
260 1703948603028
261 1703948603068
262 1703948603108
263 1703948603148
264 1703948603193
265 1703948603233
266 1703948603272
267 1703948603312
268 1703948603352
269 1703948603393
270 1703948603433
271 1703948603473
272 1703948603512
273 1703948603552
274 1703948603592
275 1703948603632
276 1703948603674
277 1703948603713
278 1703948603757
279 1703948603797
280 1703948603837
281 1703948603876
282 1703948603916
283 1703948603957
284 1703948603996
285 1703948604037
286 1703948604077
287 1703948604117
288 1703948604157
289 1703948604197
290 1703948604237
291 1703948604276
292 1703948604321
293 1703948604360
294 1703948604399
295 1703948604440
296 1703948604482
297 1703948604520
298 1703948604559
299 1703948604600
300 1703948604641
301 1703948604682
302 1703948604722
303 1703948604760
304 1703948604799
305 1703948604839
306 1703948604883
307 1703948604923
308 1703948604963
309 1703948605003
310 1703948605044
311 1703948605083
312 1703948605123
313 1703948605163
314 1703948605203
315 1703948605243
316 1703948605283
317 1703948605323
318 1703948605363
319 1703948605403
320 1703948605447
321 1703948605487
322 1703948605527
323 1703948605567
324 1703948605607
325 1703948605647
326 1703948605687
327 1703948605727
328 1703948605767
329 1703948605807
330 1703948605847
331 1703948605887
332 1703948605927
333 1703948605971
334 1703948606011
335 1703948606051
336 1703948606091
337 1703948606131
338 1703948606171
339 1703948606211
340 1703948606251
341 1703948606291
342 1703948606331
343 1703948606371
344 1703948606411
345 1703948606451
346 1703948606491
347 1703948606535
348 1703948606575
349 1703948606615
350 1703948606655
351 1703948606695
352 1703948606735
353 1703948606775
354 1703948606815
355 1703948606855
356 1703948606895
357 1703948606935
358 1703948606975
359 1703948607015
360 1703948607055
361 1703948607099
362 1703948607139
363 1703948607179
364 1703948607219
365 1703948607259
366 1703948607299
367 1703948607340
368 1703948607381
369 1703948607421
370 1703948607460
371 1703948607500
372 1703948607540
373 1703948607581
374 1703948607621
375 1703948607665
376 1703948607704
377 1703948607744
378 1703948607784
379 1703948607825
380 1703948607865
381 1703948607905
382 1703948607944
383 1703948607985
384 1703948608024
385 1703948608064
386 1703948608104
387 1703948608144
388 1703948608184
389 1703948608228
390 1703948608268
391 1703948608308
392 1703948608349
393 1703948608389
394 1703948608429
395 1703948608468
396 1703948608508
397 1703948608548
398 1703948608589
399 1703948608629
400 1703948608669
401 1703948608708
402 1703948608752
403 1703948608793
404 1703948608833
405 1703948608873
406 1703948608913
407 1703948608953
408 1703948608994
409 1703948609034
410 1703948609073
411 1703948609113
412 1703948609153
413 1703948609193
414 1703948609233
415 1703948609274
416 1703948609317
417 1703948609357
418 1703948609398
419 1703948609437
420 1703948609478
421 1703948609517
422 1703948609557
423 1703948609597
424 1703948609637
425 1703948609678
426 1703948609717
427 1703948609757
428 1703948609797
429 1703948609838
430 1703948609881
431 1703948609921
432 1703948609962
433 1703948610002
434 1703948610042
435 1703948610081
436 1703948610122
437 1703948610162
438 1703948610201
439 1703948610241
440 1703948610281
441 1703948610321
442 1703948610363
443 1703948610401
444 1703948610445
445 1703948610484
446 1703948610524
447 1703948610564
448 1703948610606
449 1703948610647
450 1703948610686
451 1703948610724
452 1703948610764
453 1703948610805
454 1703948610847
455 1703948610887
456 1703948610926
457 1703948610966
458 1703948611009
459 1703948611049
460 1703948611090
461 1703948611131
462 1703948611171
463 1703948611210
464 1703948611248
465 1703948611288
466 1703948611327
467 1703948611367
468 1703948611407
469 1703948611448
470 1703948611488
471 1703948611534
472 1703948611574
473 1703948611615
474 1703948611653
475 1703948611693
476 1703948611733
477 1703948611773
478 1703948611813
479 1703948611854
480 1703948611895
481 1703948611934
482 1703948611974
483 1703948612013
484 1703948612054
485 1703948612098
486 1703948612138
487 1703948612178
488 1703948612218
489 1703948612259
490 1703948612298
491 1703948612338
492 1703948612379
493 1703948612419
494 1703948612458
495 1703948612498
496 1703948612538
497 1703948612578
498 1703948612618
499 1703948612662
500 1703948612702
501 1703948612742
502 1703948612782
503 1703948612821
504 1703948612861
505 1703948612901
506 1703948612941
507 1703948612980
508 1703948613021
509 1703948613061
510 1703948613101
511 1703948613141
512 1703948613182
513 1703948613227
514 1703948613266
515 1703948613306
516 1703948613344
517 1703948613384
518 1703948613426
519 1703948613466
520 1703948613505
521 1703948613546
522 1703948613587
523 1703948613625
524 1703948613665
525 1703948613705
526 1703948613745
527 1703948613790
528 1703948613830
529 1703948613870
530 1703948613911
531 1703948613950
532 1703948613990
533 1703948614030
534 1703948614070
535 1703948614110
536 1703948614150
537 1703948614190
538 1703948614230
539 1703948614270
540 1703948614314
541 1703948614354
542 1703948614394
543 1703948614433
544 1703948614473
545 1703948614512
546 1703948614553
547 1703948614595
548 1703948614635
549 1703948614673
550 1703948614713
551 1703948614753
552 1703948614794
553 1703948614833
554 1703948614878
555 1703948614918
556 1703948614958
557 1703948614997
558 1703948615038
559 1703948615078
560 1703948615118
561 1703948615158
562 1703948615197
563 1703948615238
564 1703948615278
565 1703948615317
566 1703948615358
567 1703948615398
568 1703948615442
569 1703948615482
570 1703948615522
571 1703948615562
572 1703948615602
573 1703948615642
574 1703948615682
575 1703948615722
576 1703948615763
577 1703948615802
578 1703948615842
579 1703948615882
580 1703948615922
581 1703948615962
582 1703948616006
583 1703948616046
584 1703948616086
585 1703948616126
586 1703948616166
587 1703948616206
588 1703948616246
589 1703948616284
590 1703948616324
591 1703948616364
592 1703948616404
593 1703948616445
594 1703948616485
595 1703948616525
596 1703948616569
597 1703948616610
598 1703948616649
599 1703948616689
600 1703948616728
601 1703948616770
602 1703948616808
603 1703948616848
604 1703948616889
605 1703948616929
606 1703948616969
607 1703948617009
608 1703948617049
609 1703948617093
610 1703948617133
611 1703948617173
612 1703948617213
613 1703948617253
614 1703948617293
615 1703948617333
616 1703948617373
617 1703948617413
618 1703948617453
619 1703948617493
620 1703948617534
621 1703948617573
622 1703948617613
623 1703948617657
624 1703948617697
625 1703948617737
626 1703948617778
627 1703948617817
628 1703948617857
629 1703948617897
630 1703948617937
631 1703948617979
632 1703948618019
633 1703948618058
634 1703948618096
635 1703948618136
636 1703948618178
637 1703948618223
638 1703948618263
639 1703948618303
640 1703948618343
641 1703948618380
642 1703948618421
643 1703948618462
644 1703948618503
645 1703948618544
646 1703948618583
647 1703948618622
648 1703948618662
649 1703948618701
650 1703948618741
651 1703948618785
652 1703948618825
653 1703948618866
654 1703948618907
655 1703948618946
656 1703948618986
657 1703948619027
658 1703948619066
659 1703948619106
660 1703948619146
661 1703948619186
662 1703948619226
663 1703948619266
664 1703948619306
665 1703948619350
666 1703948619390
667 1703948619431
668 1703948619472
669 1703948619508
670 1703948619548
671 1703948619589
672 1703948619630
673 1703948619671
674 1703948619711
675 1703948619750
676 1703948619790
677 1703948619831
678 1703948619873
679 1703948619913
680 1703948619953
681 1703948619993
682 1703948620033
683 1703948620073
684 1703948620113
685 1703948620153
686 1703948620193
687 1703948620233
688 1703948620273
689 1703948620313
690 1703948620353
691 1703948620395
692 1703948620439
693 1703948620478
694 1703948620516
695 1703948620556
696 1703948620596
697 1703948620638
698 1703948620679
699 1703948620718
700 1703948620760
701 1703948620798
702 1703948620837
703 1703948620877
704 1703948620917
705 1703948620957
706 1703948621001
707 1703948621041
708 1703948621081
709 1703948621121
710 1703948621161
711 1703948621201
712 1703948621241
713 1703948621281
714 1703948621321
715 1703948621361
716 1703948621401
717 1703948621441
718 1703948621481
719 1703948621521
720 1703948621565
721 1703948621605
722 1703948621647
723 1703948621686
724 1703948621726
725 1703948621766
726 1703948621807
727 1703948621847
728 1703948621887
729 1703948621927
730 1703948621966
731 1703948622007
732 1703948622047
733 1703948622085
734 1703948622129
735 1703948622171
736 1703948622211
737 1703948622251
738 1703948622290
739 1703948622330
740 1703948622370
741 1703948622411
742 1703948622450
743 1703948622491
744 1703948622530
745 1703948622571
746 1703948622611
747 1703948622654
748 1703948622695
749 1703948622735
750 1703948622774
751 1703948622814
752 1703948622854
753 1703948622895
754 1703948622934
755 1703948622975
756 1703948623015
757 1703948623053
758 1703948623093
759 1703948623133
760 1703948623173
761 1703948623217
762 1703948623257
763 1703948623297
764 1703948623338
765 1703948623377
766 1703948623417
767 1703948623457
768 1703948623497
769 1703948623536
770 1703948623579
771 1703948623619
772 1703948623658
773 1703948623699
774 1703948623737
775 1703948623783
776 1703948623822
777 1703948623863
778 1703948623902
779 1703948623943
780 1703948623984
781 1703948624020
782 1703948624060
783 1703948624103
784 1703948624144
785 1703948624183
786 1703948624222
787 1703948624261
788 1703948624301
789 1703948624345
790 1703948624385
791 1703948624426
792 1703948624467
793 1703948624507
794 1703948624544
795 1703948624584
796 1703948624627
797 1703948624669
798 1703948624713
799 1703948624745
800 1703948624786
801 1703948624827
802 1703948624868
803 1703948624908
804 1703948624948
805 1703948624990
806 1703948625033
807 1703948625072
808 1703948625111
809 1703948625151
810 1703948625189
811 1703948625229
812 1703948625269
813 1703948625311
814 1703948625351
815 1703948625391
816 1703948625431
817 1703948625475
818 1703948625514
819 1703948625555
820 1703948625593
821 1703948625634
822 1703948625676
823 1703948625718
824 1703948625755
825 1703948625795
826 1703948625835
827 1703948625873
828 1703948625913
829 1703948625954
830 1703948625997
831 1703948626038
832 1703948626078
833 1703948626118
834 1703948626158
835 1703948626198
836 1703948626239
837 1703948626278
838 1703948626318
839 1703948626358
840 1703948626398
841 1703948626438
842 1703948626478
843 1703948626518
844 1703948626562
845 1703948626602
846 1703948626642
847 1703948626682
848 1703948626722
849 1703948626762
850 1703948626802
851 1703948626842
852 1703948626882
853 1703948626923
854 1703948626963
855 1703948627002
856 1703948627042
857 1703948627082
858 1703948627126
859 1703948627167
860 1703948627206
861 1703948627246
862 1703948627286
863 1703948627326
864 1703948627366
865 1703948627406
866 1703948627447
867 1703948627486
868 1703948627527
869 1703948627567
870 1703948627607
871 1703948627645
872 1703948627689
873 1703948627729
874 1703948627770
875 1703948627811
876 1703948627851
877 1703948627891
878 1703948627932
879 1703948627969
880 1703948628009
881 1703948628049
882 1703948628089
883 1703948628129
884 1703948628170
885 1703948628211
886 1703948628255
887 1703948628297
888 1703948628335
889 1703948628375
890 1703948628416
891 1703948628453
892 1703948628493
893 1703948628533
894 1703948628573
895 1703948628615
896 1703948628655
897 1703948628695
898 1703948628735
899 1703948628779
900 1703948628819
901 1703948628859
902 1703948628898
903 1703948628937
904 1703948628979
905 1703948629019
906 1703948629058
907 1703948629097
908 1703948629137
909 1703948629177
910 1703948629217
911 1703948629259
912 1703948629299
913 1703948629344
914 1703948629384
915 1703948629420
916 1703948629460
917 1703948629501
918 1703948629542
919 1703948629583
920 1703948629623
921 1703948629663
922 1703948629704
923 1703948629742
924 1703948629781
925 1703948629821
926 1703948629862
927 1703948629906
928 1703948629946
929 1703948629986
930 1703948630026
931 1703948630066
932 1703948630106
933 1703948630146
934 1703948630186
935 1703948630227
936 1703948630267
937 1703948630307
938 1703948630347
939 1703948630387
940 1703948630427
941 1703948630471
942 1703948630511
943 1703948630551
944 1703948630591
945 1703948630628
946 1703948630668
947 1703948630709
948 1703948630750
949 1703948630791
950 1703948630831
951 1703948630872
952 1703948630910
953 1703948630949
954 1703948630995
955 1703948631035
956 1703948631075
957 1703948631115
958 1703948631156
959 1703948631195
960 1703948631235
961 1703948631275
962 1703948631315
963 1703948631355
964 1703948631395
965 1703948631435
966 1703948631475
967 1703948631515
968 1703948631559
969 1703948631599
970 1703948631639
971 1703948631680
972 1703948631717
973 1703948631757
974 1703948631799
975 1703948631839
976 1703948631880
977 1703948631919
978 1703948631959
979 1703948631999
980 1703948632039
981 1703948632079
982 1703948632124
983 1703948632163
984 1703948632203
985 1703948632243
986 1703948632283
987 1703948632323
988 1703948632364
989 1703948632403
990 1703948632441
991 1703948632481
992 1703948632522
993 1703948632561
994 1703948632601
995 1703948632642
996 1703948632685
997 1703948632727
998 1703948632767
999 1703948632807
1000 1703948632847
1001 1703948632887
1002 1703948632927
1003 1703948632967
1004 1703948633007
1005 1703948633048
1006 1703948633087
1007 1703948633127
1008 1703948633165
1009 1703948633205
1010 1703948633250
1011 1703948633289
1012 1703948633330
1013 1703948633370
1014 1703948633410
1015 1703948633450
1016 1703948633490
1017 1703948633530
1018 1703948633571
1019 1703948633611
1020 1703948633650
1021 1703948633690
1022 1703948633730
1023 1703948633770
1024 1703948633814
1025 1703948633855
1026 1703948633894
1027 1703948633934
1028 1703948633974
1029 1703948634015
1030 1703948634055
1031 1703948634094
1032 1703948634132
1033 1703948634172
1034 1703948634212
1035 1703948634252
1036 1703948634293
1037 1703948634338
1038 1703948634379
1039 1703948634419
1040 1703948634459
1041 1703948634499
1042 1703948634539
1043 1703948634579
1044 1703948634618
1045 1703948634657
1046 1703948634699
1047 1703948634740
1048 1703948634779
1049 1703948634819
1050 1703948634859
1051 1703948634903
1052 1703948634943
1053 1703948634983
1054 1703948635023
1055 1703948635063
1056 1703948635103
1057 1703948635143
1058 1703948635181
1059 1703948635221
1060 1703948635262
1061 1703948635301
1062 1703948635341
1063 1703948635381
1064 1703948635422
1065 1703948635465
1066 1703948635506
1067 1703948635545
1068 1703948635586
1069 1703948635625
1070 1703948635666
1071 1703948635706
1072 1703948635745
1073 1703948635785
1074 1703948635825
1075 1703948635867
1076 1703948635908
1077 1703948635945
1078 1703948635985
1079 1703948636029
1080 1703948636071
1081 1703948636111
1082 1703948636149
1083 1703948636190
1084 1703948636229
1085 1703948636271
1086 1703948636312
1087 1703948636353
1088 1703948636389
1089 1703948636428
1090 1703948636469
1091 1703948636509
1092 1703948636550
1093 1703948636594
1094 1703948636634
1095 1703948636674
1096 1703948636714
1097 1703948636754
1098 1703948636794
1099 1703948636834
1100 1703948636874
1101 1703948636914
1102 1703948636954
1103 1703948636994
1104 1703948637034
1105 1703948637074
1106 1703948637118
1107 1703948637158
1108 1703948637198
1109 1703948637238
1110 1703948637278
1111 1703948637318
1112 1703948637358
1113 1703948637398
1114 1703948637438
1115 1703948637478
1116 1703948637518
1117 1703948637558
1118 1703948637598
1119 1703948637637
1120 1703948637684
1121 1703948637722
1122 1703948637761
1123 1703948637801
1124 1703948637842
1125 1703948637882
1126 1703948637922
1127 1703948637962
1128 1703948638002
1129 1703948638042
1130 1703948638081
1131 1703948638123
1132 1703948638163
1133 1703948638201
1134 1703948638245
1135 1703948638286
1136 1703948638327
1137 1703948638367
1138 1703948638406
1139 1703948638445
1140 1703948638485
1141 1703948638525
1142 1703948638565
1143 1703948638607
1144 1703948638647
1145 1703948638687
1146 1703948638725
1147 1703948638765
1148 1703948638810
1149 1703948638849
1150 1703948638890
1151 1703948638930
1152 1703948638970
1153 1703948639011
1154 1703948639050
1155 1703948639090
1156 1703948639130
1157 1703948639170
1158 1703948639210
1159 1703948639250
1160 1703948639290
1161 1703948639331
1162 1703948639374
1163 1703948639414
1164 1703948639454
1165 1703948639494
1166 1703948639534
1167 1703948639574
1168 1703948639614
1169 1703948639654
1170 1703948639697
1171 1703948639734
1172 1703948639774
1173 1703948639814
1174 1703948639854
1175 1703948639898
1176 1703948639938
1177 1703948639979
1178 1703948640019
1179 1703948640058
1180 1703948640098
1181 1703948640138
1182 1703948640178
1183 1703948640218
1184 1703948640258
1185 1703948640298
1186 1703948640338
1187 1703948640379
1188 1703948640419
1189 1703948640462
1190 1703948640503
1191 1703948640542
1192 1703948640582
1193 1703948640622
1194 1703948640662
1195 1703948640702
1196 1703948640742
1197 1703948640782
1198 1703948640822
1199 1703948640862
1200 1703948640903
1201 1703948640942
1202 1703948640982
1203 1703948641026
1204 1703948641067
1205 1703948641107
1206 1703948641146
1207 1703948641186
1208 1703948641227
1209 1703948641266
1210 1703948641306
1211 1703948641346
1212 1703948641387
1213 1703948641427
1214 1703948641466
1215 1703948641506
1216 1703948641546
1217 1703948641591
1218 1703948641632
1219 1703948641673
1220 1703948641713
1221 1703948641751
1222 1703948641789
1223 1703948641829
1224 1703948641869
1225 1703948641909
1226 1703948641949
1227 1703948641989
1228 1703948642029
1229 1703948642070
1230 1703948642111
1231 1703948642156
1232 1703948642195
1233 1703948642235
1234 1703948642275
1235 1703948642315
1236 1703948642355
1237 1703948642395
1238 1703948642435
1239 1703948642475
1240 1703948642515
1241 1703948642555
1242 1703948642595
1243 1703948642635
1244 1703948642679
1245 1703948642719
1246 1703948642760
1247 1703948642799
1248 1703948642839
1249 1703948642879
1250 1703948642920
1251 1703948642960
1252 1703948642999
1253 1703948643039
1254 1703948643079
1255 1703948643119
1256 1703948643159
1257 1703948643199
1258 1703948643241
1259 1703948643282
1260 1703948643323
1261 1703948643363
1262 1703948643403
1263 1703948643444
1264 1703948643483
1265 1703948643524
1266 1703948643564
1267 1703948643602
1268 1703948643641
1269 1703948643680
1270 1703948643721
1271 1703948643762
1272 1703948643808
1273 1703948643847
1274 1703948643887
1275 1703948643927
1276 1703948643967
1277 1703948644007
1278 1703948644048
1279 1703948644087
1280 1703948644127
1281 1703948644167
1282 1703948644205
1283 1703948644246
1284 1703948644288
1285 1703948644327
1286 1703948644371
1287 1703948644412
1288 1703948644451
1289 1703948644491
1290 1703948644531
1291 1703948644572
1292 1703948644611
1293 1703948644652
1294 1703948644689
1295 1703948644729
1296 1703948644769
1297 1703948644812
1298 1703948644851
1299 1703948644891
1300 1703948644933
1301 1703948644974
1302 1703948645014
1303 1703948645054
1304 1703948645094
1305 1703948645134
1306 1703948645174
1307 1703948645214
1308 1703948645254
1309 1703948645295
1310 1703948645335
1311 1703948645374
1312 1703948645414
1313 1703948645459
1314 1703948645499
1315 1703948645538
1316 1703948645578
1317 1703948645619
1318 1703948645659
1319 1703948645698
1320 1703948645738
1321 1703948645779
1322 1703948645818
1323 1703948645858
1324 1703948645898
1325 1703948645939
1326 1703948645978
1327 1703948646023
1328 1703948646062
1329 1703948646102
1330 1703948646144
1331 1703948646182
1332 1703948646222
1333 1703948646262
1334 1703948646302
1335 1703948646342
1336 1703948646383
1337 1703948646422
1338 1703948646462
1339 1703948646502
1340 1703948646543
1341 1703948646587
1342 1703948646627
1343 1703948646667
1344 1703948646706
1345 1703948646746
1346 1703948646787
1347 1703948646827
1348 1703948646866
1349 1703948646906
1350 1703948646946
1351 1703948646987
1352 1703948647029
1353 1703948647065
1354 1703948647108
1355 1703948647152
1356 1703948647191
1357 1703948647229
1358 1703948647270
1359 1703948647310
1360 1703948647353
1361 1703948647391
1362 1703948647431
1363 1703948647471
1364 1703948647511
1365 1703948647551
1366 1703948647591
1367 1703948647631
1368 1703948647673
1369 1703948647716
1370 1703948647756
1371 1703948647795
1372 1703948647834
1373 1703948647874
1374 1703948647914
1375 1703948647954
1376 1703948647995
1377 1703948648035
1378 1703948648076
1379 1703948648115
1380 1703948648155
1381 1703948648196
1382 1703948648239
1383 1703948648279
1384 1703948648319
1385 1703948648360
1386 1703948648399
1387 1703948648439
1388 1703948648479
1389 1703948648518
1390 1703948648558
1391 1703948648599
1392 1703948648638
1393 1703948648678
1394 1703948648717
1395 1703948648756
1396 1703948648800
1397 1703948648842
1398 1703948648883
1399 1703948648924
1400 1703948648963
1401 1703948649004
1402 1703948649043
1403 1703948649083
1404 1703948649123
1405 1703948649163
1406 1703948649203
1407 1703948649244
1408 1703948649284
1409 1703948649324
1410 1703948649367
1411 1703948649408
1412 1703948649447
1413 1703948649487
1414 1703948649527
1415 1703948649566
1416 1703948649606
1417 1703948649646
1418 1703948649688
1419 1703948649727
1420 1703948649768
1421 1703948649807
1422 1703948649847
1423 1703948649887
1424 1703948649931
1425 1703948649972
1426 1703948650011
1427 1703948650052
1428 1703948650092
1429 1703948650131
1430 1703948650171
1431 1703948650211
1432 1703948650251
1433 1703948650292
1434 1703948650332
1435 1703948650371
1436 1703948650411
1437 1703948650451
1438 1703948650495
1439 1703948650535
1440 1703948650576
1441 1703948650615
1442 1703948650656
1443 1703948650695
1444 1703948650735
1445 1703948650775
1446 1703948650816
1447 1703948650855
1448 1703948650895
1449 1703948650935
1450 1703948650975
1451 1703948651020
1452 1703948651059
1453 1703948651100
1454 1703948651139
1455 1703948651179
1456 1703948651218
1457 1703948651258
1458 1703948651298
1459 1703948651338
1460 1703948651378
1461 1703948651419
1462 1703948651458
1463 1703948651499
1464 1703948651539
1465 1703948651583
1466 1703948651623
1467 1703948651663
1468 1703948651701
1469 1703948651741
1470 1703948651781
1471 1703948651822
1472 1703948651864
1473 1703948651903
1474 1703948651944
1475 1703948651983
1476 1703948652024
1477 1703948652064
1478 1703948652103
1479 1703948652148
1480 1703948652187
1481 1703948652229
1482 1703948652268
1483 1703948652308
1484 1703948652347
1485 1703948652388
1486 1703948652427
1487 1703948652467
1488 1703948652508
1489 1703948652548
1490 1703948652588
1491 1703948652628
1492 1703948652668
1493 1703948652711
1494 1703948652750
1495 1703948652789
1496 1703948652830
1497 1703948652871
1498 1703948652910
1499 1703948652950
1500 1703948652990
1501 1703948653030
1502 1703948653071
1503 1703948653110
1504 1703948653150
1505 1703948653190
1506 1703948653230
1507 1703948653274
1508 1703948653314
1509 1703948653355
1510 1703948653394
1511 1703948653434
1512 1703948653474
1513 1703948653514
1514 1703948653554
1515 1703948653594
1516 1703948653635
1517 1703948653676
1518 1703948653716
1519 1703948653754
1520 1703948653798
1521 1703948653838
1522 1703948653878
1523 1703948653919
1524 1703948653959
1525 1703948654000
1526 1703948654039
1527 1703948654079
1528 1703948654119
1529 1703948654159
1530 1703948654199
1531 1703948654239
1532 1703948654279
1533 1703948654319
1534 1703948654363
1535 1703948654403
1536 1703948654443
1537 1703948654484
1538 1703948654523
1539 1703948654563
1540 1703948654603
1541 1703948654643
1542 1703948654683
1543 1703948654723
1544 1703948654763
1545 1703948654801
1546 1703948654842
1547 1703948654884
1548 1703948654927
1549 1703948654967
1550 1703948655008
1551 1703948655047
1552 1703948655087
1553 1703948655127
1554 1703948655167
1555 1703948655207
1556 1703948655247
1557 1703948655287
1558 1703948655327
1559 1703948655367
1560 1703948655407
1561 1703948655447
1562 1703948655491
1563 1703948655531
1564 1703948655572
1565 1703948655611
1566 1703948655651
1567 1703948655691
1568 1703948655731
1569 1703948655771
1570 1703948655811
1571 1703948655851
1572 1703948655891
1573 1703948655931
1574 1703948655971
1575 1703948656011
1576 1703948656055
1577 1703948656095
1578 1703948656134
1579 1703948656173
1580 1703948656213
1581 1703948656254
1582 1703948656293
1583 1703948656336
1584 1703948656377
1585 1703948656416
1586 1703948656454
1587 1703948656494
1588 1703948656534
1589 1703948656580
1590 1703948656620
1591 1703948656660
1592 1703948656701
1593 1703948656739
1594 1703948656780
1595 1703948656820
1596 1703948656859
1597 1703948656900
1598 1703948656940
1599 1703948656980
1600 1703948657019
1601 1703948657059
1602 1703948657100
1603 1703948657143
1604 1703948657186
1605 1703948657222
1606 1703948657264
1607 1703948657303
1608 1703948657341
1609 1703948657384
1610 1703948657425
1611 1703948657462
1612 1703948657504
1613 1703948657543
1614 1703948657584
1615 1703948657624
1616 1703948657663
1617 1703948657708
1618 1703948657748
1619 1703948657788
1620 1703948657827
1621 1703948657867
1622 1703948657908
1623 1703948657948
1624 1703948657988
1625 1703948658026
1626 1703948658068
1627 1703948658108
1628 1703948658148
1629 1703948658185
1630 1703948658228
1631 1703948658272
1632 1703948658311
1633 1703948658352
1634 1703948658389
1635 1703948658429
1636 1703948658470
1637 1703948658512
1638 1703948658551
1639 1703948658592
1640 1703948658632
1641 1703948658672
1642 1703948658712
1643 1703948658752
1644 1703948658791
1645 1703948658836
1646 1703948658875
1647 1703948658916
1648 1703948658956
1649 1703948658995
1650 1703948659034
1651 1703948659074
1652 1703948659115
1653 1703948659156
1654 1703948659196
1655 1703948659234
1656 1703948659274
1657 1703948659314
1658 1703948659359
1659 1703948659399
1660 1703948659439
1661 1703948659479
1662 1703948659519
1663 1703948659559
1664 1703948659599
1665 1703948659639
1666 1703948659680
1667 1703948659719
1668 1703948659759
1669 1703948659799
1670 1703948659839
1671 1703948659879
1672 1703948659924
1673 1703948659963
1674 1703948660003
1675 1703948660043
1676 1703948660083
1677 1703948660123
1678 1703948660163
1679 1703948660203
1680 1703948660244
1681 1703948660283
1682 1703948660323
1683 1703948660363
1684 1703948660403
1685 1703948660443
1686 1703948660488
1687 1703948660527
1688 1703948660567
1689 1703948660607
1690 1703948660647
1691 1703948660687
1692 1703948660727
1693 1703948660766
1694 1703948660805
1695 1703948660847
1696 1703948660888
1697 1703948660928
1698 1703948660968
1699 1703948661008
1700 1703948661052
1701 1703948661092
1702 1703948661132
1703 1703948661172
1704 1703948661212
1705 1703948661252
1706 1703948661292
1707 1703948661332
1708 1703948661372
1709 1703948661412
1710 1703948661452
1711 1703948661492
1712 1703948661532
1713 1703948661572
1714 1703948661616
1715 1703948661656
1716 1703948661696
1717 1703948661734
1718 1703948661774
1719 1703948661814
1720 1703948661855
1721 1703948661896
1722 1703948661936
1723 1703948661976
1724 1703948662016
1725 1703948662056
1726 1703948662096
1727 1703948662140
1728 1703948662180
1729 1703948662220
1730 1703948662260
1731 1703948662300
1732 1703948662340
1733 1703948662380
1734 1703948662420
1735 1703948662460
1736 1703948662500
1737 1703948662540
1738 1703948662579
1739 1703948662618
1740 1703948662658
1741 1703948662702
1742 1703948662743
1743 1703948662783
1744 1703948662822
1745 1703948662863
1746 1703948662902
1747 1703948662942
1748 1703948662982
1749 1703948663022
1750 1703948663062
1751 1703948663103
1752 1703948663142
1753 1703948663182
1754 1703948663223
1755 1703948663267
1756 1703948663307
1757 1703948663347
1758 1703948663388
1759 1703948663427
1760 1703948663467
1761 1703948663507
1762 1703948663547
1763 1703948663587
1764 1703948663628
1765 1703948663667
1766 1703948663707
1767 1703948663747
1768 1703948663787
1769 1703948663831
1770 1703948663872
1771 1703948663911
1772 1703948663952
1773 1703948663991
1774 1703948664031
1775 1703948664071
1776 1703948664112
1777 1703948664151
1778 1703948664191
1779 1703948664231
1780 1703948664271
1781 1703948664311
1782 1703948664351
1783 1703948664395
1784 1703948664435
1785 1703948664475
1786 1703948664515
1787 1703948664555
1788 1703948664595
1789 1703948664635
1790 1703948664675
1791 1703948664715
1792 1703948664755
1793 1703948664795
1794 1703948664836
1795 1703948664875
1796 1703948664919
1797 1703948664960
1798 1703948664999
1799 1703948665039
1800 1703948665079
1801 1703948665119
1802 1703948665159
1803 1703948665199
1804 1703948665239
1805 1703948665279
1806 1703948665319
1807 1703948665359
1808 1703948665399
1809 1703948665439
1810 1703948665484
1811 1703948665523
1812 1703948665563
1813 1703948665603
1814 1703948665643
1815 1703948665684
1816 1703948665724
1817 1703948665762
1818 1703948665803
1819 1703948665842
1820 1703948665881
1821 1703948665921
1822 1703948665961
1823 1703948666001
1824 1703948666045
1825 1703948666085
1826 1703948666125
1827 1703948666165
1828 1703948666205
1829 1703948666245
1830 1703948666285
1831 1703948666325
1832 1703948666365
1833 1703948666405
1834 1703948666445
1835 1703948666485
1836 1703948666525
1837 1703948666565
1838 1703948666609
1839 1703948666649
1840 1703948666689
1841 1703948666729
1842 1703948666769
1843 1703948666809
1844 1703948666849
1845 1703948666889
1846 1703948666929
1847 1703948666969
1848 1703948667009
1849 1703948667049
1850 1703948667089
1851 1703948667129
1852 1703948667173
1853 1703948667213
1854 1703948667253
1855 1703948667293
1856 1703948667333
1857 1703948667373
1858 1703948667414
1859 1703948667453
1860 1703948667493
1861 1703948667533
1862 1703948667573
1863 1703948667613
1864 1703948667653
1865 1703948667697
1866 1703948667737
1867 1703948667777
1868 1703948667817
1869 1703948667857
1870 1703948667897
1871 1703948667937
1872 1703948667977
1873 1703948668017
1874 1703948668057
1875 1703948668097
1876 1703948668137
1877 1703948668177
1878 1703948668217
1879 1703948668261
1880 1703948668301
1881 1703948668341
1882 1703948668381
1883 1703948668421
1884 1703948668461
1885 1703948668502
1886 1703948668542
1887 1703948668582
1888 1703948668622
1889 1703948668662
1890 1703948668702
1891 1703948668742
1892 1703948668783
1893 1703948668827
1894 1703948668866
1895 1703948668906
1896 1703948668946
1897 1703948668987
1898 1703948669026
1899 1703948669066
1900 1703948669106
1901 1703948669152
1902 1703948669190
1903 1703948669225
1904 1703948669265
1905 1703948669306
1906 1703948669346
1907 1703948669392
1908 1703948669432
1909 1703948669472
1910 1703948669512
1911 1703948669552
1912 1703948669591
1913 1703948669631
1914 1703948669672
1915 1703948669711
1916 1703948669752
1917 1703948669791
1918 1703948669832
1919 1703948669872
1920 1703948669910
1921 1703948669954
1922 1703948669994
1923 1703948670034
1924 1703948670076
1925 1703948670116
1926 1703948670155
1927 1703948670196
1928 1703948670236
1929 1703948670276
1930 1703948670316
1931 1703948670356
1932 1703948670395
1933 1703948670436
1934 1703948670480
1935 1703948670520
1936 1703948670559
1937 1703948670600
1938 1703948670639
1939 1703948670679
1940 1703948670719
1941 1703948670760
1942 1703948670801
1943 1703948670838
1944 1703948670878
1945 1703948670919
1946 1703948670960
1947 1703948670999
1948 1703948671043
1949 1703948671084
1950 1703948671124
1951 1703948671163
1952 1703948671203
1953 1703948671244
1954 1703948671284
1955 1703948671323
1956 1703948671363
1957 1703948671404
1958 1703948671444
1959 1703948671483
1960 1703948671523
1961 1703948671564
1962 1703948671607
1963 1703948671647
1964 1703948671688
1965 1703948671728
1966 1703948671768
1967 1703948671808
1968 1703948671846
1969 1703948671886
1970 1703948671927
1971 1703948671968
1972 1703948672008
1973 1703948672049
1974 1703948672088
1975 1703948672128
1976 1703948672172
1977 1703948672212
1978 1703948672253
1979 1703948672294
1980 1703948672332
1981 1703948672372
1982 1703948672411
1983 1703948672449
1984 1703948672489
1985 1703948672529
1986 1703948672569
1987 1703948672610
1988 1703948672650
1989 1703948672692
1990 1703948672736
1991 1703948672776
1992 1703948672817
1993 1703948672856
1994 1703948672896
1995 1703948672936
1996 1703948672976
1997 1703948673016
1998 1703948673056
1999 1703948673096
2000 1703948673136
2001 1703948673176
2002 1703948673218
2003 1703948673260
2004 1703948673300
2005 1703948673340
2006 1703948673380
2007 1703948673420
2008 1703948673460
2009 1703948673500
2010 1703948673540
2011 1703948673580
2012 1703948673620
2013 1703948673660
2014 1703948673700
2015 1703948673740
2016 1703948673780
2017 1703948673824
2018 1703948673865
2019 1703948673904
2020 1703948673944
2021 1703948673984
2022 1703948674024
2023 1703948674063
2024 1703948674102
2025 1703948674142
2026 1703948674182
2027 1703948674224
2028 1703948674265
2029 1703948674304
2030 1703948674344
2031 1703948674388
2032 1703948674428
2033 1703948674469
2034 1703948674508
2035 1703948674548
2036 1703948674588
2037 1703948674628
2038 1703948674668
2039 1703948674708
2040 1703948674747
2041 1703948674787
2042 1703948674827
2043 1703948674867
2044 1703948674907
2045 1703948674951
2046 1703948674991
2047 1703948675032
2048 1703948675072
2049 1703948675112
2050 1703948675152
2051 1703948675192
2052 1703948675232
2053 1703948675272
2054 1703948675312
2055 1703948675352
2056 1703948675392
2057 1703948675432
2058 1703948675472
2059 1703948675516
2060 1703948675556
2061 1703948675597
2062 1703948675636
2063 1703948675677
2064 1703948675716
2065 1703948675756
2066 1703948675795
2067 1703948675836
2068 1703948675876
2069 1703948675915
2070 1703948675955
2071 1703948675995
2072 1703948676039
2073 1703948676080
2074 1703948676120
2075 1703948676160
2076 1703948676200
2077 1703948676240
2078 1703948676279
2079 1703948676320
2080 1703948676359
2081 1703948676400
2082 1703948676440
2083 1703948676480
2084 1703948676520
2085 1703948676559
2086 1703948676603
2087 1703948676644
2088 1703948676684
2089 1703948676722
2090 1703948676762
2091 1703948676801
2092 1703948676842
2093 1703948676882
2094 1703948676925
2095 1703948676964
2096 1703948677004
2097 1703948677044
2098 1703948677085
2099 1703948677124
2100 1703948677168
2101 1703948677208
2102 1703948677248
2103 1703948677288
2104 1703948677328
2105 1703948677368
2106 1703948677408
2107 1703948677448
2108 1703948677488
2109 1703948677528
2110 1703948677568
2111 1703948677608
2112 1703948677648
2113 1703948677688
2114 1703948677731
2115 1703948677772
2116 1703948677811
2117 1703948677851
2118 1703948677891
2119 1703948677933
2120 1703948677973
2121 1703948678011
2122 1703948678051
2123 1703948678091
2124 1703948678131
2125 1703948678171
2126 1703948678211
2127 1703948678253
2128 1703948678296
2129 1703948678337
2130 1703948678374
2131 1703948678415
2132 1703948678455
2133 1703948678496
2134 1703948678536
2135 1703948678576
2136 1703948678616
2137 1703948678655
2138 1703948678695
2139 1703948678736
2140 1703948678776
2141 1703948678819
2142 1703948678859
2143 1703948678899
2144 1703948678939
2145 1703948678980
2146 1703948679019
2147 1703948679060
2148 1703948679100
2149 1703948679139
2150 1703948679179
2151 1703948679220
2152 1703948679260
2153 1703948679300
2154 1703948679340
2155 1703948679384
2156 1703948679423
2157 1703948679464
2158 1703948679503
2159 1703948679543
2160 1703948679584
2161 1703948679624
2162 1703948679664
2163 1703948679704
2164 1703948679744
2165 1703948679784
2166 1703948679824
2167 1703948679864
2168 1703948679904
2169 1703948679947
2170 1703948679986
2171 1703948680026
2172 1703948680068
2173 1703948680108
2174 1703948680146
2175 1703948680187
2176 1703948680227
2177 1703948680267
2178 1703948680307
2179 1703948680348
2180 1703948680387
2181 1703948680427
2182 1703948680467
2183 1703948680513
2184 1703948680553
2185 1703948680590
2186 1703948680630
2187 1703948680671
2188 1703948680711
2189 1703948680751
2190 1703948680791
2191 1703948680831
2192 1703948680871
2193 1703948680911
2194 1703948680951
2195 1703948680992
2196 1703948681031
2197 1703948681076
2198 1703948681115
2199 1703948681155
2200 1703948681196
2201 1703948681236
2202 1703948681276
2203 1703948681315
2204 1703948681355
2205 1703948681394
2206 1703948681434
2207 1703948681475
2208 1703948681515
2209 1703948681555
2210 1703948681599
2211 1703948681639
2212 1703948681679
2213 1703948681719
2214 1703948681759
2215 1703948681799
2216 1703948681839
2217 1703948681879
2218 1703948681918
2219 1703948681959
2220 1703948681999
2221 1703948682039
2222 1703948682079
2223 1703948682119
2224 1703948682164
2225 1703948682203
2226 1703948682243
2227 1703948682283
2228 1703948682323
2229 1703948682363
2230 1703948682403
2231 1703948682444
2232 1703948682483
2233 1703948682523
2234 1703948682563
2235 1703948682603
2236 1703948682643
2237 1703948682685
2238 1703948682727
2239 1703948682767
2240 1703948682807
2241 1703948682847
2242 1703948682887
2243 1703948682927
2244 1703948682967
2245 1703948683008
2246 1703948683048
2247 1703948683087
2248 1703948683127
2249 1703948683168
2250 1703948683208
2251 1703948683248
2252 1703948683292
2253 1703948683332
2254 1703948683372
2255 1703948683412
2256 1703948683452
2257 1703948683492
2258 1703948683532
2259 1703948683571
2260 1703948683612
2261 1703948683652
2262 1703948683692
2263 1703948683731
2264 1703948683772
2265 1703948683811
2266 1703948683856
2267 1703948683896
2268 1703948683936
2269 1703948683976
2270 1703948684015
2271 1703948684056
2272 1703948684096
2273 1703948684136
2274 1703948684176
2275 1703948684216
2276 1703948684256
2277 1703948684296
2278 1703948684337
2279 1703948684380
2280 1703948684419
2281 1703948684460
2282 1703948684500
2283 1703948684540
2284 1703948684580
2285 1703948684620
2286 1703948684660
2287 1703948684700
2288 1703948684740
2289 1703948684780
2290 1703948684820
2291 1703948684860
2292 1703948684900
2293 1703948684944
2294 1703948684983
2295 1703948685023
2296 1703948685063
2297 1703948685103
2298 1703948685144
2299 1703948685184
2300 1703948685223
2301 1703948685264
2302 1703948685303
2303 1703948685344
2304 1703948685384
2305 1703948685424
2306 1703948685463
2307 1703948685507
2308 1703948685547
2309 1703948685587
2310 1703948685627
2311 1703948685666
2312 1703948685707
2313 1703948685747
2314 1703948685787
2315 1703948685827
2316 1703948685868
2317 1703948685907
2318 1703948685947
2319 1703948685988
2320 1703948686027
2321 1703948686072
2322 1703948686111
2323 1703948686151
2324 1703948686191
2325 1703948686231
2326 1703948686271
2327 1703948686311
2328 1703948686351
2329 1703948686392
2330 1703948686431
2331 1703948686471
2332 1703948686511
2333 1703948686551
2334 1703948686592
2335 1703948686636
2336 1703948686677
2337 1703948686715
2338 1703948686755
2339 1703948686795
2340 1703948686835
2341 1703948686875
2342 1703948686915
2343 1703948686954
2344 1703948686994
2345 1703948687035
2346 1703948687074
2347 1703948687115
2348 1703948687162
2349 1703948687199
2350 1703948687238
2351 1703948687278
2352 1703948687319
2353 1703948687359
2354 1703948687399
2355 1703948687438
2356 1703948687479
2357 1703948687519
2358 1703948687559
2359 1703948687599
2360 1703948687639
2361 1703948687679
2362 1703948687723
2363 1703948687763
2364 1703948687803
2365 1703948687843
2366 1703948687883
2367 1703948687923
2368 1703948687963
2369 1703948688002
2370 1703948688045
2371 1703948688084
2372 1703948688123
2373 1703948688163
2374 1703948688204
2375 1703948688243
2376 1703948688288
2377 1703948688327
2378 1703948688367
2379 1703948688409
2380 1703948688447
2381 1703948688488
2382 1703948688528
2383 1703948688567
2384 1703948688608
2385 1703948688648
2386 1703948688688
2387 1703948688728
2388 1703948688768
2389 1703948688808
2390 1703948688852
2391 1703948688892
2392 1703948688932
2393 1703948688972
2394 1703948689013
2395 1703948689052
2396 1703948689092
2397 1703948689133
2398 1703948689172
2399 1703948689212
2400 1703948689252
2401 1703948689292
2402 1703948689332
2403 1703948689372
2404 1703948689417
2405 1703948689456
2406 1703948689496
2407 1703948689535
2408 1703948689575
2409 1703948689616
2410 1703948689656
2411 1703948689696
2412 1703948689736
2413 1703948689776
2414 1703948689816
2415 1703948689856
2416 1703948689896
2417 1703948689940
2418 1703948689981
2419 1703948690020
2420 1703948690061
2421 1703948690101
2422 1703948690141
2423 1703948690181
2424 1703948690220
2425 1703948690261
2426 1703948690301
2427 1703948690341
2428 1703948690380
2429 1703948690421
2430 1703948690461
2431 1703948690503
2432 1703948690543
2433 1703948690584
2434 1703948690623
2435 1703948690665
2436 1703948690704
2437 1703948690745
2438 1703948690784
2439 1703948690824
2440 1703948690864
2441 1703948690904
2442 1703948690945
2443 1703948690984
2444 1703948691024
2445 1703948691068
2446 1703948691108
2447 1703948691148
2448 1703948691188
2449 1703948691228
2450 1703948691268
2451 1703948691308
2452 1703948691348
2453 1703948691388
2454 1703948691428
2455 1703948691468
2456 1703948691508
2457 1703948691548
2458 1703948691588
2459 1703948691634
2460 1703948691673
2461 1703948691712
2462 1703948691752
2463 1703948691792
2464 1703948691832
2465 1703948691872
2466 1703948691912
2467 1703948691952
2468 1703948691992
2469 1703948692032
2470 1703948692072
2471 1703948692110
2472 1703948692155
2473 1703948692197
2474 1703948692237
2475 1703948692277
2476 1703948692315
2477 1703948692355
2478 1703948692396
2479 1703948692435
2480 1703948692477
2481 1703948692517
2482 1703948692557
2483 1703948692597
2484 1703948692634
2485 1703948692678
2486 1703948692722
2487 1703948692761
2488 1703948692801
2489 1703948692841
2490 1703948692881
2491 1703948692921
2492 1703948692959
2493 1703948693001
2494 1703948693041
2495 1703948693080
2496 1703948693119
2497 1703948693159
2498 1703948693199
2499 1703948693240
2500 1703948693285
2501 1703948693324
2502 1703948693364
2503 1703948693403
2504 1703948693443
2505 1703948693484
2506 1703948693523
2507 1703948693566
2508 1703948693605
2509 1703948693645
2510 1703948693683
2511 1703948693725
2512 1703948693765
2513 1703948693805
2514 1703948693850
2515 1703948693889
2516 1703948693929
2517 1703948693969
2518 1703948694009
2519 1703948694049
2520 1703948694089
2521 1703948694129
2522 1703948694169
2523 1703948694209
2524 1703948694249
2525 1703948694289
2526 1703948694329
2527 1703948694369
2528 1703948694411
2529 1703948694452
2530 1703948694492
2531 1703948694533
2532 1703948694573
2533 1703948694613
2534 1703948694652
2535 1703948694692
2536 1703948694733
2537 1703948694772
2538 1703948694813
2539 1703948694853
2540 1703948694892
2541 1703948694932
2542 1703948694976
