1 1702736836657
2 1702736836741
3 1702736836753
4 1702736836785
5 1702736836820
6 1702736836855
7 1702736836886
8 1702736836919
9 1702736836956
10 1702736836986
11 1702736837045
12 1702736837107
13 1702736837168
14 1702736837232
15 1702736837301
16 1702736837354
17 1702736837419
18 1702736837475
19 1702736837538
20 1702736837601
21 1702736837652
22 1702736837723
23 1702736837784
24 1702736837844
25 1702736837898
26 1702736837963
27 1702736838023
28 1702736838083
29 1702736838136
30 1702736838202
31 1702736838270
32 1702736838322
33 1702736838382
34 1702736838447
35 1702736838505
36 1702736838567
37 1702736838622
38 1702736838686
39 1702736838747
40 1702736838811
41 1702736838872
42 1702736838926
43 1702736838982
44 1702736839041
45 1702736839102
46 1702736839174
47 1702736839248
48 1702736839289
49 1702736839346
50 1702736839407
51 1702736839478
52 1702736839535
53 1702736839587
54 1702736839645
55 1702736839705
56 1702736839765
57 1702736839830
58 1702736839890
59 1702736839950
60 1702736840011
61 1702736840072
62 1702736840130
63 1702736840189
64 1702736840255
65 1702736840320
66 1702736840375
67 1702736840433
68 1702736840494
69 1702736840556
70 1702736840616
71 1702736840676
72 1702736840734
73 1702736840798
74 1702736840878
75 1702736840917
76 1702736840977
77 1702736841037
78 1702736841097
79 1702736841157
80 1702736841217
81 1702736841276
82 1702736841337
83 1702736841401
84 1702736841461
85 1702736841521
86 1702736841581
87 1702736841641
88 1702736841701
89 1702736841761
90 1702736841821
91 1702736841885
92 1702736841945
93 1702736842005
94 1702736842065
95 1702736842126
96 1702736842185
97 1702736842245
98 1702736842305
99 1702736842365
100 1702736842429
101 1702736842489
102 1702736842549
103 1702736842609
104 1702736842669
105 1702736842729
106 1702736842789
107 1702736842849
108 1702736842909
109 1702736842973
110 1702736843033
111 1702736843093
112 1702736843153
113 1702736843213
114 1702736843273
115 1702736843333
116 1702736843393
117 1702736843457
118 1702736843517
119 1702736843577
120 1702736843637
121 1702736843697
122 1702736843760
123 1702736843821
124 1702736843878
125 1702736843938
126 1702736844004
127 1702736844065
128 1702736844126
129 1702736844185
130 1702736844242
131 1702736844302
132 1702736844365
133 1702736844425
134 1702736844489
135 1702736844550
136 1702736844605
137 1702736844665
138 1702736844725
139 1702736844786
140 1702736844849
141 1702736844908
142 1702736844969
143 1702736845033
144 1702736845091
145 1702736845150
146 1702736845214
147 1702736845274
148 1702736845332
149 1702736845393
150 1702736845450
151 1702736845510
152 1702736845577
153 1702736845639
154 1702736845697
155 1702736845754
156 1702736845816
157 1702736845879
158 1702736845934
159 1702736845995
160 1702736846062
161 1702736846125
162 1702736846178
163 1702736846238
164 1702736846300
165 1702736846363
166 1702736846422
167 1702736846478
168 1702736846539
169 1702736846604
170 1702736846665
171 1702736846724
172 1702736846787
173 1702736846847
174 1702736846902
175 1702736846962
176 1702736847025
177 1702736847091
178 1702736847148
179 1702736847207
180 1702736847267
181 1702736847328
182 1702736847392
183 1702736847451
184 1702736847506
185 1702736847565
186 1702736847630
187 1702736847689
188 1702736847749
189 1702736847810
190 1702736847872
191 1702736847930
192 1702736847989
193 1702736848050
194 1702736848115
195 1702736848180
196 1702736848235
197 1702736848294
198 1702736848357
199 1702736848420
200 1702736848474
201 1702736848533
202 1702736848594
203 1702736848663
204 1702736848720
205 1702736848779
206 1702736848838
207 1702736848900
208 1702736848962
209 1702736849023
210 1702736849078
211 1702736849138
212 1702736849205
213 1702736849272
214 1702736849323
215 1702736849381
216 1702736849443
217 1702736849516
218 1702736849563
219 1702736849621
220 1702736849686
221 1702736849749
222 1702736849809
223 1702736849871
224 1702736849927
225 1702736849987
226 1702736850047
227 1702736850108
228 1702736850167
229 1702736850231
230 1702736850294
231 1702736850355
232 1702736850412
233 1702736850469
234 1702736850531
235 1702736850593
236 1702736850654
237 1702736850710
238 1702736850774
239 1702736850837
240 1702736850897
241 1702736850956
242 1702736851015
243 1702736851076
244 1702736851135
245 1702736851196
246 1702736851261
247 1702736851321
248 1702736851380
249 1702736851439
250 1702736851503
251 1702736851563
252 1702736851619
253 1702736851678
254 1702736851739
255 1702736851805
256 1702736851866
257 1702736851926
258 1702736851982
259 1702736852042
260 1702736852107
261 1702736852170
262 1702736852223
263 1702736852286
264 1702736852358
265 1702736852415
266 1702736852466
267 1702736852525
268 1702736852587
269 1702736852654
270 1702736852711
271 1702736852766
272 1702736852831
273 1702736852892
274 1702736852952
275 1702736853012
276 1702736853072
277 1702736853132
278 1702736853192
279 1702736853251
280 1702736853312
281 1702736853377
282 1702736853436
283 1702736853496
284 1702736853556
285 1702736853616
286 1702736853676
287 1702736853736
288 1702736853796
289 1702736853860
290 1702736853920
291 1702736853981
292 1702736854041
293 1702736854100
294 1702736854157
295 1702736854218
296 1702736854285
297 1702736854349
298 1702736854406
299 1702736854461
300 1702736854523
301 1702736854590
302 1702736854653
303 1702736854702
304 1702736854761
305 1702736854824
306 1702736854897
307 1702736854946
308 1702736855006
309 1702736855071
310 1702736855133
311 1702736855187
312 1702736855245
313 1702736855307
314 1702736855386
315 1702736855431
316 1702736855490
317 1702736855556
318 1702736855642
319 1702736855671
320 1702736855730
321 1702736855791
322 1702736855860
323 1702736855912
324 1702736855974
325 1702736856040
326 1702736856101
327 1702736856155
328 1702736856213
329 1702736856275
330 1702736856341
331 1702736856396
332 1702736856457
333 1702736856523
334 1702736856618
335 1702736856639
336 1702736856697
337 1702736856758
338 1702736856819
339 1702736856879
340 1702736856942
341 1702736857007
342 1702736857067
343 1702736857122
344 1702736857182
345 1702736857245
346 1702736857309
347 1702736857363
348 1702736857422
349 1702736857491
350 1702736857553
351 1702736857607
352 1702736857666
353 1702736857729
354 1702736857792
355 1702736857847
356 1702736857905
357 1702736857972
358 1702736858045
359 1702736858090
360 1702736858150
361 1702736858217
362 1702736858276
363 1702736858331
364 1702736858389
365 1702736858452
366 1702736858516
367 1702736858575
368 1702736858634
369 1702736858697
370 1702736858761
371 1702736858816
372 1702736858874
373 1702736858935
374 1702736859000
375 1702736859058
376 1702736859118
377 1702736859183
378 1702736859254
379 1702736859298
380 1702736859358
381 1702736859424
382 1702736859485
383 1702736859538
384 1702736859602
385 1702736859669
386 1702736859729
387 1702736859783
388 1702736859841
389 1702736859905
390 1702736859977
391 1702736860023
392 1702736860082
393 1702736860157
394 1702736860223
395 1702736860267
396 1702736860331
397 1702736860392
398 1702736860446
399 1702736860505
400 1702736860572
401 1702736860635
402 1702736860697
403 1702736860750
404 1702736860811
405 1702736860875
406 1702736860936
407 1702736860990
408 1702736861050
409 1702736861111
410 1702736861179
411 1702736861235
412 1702736861294
413 1702736861359
414 1702736861420
415 1702736861474
416 1702736861534
417 1702736861600
418 1702736861674
419 1702736861719
420 1702736861778
421 1702736861854
422 1702736861906
423 1702736861959
424 1702736862018
425 1702736862082
426 1702736862146
427 1702736862204
428 1702736862267
429 1702736862327
430 1702736862384
431 1702736862442
432 1702736862504
433 1702736862568
434 1702736862628
435 1702736862682
436 1702736862746
437 1702736862812
438 1702736862873
439 1702736862927
440 1702736862986
441 1702736863050
442 1702736863111
443 1702736863167
444 1702736863230
445 1702736863296
446 1702736863370
447 1702736863412
448 1702736863470
449 1702736863537
450 1702736863597
451 1702736863650
452 1702736863716
453 1702736863781
454 1702736863837
455 1702736863894
456 1702736863955
457 1702736864021
458 1702736864084
459 1702736864134
460 1702736864194
461 1702736864264
462 1702736864328
463 1702736864383
464 1702736864437
465 1702736864499
466 1702736864566
467 1702736864624
468 1702736864677
469 1702736864737
470 1702736864802
471 1702736864866
472 1702736864927
473 1702736864987
474 1702736865047
475 1702736865102
476 1702736865162
477 1702736865229
478 1702736865288
479 1702736865346
480 1702736865406
481 1702736865470
482 1702736865533
483 1702736865587
484 1702736865646
485 1702736865711
486 1702736865774
487 1702736865830
488 1702736865889
489 1702736865953
490 1702736866018
491 1702736866073
492 1702736866130
493 1702736866193
494 1702736866257
495 1702736866312
496 1702736866375
497 1702736866442
498 1702736866501
499 1702736866556
500 1702736866614
501 1702736866677
502 1702736866741
503 1702736866796
504 1702736866858
505 1702736866920
506 1702736866982
507 1702736867039
508 1702736867100
509 1702736867164
510 1702736867224
511 1702736867278
512 1702736867339
513 1702736867405
514 1702736867467
515 1702736867522
516 1702736867583
517 1702736867646
518 1702736867707
519 1702736867762
520 1702736867823
521 1702736867886
522 1702736867951
523 1702736868006
524 1702736868066
525 1702736868132
526 1702736868196
527 1702736868250
528 1702736868306
529 1702736868367
530 1702736868434
531 1702736868491
532 1702736868553
533 1702736868615
534 1702736868677
535 1702736868730
536 1702736868790
537 1702736868857
538 1702736868917
539 1702736868974
540 1702736869034
541 1702736869100
542 1702736869172
543 1702736869215
544 1702736869273
545 1702736869334
546 1702736869398
547 1702736869465
548 1702736869519
549 1702736869578
550 1702736869639
551 1702736869703
552 1702736869768
553 1702736869818
554 1702736869879
555 1702736869945
556 1702736870019
557 1702736870063
558 1702736870122
559 1702736870187
560 1702736870249
561 1702736870304
562 1702736870362
563 1702736870424
564 1702736870487
565 1702736870547
566 1702736870607
567 1702736870672
568 1702736870733
569 1702736870786
570 1702736870845
571 1702736870909
572 1702736870973
573 1702736871030
574 1702736871090
575 1702736871156
576 1702736871227
577 1702736871271
578 1702736871330
579 1702736871395
580 1702736871455
581 1702736871515
582 1702736871574
583 1702736871637
584 1702736871701
585 1702736871754
586 1702736871814
587 1702736871880
588 1702736871941
589 1702736871996
590 1702736872054
591 1702736872120
592 1702736872193
593 1702736872243
594 1702736872298
595 1702736872362
596 1702736872424
597 1702736872479
598 1702736872538
599 1702736872606
600 1702736872679
601 1702736872725
602 1702736872782
603 1702736872844
604 1702736872909
605 1702736872964
606 1702736873022
607 1702736873087
608 1702736873154
609 1702736873213
610 1702736873266
611 1702736873329
612 1702736873393
613 1702736873447
614 1702736873506
615 1702736873573
616 1702736873638
617 1702736873691
618 1702736873754
619 1702736873813
620 1702736873875
621 1702736873930
622 1702736873992
623 1702736874055
624 1702736874123
625 1702736874174
626 1702736874234
627 1702736874300
628 1702736874375
629 1702736874414
630 1702736874474
631 1702736874539
632 1702736874614
633 1702736874659
634 1702736874718
635 1702736874784
636 1702736874845
637 1702736874900
638 1702736874958
639 1702736875019
640 1702736875084
641 1702736875147
642 1702736875208
643 1702736875268
644 1702736875329
645 1702736875382
646 1702736875443
647 1702736875509
648 1702736875569
649 1702736875624
650 1702736875682
651 1702736875750
652 1702736875813
653 1702736875867
654 1702736875926
655 1702736875988
656 1702736876053
657 1702736876109
658 1702736876172
659 1702736876245
660 1702736876290
661 1702736876349
662 1702736876409
663 1702736876477
664 1702736876537
665 1702736876591
666 1702736876650
667 1702736876713
668 1702736876789
669 1702736876835
670 1702736876894
671 1702736876957
672 1702736877021
673 1702736877075
674 1702736877134
675 1702736877196
676 1702736877278
677 1702736877318
678 1702736877378
679 1702736877440
680 1702736877503
681 1702736877559
682 1702736877619
683 1702736877682
684 1702736877745
685 1702736877802
686 1702736877862
687 1702736877928
688 1702736877998
689 1702736878043
690 1702736878102
691 1702736878168
692 1702736878229
693 1702736878283
694 1702736878346
695 1702736878411
696 1702736878476
697 1702736878527
698 1702736878586
699 1702736878652
700 1702736878713
701 1702736878767
702 1702736878830
703 1702736878898
704 1702736878958
705 1702736879011
706 1702736879070
707 1702736879132
708 1702736879194
709 1702736879251
710 1702736879311
711 1702736879378
712 1702736879441
713 1702736879495
714 1702736879555
715 1702736879618
716 1702736879681
717 1702736879734
718 1702736879794
719 1702736879860
720 1702736879925
721 1702736879979
722 1702736880038
723 1702736880103
724 1702736880165
725 1702736880221
726 1702736880278
727 1702736880340
728 1702736880411
729 1702736880464
730 1702736880522
731 1702736880585
732 1702736880650
733 1702736880703
734 1702736880768
735 1702736880828
736 1702736880894
737 1702736880946
738 1702736881007
739 1702736881074
740 1702736881137
741 1702736881187
742 1702736881245
743 1702736881307
744 1702736881372
745 1702736881433
746 1702736881495
747 1702736881556
748 1702736881613
749 1702736881670
750 1702736881730
751 1702736881797
752 1702736881866
753 1702736881911
754 1702736881974
755 1702736882046
756 1702736882101
757 1702736882156
758 1702736882217
759 1702736882277
760 1702736882337
761 1702736882394
762 1702736882456
763 1702736882526
764 1702736882585
765 1702736882639
766 1702736882698
767 1702736882764
768 1702736882826
769 1702736882882
770 1702736882938
771 1702736883008
772 1702736883069
773 1702736883124
774 1702736883182
775 1702736883245
776 1702736883309
777 1702736883364
778 1702736883422
779 1702736883487
780 1702736883553
781 1702736883608
782 1702736883666
783 1702736883728
784 1702736883794
785 1702736883848
786 1702736883906
787 1702736883970
788 1702736884037
789 1702736884094
790 1702736884150
791 1702736884212
792 1702736884277
793 1702736884332
794 1702736884389
795 1702736884450
796 1702736884517
797 1702736884604
798 1702736884639
799 1702736884694
800 1702736884755
801 1702736884820
802 1702736884881
803 1702736884934
804 1702736884994
805 1702736885060
806 1702736885127
807 1702736885180
808 1702736885238
809 1702736885300
810 1702736885365
811 1702736885419
812 1702736885478
813 1702736885543
814 1702736885610
815 1702736885663
816 1702736885722
817 1702736885798
818 1702736885849
819 1702736885904
820 1702736885962
821 1702736886024
822 1702736886088
823 1702736886147
824 1702736886206
825 1702736886272
826 1702736886334
827 1702736886390
828 1702736886446
829 1702736886511
830 1702736886573
831 1702736886628
832 1702736886690
833 1702736886754
834 1702736886829
835 1702736886872
836 1702736886930
837 1702736886992
838 1702736887057
839 1702736887112
840 1702736887175
841 1702736887247
842 1702736887304
843 1702736887356
844 1702736887414
845 1702736887474
846 1702736887534
847 1702736887598
848 1702736887659
849 1702736887724
850 1702736887785
851 1702736887838
852 1702736887904
853 1702736887963
854 1702736888026
855 1702736888078
856 1702736888139
857 1702736888210
858 1702736888289
859 1702736888323
860 1702736888382
861 1702736888443
862 1702736888504
863 1702736888565
864 1702736888626
865 1702736888686
866 1702736888753
867 1702736888806
868 1702736888867
869 1702736888932
870 1702736888993
871 1702736889048
872 1702736889107
873 1702736889169
874 1702736889238
875 1702736889291
876 1702736889351
877 1702736889417
878 1702736889477
879 1702736889531
880 1702736889590
881 1702736889655
882 1702736889717
883 1702736889774
884 1702736889834
885 1702736889895
886 1702736889956
887 1702736890017
888 1702736890080
889 1702736890140
890 1702736890198
891 1702736890259
892 1702736890323
893 1702736890394
894 1702736890440
895 1702736890498
896 1702736890559
897 1702736890624
898 1702736890685
899 1702736890738
900 1702736890803
901 1702736890880
902 1702736890929
903 1702736890983
904 1702736891042
905 1702736891103
906 1702736891168
907 1702736891224
908 1702736891282
909 1702736891351
910 1702736891421
911 1702736891468
912 1702736891526
913 1702736891590
914 1702736891653
915 1702736891708
916 1702736891766
917 1702736891827
918 1702736891895
919 1702736891954
920 1702736892011
921 1702736892076
922 1702736892137
923 1702736892192
924 1702736892255
925 1702736892315
926 1702736892381
927 1702736892434
928 1702736892495
929 1702736892561
930 1702736892621
931 1702736892675
932 1702736892734
933 1702736892800
934 1702736892861
935 1702736892920
936 1702736892978
937 1702736893041
938 1702736893117
939 1702736893160
940 1702736893218
941 1702736893282
942 1702736893344
943 1702736893404
944 1702736893462
945 1702736893529
946 1702736893590
947 1702736893644
948 1702736893702
949 1702736893769
950 1702736893829
951 1702736893885
952 1702736893946
953 1702736894009
954 1702736894083
955 1702736894130
956 1702736894186
957 1702736894251
958 1702736894314
959 1702736894369
960 1702736894426
961 1702736894496
962 1702736894556
963 1702736894616
964 1702736894670
965 1702736894733
966 1702736894797
967 1702736894853
968 1702736894910
969 1702736894979
970 1702736895041
971 1702736895095
972 1702736895154
973 1702736895220
974 1702736895282
975 1702736895336
976 1702736895394
977 1702736895455
978 1702736895521
979 1702736895581
980 1702736895643
981 1702736895704
982 1702736895767
983 1702736895818
984 1702736895879
985 1702736895943
986 1702736896008
987 1702736896062
988 1702736896122
989 1702736896188
990 1702736896249
991 1702736896304
992 1702736896362
993 1702736896427
994 1702736896489
995 1702736896547
996 1702736896606
997 1702736896670
998 1702736896733
999 1702736896788
1000 1702736896846
1001 1702736896909
1002 1702736896972
1003 1702736897029
1004 1702736897090
1005 1702736897155
1006 1702736897216
1007 1702736897271
1008 1702736897330
1009 1702736897395
1010 1702736897457
1011 1702736897512
1012 1702736897575
1013 1702736897639
1014 1702736897710
1015 1702736897754
1016 1702736897814
1017 1702736897879
1018 1702736897941
1019 1702736897995
1020 1702736898055
1021 1702736898126
1022 1702736898185
1023 1702736898240
1024 1702736898298
1025 1702736898363
1026 1702736898425
1027 1702736898480
1028 1702736898539
1029 1702736898608
1030 1702736898669
1031 1702736898724
1032 1702736898782
1033 1702736898848
1034 1702736898909
1035 1702736898964
1036 1702736899022
1037 1702736899084
1038 1702736899161
1039 1702736899207
1040 1702736899272
1041 1702736899332
1042 1702736899395
1043 1702736899446
1044 1702736899506
1045 1702736899567
1046 1702736899632
1047 1702736899697
1048 1702736899751
1049 1702736899810
1050 1702736899876
1051 1702736899937
1052 1702736899998
1053 1702736900050
1054 1702736900111
1055 1702736900180
1056 1702736900242
1057 1702736900296
1058 1702736900354
1059 1702736900416
1060 1702736900478
1061 1702736900536
1062 1702736900597
1063 1702736900657
1064 1702736900721
1065 1702736900779
1066 1702736900841
1067 1702736900903
1068 1702736900962
1069 1702736901018
1070 1702736901079
1071 1702736901146
1072 1702736901211
1073 1702736901263
1074 1702736901323
1075 1702736901388
1076 1702736901458
1077 1702736901503
1078 1702736901562
1079 1702736901626
1080 1702736901689
1081 1702736901748
1082 1702736901807
1083 1702736901871
1084 1702736901933
1085 1702736901987
1086 1702736902046
1087 1702736902110
1088 1702736902173
1089 1702736902229
1090 1702736902290
1091 1702736902357
1092 1702736902431
1093 1702736902473
1094 1702736902530
1095 1702736902591
1096 1702736902652
1097 1702736902713
1098 1702736902780
1099 1702736902840
1100 1702736902906
1101 1702736902954
1102 1702736903015
1103 1702736903081
1104 1702736903141
1105 1702736903196
1106 1702736903254
1107 1702736903322
1108 1702736903386
1109 1702736903441
1110 1702736903498
1111 1702736903561
1112 1702736903630
1113 1702736903680
1114 1702736903738
1115 1702736903804
1116 1702736903876
1117 1702736903924
1118 1702736903982
1119 1702736904047
1120 1702736904109
1121 1702736904165
1122 1702736904222
1123 1702736904292
1124 1702736904353
1125 1702736904407
1126 1702736904466
1127 1702736904532
1128 1702736904593
1129 1702736904648
1130 1702736904707
1131 1702736904770
1132 1702736904833
1133 1702736904892
1134 1702736904950
1135 1702736905013
1136 1702736905077
1137 1702736905134
1138 1702736905191
1139 1702736905251
1140 1702736905310
1141 1702736905375
1142 1702736905434
1143 1702736905494
1144 1702736905554
1145 1702736905614
1146 1702736905674
1147 1702736905734
1148 1702736905794
1149 1702736905854
1150 1702736905918
1151 1702736905978
1152 1702736906038
1153 1702736906098
1154 1702736906158
1155 1702736906218
1156 1702736906278
1157 1702736906338
1158 1702736906397
1159 1702736906462
1160 1702736906521
1161 1702736906582
1162 1702736906642
1163 1702736906702
1164 1702736906761
1165 1702736906822
1166 1702736906882
1167 1702736906946
1168 1702736907006
1169 1702736907065
1170 1702736907126
1171 1702736907186
1172 1702736907246
1173 1702736907306
1174 1702736907366
1175 1702736907426
1176 1702736907490
1177 1702736907550
1178 1702736907610
1179 1702736907670
1180 1702736907729
1181 1702736907790
1182 1702736907850
1183 1702736907910
1184 1702736907974
1185 1702736908038
1186 1702736908098
1187 1702736908157
1188 1702736908218
1189 1702736908275
1190 1702736908337
1191 1702736908398
1192 1702736908459
1193 1702736908519
1194 1702736908581
1195 1702736908648
1196 1702736908705
1197 1702736908759
1198 1702736908818
1199 1702736908879
1200 1702736908938
1201 1702736909002
1202 1702736909066
1203 1702736909126
1204 1702736909186
1205 1702736909242
1206 1702736909302
1207 1702736909367
1208 1702736909429
1209 1702736909483
1210 1702736909546
1211 1702736909612
1212 1702736909673
1213 1702736909727
1214 1702736909786
1215 1702736909849
1216 1702736909913
1217 1702736909968
1218 1702736910026
1219 1702736910092
1220 1702736910156
1221 1702736910212
1222 1702736910274
1223 1702736910335
1224 1702736910397
1225 1702736910450
1226 1702736910511
1227 1702736910580
1228 1702736910641
1229 1702736910694
1230 1702736910754
1231 1702736910814
1232 1702736910876
1233 1702736910939
1234 1702736910999
1235 1702736911058
1236 1702736911124
1237 1702736911178
1238 1702736911239
1239 1702736911304
1240 1702736911365
1241 1702736911420
1242 1702736911478
1243 1702736911544
1244 1702736911604
1245 1702736911663
1246 1702736911723
1247 1702736911808
1248 1702736911848
1249 1702736911905
1250 1702736911962
1251 1702736912022
1252 1702736912082
1253 1702736912146
1254 1702736912213
1255 1702736912271
1256 1702736912332
1257 1702736912386
1258 1702736912452
1259 1702736912512
1260 1702736912569
1261 1702736912626
1262 1702736912691
1263 1702736912767
1264 1702736912820
1265 1702736912871
1266 1702736912930
1267 1702736912991
1268 1702736913053
1269 1702736913113
1270 1702736913177
1271 1702736913239
1272 1702736913299
1273 1702736913354
1274 1702736913415
1275 1702736913476
1276 1702736913536
1277 1702736913596
1278 1702736913657
1279 1702736913724
1280 1702736913779
1281 1702736913838
1282 1702736913904
1283 1702736913965
1284 1702736914019
1285 1702736914078
1286 1702736914139
1287 1702736914200
1288 1702736914263
1289 1702736914324
1290 1702736914385
1291 1702736914446
1292 1702736914502
1293 1702736914562
1294 1702736914623
1295 1702736914684
1296 1702736914751
1297 1702736914812
1298 1702736914868
1299 1702736914926
1300 1702736914987
1301 1702736915051
1302 1702736915113
1303 1702736915167
1304 1702736915226
1305 1702736915296
1306 1702736915366
1307 1702736915412
1308 1702736915470
1309 1702736915531
1310 1702736915591
1311 1702736915651
1312 1702736915713
1313 1702736915785
1314 1702736915841
1315 1702736915894
1316 1702736915954
1317 1702736916017
1318 1702736916081
1319 1702736916138
1320 1702736916194
1321 1702736916255
1322 1702736916319
1323 1702736916379
1324 1702736916443
1325 1702736916504
1326 1702736916561
1327 1702736916618
1328 1702736916679
1329 1702736916744
1330 1702736916805
1331 1702736916864
1332 1702736916922
1333 1702736916983
1334 1702736917046
1335 1702736917103
1336 1702736917162
1337 1702736917225
1338 1702736917290
1339 1702736917347
1340 1702736917406
1341 1702736917467
1342 1702736917530
1343 1702736917588
1344 1702736917648
1345 1702736917712
1346 1702736917774
1347 1702736917827
1348 1702736917890
1349 1702736917952
1350 1702736918025
1351 1702736918073
1352 1702736918131
1353 1702736918192
1354 1702736918255
1355 1702736918311
1356 1702736918370
1357 1702736918440
1358 1702736918517
1359 1702736918556
1360 1702736918614
1361 1702736918675
1362 1702736918737
1363 1702736918796
1364 1702736918857
1365 1702736918920
1366 1702736918981
1367 1702736919039
1368 1702736919099
1369 1702736919161
1370 1702736919224
1371 1702736919280
1372 1702736919338
1373 1702736919399
1374 1702736919466
1375 1702736919525
1376 1702736919584
1377 1702736919645
1378 1702736919707
1379 1702736919763
1380 1702736919822
1381 1702736919887
1382 1702736919953
1383 1702736920012
1384 1702736920066
1385 1702736920127
1386 1702736920187
1387 1702736920248
1388 1702736920309
1389 1702736920373
1390 1702736920427
1391 1702736920490
1392 1702736920551
1393 1702736920628
1394 1702736920683
1395 1702736920730
1396 1702736920790
1397 1702736920853
1398 1702736920917
1399 1702736920973
1400 1702736921034
1401 1702736921113
1402 1702736921172
1403 1702736921215
1404 1702736921274
1405 1702736921335
1406 1702736921399
1407 1702736921456
1408 1702736921522
1409 1702736921588
1410 1702736921661
1411 1702736921698
1412 1702736921763
1413 1702736921819
1414 1702736921878
1415 1702736921939
1416 1702736922004
1417 1702736922069
1418 1702736922129
1419 1702736922182
1420 1702736922242
1421 1702736922308
1422 1702736922369
1423 1702736922424
1424 1702736922483
1425 1702736922554
1426 1702736922614
1427 1702736922668
1428 1702736922726
1429 1702736922786
1430 1702736922848
1431 1702736922910
1432 1702736922971
1433 1702736923032
1434 1702736923092
1435 1702736923150
1436 1702736923212
1437 1702736923277
1438 1702736923338
1439 1702736923390
1440 1702736923450
1441 1702736923516
1442 1702736923578
1443 1702736923637
1444 1702736923694
1445 1702736923756
1446 1702736923818
1447 1702736923876
1448 1702736923940
1449 1702736924000
1450 1702736924054
1451 1702736924118
1452 1702736924181
1453 1702736924243
1454 1702736924305
1455 1702736924359
1456 1702736924418
1457 1702736924481
1458 1702736924547
1459 1702736924601
1460 1702736924662
1461 1702736924724
1462 1702736924798
1463 1702736924844
1464 1702736924906
1465 1702736924966
1466 1702736925027
1467 1702736925083
1468 1702736925149
1469 1702736925212
1470 1702736925274
1471 1702736925327
1472 1702736925387
1473 1702736925449
1474 1702736925513
1475 1702736925568
1476 1702736925627
1477 1702736925696
1478 1702736925766
1479 1702736925812
1480 1702736925870
1481 1702736925930
1482 1702736925990
1483 1702736926057
1484 1702736926116
1485 1702736926176
1486 1702736926234
1487 1702736926294
1488 1702736926359
1489 1702736926419
1490 1702736926481
1491 1702736926535
1492 1702736926596
1493 1702736926659
1494 1702736926724
1495 1702736926779
1496 1702736926841
1497 1702736926903
1498 1702736926965
1499 1702736927018
1500 1702736927079
1501 1702736927145
1502 1702736927206
1503 1702736927263
1504 1702736927323
1505 1702736927390
1506 1702736927450
1507 1702736927504
1508 1702736927562
1509 1702736927625
1510 1702736927687
1511 1702736927747
1512 1702736927809
1513 1702736927871
1514 1702736927933
1515 1702736927986
1516 1702736928048
1517 1702736928122
1518 1702736928173
1519 1702736928227
1520 1702736928291
1521 1702736928359
1522 1702736928425
1523 1702736928472
1524 1702736928531
1525 1702736928597
1526 1702736928665
1527 1702736928712
1528 1702736928770
1529 1702736928836
1530 1702736928903
1531 1702736928957
1532 1702736929015
1533 1702736929076
1534 1702736929140
1535 1702736929196
1536 1702736929257
1537 1702736929324
1538 1702736929394
1539 1702736929439
1540 1702736929498
1541 1702736929564
1542 1702736929625
1543 1702736929680
1544 1702736929738
1545 1702736929798
1546 1702736929867
1547 1702736929929
1548 1702736929984
1549 1702736930042
1550 1702736930104
1551 1702736930168
1552 1702736930230
1553 1702736930283
1554 1702736930346
1555 1702736930410
1556 1702736930473
1557 1702736930528
1558 1702736930587
1559 1702736930652
1560 1702736930714
1561 1702736930767
1562 1702736930826
1563 1702736930897
1564 1702736930957
1565 1702736931012
1566 1702736931076
1567 1702736931137
1568 1702736931194
1569 1702736931251
1570 1702736931311
1571 1702736931376
1572 1702736931441
1573 1702736931495
1574 1702736931554
1575 1702736931619
1576 1702736931682
1577 1702736931737
1578 1702736931794
1579 1702736931856
1580 1702736931926
1581 1702736931980
1582 1702736932039
1583 1702736932102
1584 1702736932165
1585 1702736932221
1586 1702736932278
1587 1702736932339
1588 1702736932402
1589 1702736932464
1590 1702736932526
1591 1702736932588
1592 1702736932660
1593 1702736932703
1594 1702736932763
1595 1702736932827
1596 1702736932890
1597 1702736932944
1598 1702736933007
1599 1702736933072
1600 1702736933140
1601 1702736933188
1602 1702736933246
1603 1702736933309
1604 1702736933373
1605 1702736933429
1606 1702736933491
1607 1702736933553
1608 1702736933628
1609 1702736933672
1610 1702736933731
1611 1702736933793
1612 1702736933857
1613 1702736933912
1614 1702736933971
1615 1702736934035
1616 1702736934098
1617 1702736934154
1618 1702736934215
1619 1702736934280
1620 1702736934342
1621 1702736934395
1622 1702736934455
1623 1702736934532
1624 1702736934594
1625 1702736934642
1626 1702736934699
1627 1702736934760
1628 1702736934825
1629 1702736934882
1630 1702736934938
1631 1702736935000
1632 1702736935069
1633 1702736935124
1634 1702736935183
1635 1702736935248
1636 1702736935310
1637 1702736935364
1638 1702736935422
1639 1702736935484
1640 1702736935546
1641 1702736935608
1642 1702736935672
1643 1702736935748
1644 1702736935802
1645 1702736935846
1646 1702736935907
1647 1702736935972
1648 1702736936033
1649 1702736936093
1650 1702736936151
1651 1702736936215
1652 1702736936277
1653 1702736936332
1654 1702736936391
1655 1702736936455
1656 1702736936518
1657 1702736936572
1658 1702736936635
1659 1702736936700
1660 1702736936761
1661 1702736936815
1662 1702736936875
1663 1702736936940
1664 1702736937002
1665 1702736937057
1666 1702736937119
1667 1702736937185
1668 1702736937256
1669 1702736937299
1670 1702736937358
1671 1702736937424
1672 1702736937485
1673 1702736937540
1674 1702736937598
1675 1702736937665
1676 1702736937729
1677 1702736937784
1678 1702736937842
1679 1702736937904
1680 1702736937967
1681 1702736938024
1682 1702736938084
1683 1702736938144
1684 1702736938210
1685 1702736938267
1686 1702736938328
1687 1702736938392
1688 1702736938453
1689 1702736938507
1690 1702736938567
1691 1702736938633
1692 1702736938698
1693 1702736938752
1694 1702736938810
1695 1702736938875
1696 1702736938937
1697 1702736938993
1698 1702736939050
1699 1702736939113
1700 1702736939179
1701 1702736939236
1702 1702736939294
1703 1702736939357
1704 1702736939430
1705 1702736939477
1706 1702736939535
1707 1702736939599
1708 1702736939661
1709 1702736939720
1710 1702736939779
1711 1702736939845
1712 1702736939911
1713 1702736939958
1714 1702736940018
1715 1702736940081
1716 1702736940148
1717 1702736940201
1718 1702736940263
1719 1702736940326
1720 1702736940402
1721 1702736940445
1722 1702736940502
1723 1702736940564
1724 1702736940629
1725 1702736940684
1726 1702736940743
1727 1702736940810
1728 1702736940889
1729 1702736940933
1730 1702736940986
1731 1702736941046
1732 1702736941110
1733 1702736941171
1734 1702736941231
1735 1702736941294
1736 1702736941355
1737 1702736941410
1738 1702736941471
1739 1702736941537
1740 1702736941598
1741 1702736941653
1742 1702736941711
1743 1702736941772
1744 1702736941841
1745 1702736941896
1746 1702736941954
1747 1702736942020
1748 1702736942079
1749 1702736942136
1750 1702736942195
1751 1702736942261
1752 1702736942330
1753 1702736942382
1754 1702736942438
1755 1702736942499
1756 1702736942562
1757 1702736942622
1758 1702736942681
1759 1702736942742
1760 1702736942802
1761 1702736942863
1762 1702736942923
1763 1702736942987
1764 1702736943049
1765 1702736943104
1766 1702736943162
1767 1702736943225
1768 1702736943289
1769 1702736943346
1770 1702736943407
1771 1702736943468
1772 1702736943531
1773 1702736943587
1774 1702736943649
1775 1702736943710
1776 1702736943773
1777 1702736943827
1778 1702736943890
1779 1702736943955
1780 1702736944029
1781 1702736944072
1782 1702736944130
1783 1702736944192
1784 1702736944269
1785 1702736944312
1786 1702736944371
1787 1702736944439
1788 1702736944501
1789 1702736944556
1790 1702736944614
1791 1702736944676
1792 1702736944750
1793 1702736944797
1794 1702736944854
1795 1702736944918
1796 1702736944983
1797 1702736945047
1798 1702736945101
1799 1702736945158
1800 1702736945219
1801 1702736945284
1802 1702736945345
1803 1702736945400
1804 1702736945462
1805 1702736945524
1806 1702736945586
1807 1702736945644
1808 1702736945703
1809 1702736945767
1810 1702736945829
1811 1702736945885
1812 1702736945942
1813 1702736946008
1814 1702736946072
1815 1702736946128
1816 1702736946192
1817 1702736946256
1818 1702736946308
1819 1702736946366
1820 1702736946429
1821 1702736946495
1822 1702736946567
1823 1702736946611
1824 1702736946670
1825 1702736946734
1826 1702736946797
1827 1702736946858
1828 1702736946911
1829 1702736946972
1830 1702736947037
1831 1702736947097
1832 1702736947158
1833 1702736947218
1834 1702736947279
1835 1702736947335
1836 1702736947395
1837 1702736947461
1838 1702736947537
1839 1702736947579
1840 1702736947639
1841 1702736947703
1842 1702736947766
1843 1702736947821
1844 1702736947879
1845 1702736947942
1846 1702736948007
1847 1702736948063
1848 1702736948123
1849 1702736948185
1850 1702736948249
1851 1702736948306
1852 1702736948363
1853 1702736948427
1854 1702736948491
1855 1702736948545
1856 1702736948607
1857 1702736948671
1858 1702736948735
1859 1702736948788
1860 1702736948847
1861 1702736948908
1862 1702736948973
1863 1702736949029
1864 1702736949092
1865 1702736949157
1866 1702736949228
1867 1702736949272
1868 1702736949331
1869 1702736949398
1870 1702736949458
1871 1702736949512
1872 1702736949571
1873 1702736949641
1874 1702736949711
1875 1702736949756
1876 1702736949815
1877 1702736949880
1878 1702736949940
1879 1702736949995
1880 1702736950056
1881 1702736950120
1882 1702736950184
1883 1702736950239
1884 1702736950300
1885 1702736950371
1886 1702736950426
1887 1702736950481
1888 1702736950538
1889 1702736950603
1890 1702736950669
1891 1702736950725
1892 1702736950783
1893 1702736950849
1894 1702736950911
1895 1702736950965
1896 1702736951023
1897 1702736951088
1898 1702736951153
1899 1702736951208
1900 1702736951267
1901 1702736951329
1902 1702736951394
1903 1702736951449
1904 1702736951507
1905 1702736951569
1906 1702736951633
1907 1702736951691
1908 1702736951751
1909 1702736951815
1910 1702736951896
1911 1702736951932
1912 1702736951991
1913 1702736952053
1914 1702736952118
1915 1702736952173
1916 1702736952235
1917 1702736952302
1918 1702736952362
1919 1702736952417
1920 1702736952475
1921 1702736952538
1922 1702736952604
1923 1702736952657
1924 1702736952715
1925 1702736952781
1926 1702736952845
1927 1702736952912
1928 1702736952959
1929 1702736953022
1930 1702736953086
1931 1702736953141
1932 1702736953199
1933 1702736953267
1934 1702736953330
1935 1702736953388
1936 1702736953443
1937 1702736953505
1938 1702736953570
1939 1702736953625
1940 1702736953683
1941 1702736953745
1942 1702736953814
1943 1702736953868
1944 1702736953927
1945 1702736953993
1946 1702736954054
1947 1702736954109
1948 1702736954167
1949 1702736954229
1950 1702736954302
1951 1702736954353
1952 1702736954411
1953 1702736954475
1954 1702736954537
1955 1702736954592
1956 1702736954650
1957 1702736954714
1958 1702736954778
1959 1702736954837
1960 1702736954895
1961 1702736954957
1962 1702736955030
1963 1702736955076
1964 1702736955135
1965 1702736955197
1966 1702736955271
1967 1702736955316
1968 1702736955379
1969 1702736955444
1970 1702736955514
1971 1702736955560
1972 1702736955619
1973 1702736955685
1974 1702736955745
1975 1702736955801
1976 1702736955863
1977 1702736955929
1978 1702736955990
1979 1702736956045
1980 1702736956103
1981 1702736956166
1982 1702736956230
1983 1702736956284
1984 1702736956343
1985 1702736956407
1986 1702736956467
1987 1702736956531
1988 1702736956593
1989 1702736956653
1990 1702736956709
1991 1702736956767
1992 1702736956828
1993 1702736956914
1994 1702736956961
1995 1702736957011
1996 1702736957071
1997 1702736957139
1998 1702736957198
1999 1702736957253
2000 1702736957311
2001 1702736957373
2002 1702736957439
2003 1702736957497
2004 1702736957556
2005 1702736957621
2006 1702736957683
2007 1702736957737
2008 1702736957795
2009 1702736957858
2010 1702736957922
2011 1702736957980
2012 1702736958039
2013 1702736958103
2014 1702736958174
2015 1702736958221
2016 1702736958284
2017 1702736958345
2018 1702736958407
2019 1702736958463
2020 1702736958524
2021 1702736958589
2022 1702736958661
2023 1702736958704
2024 1702736958763
2025 1702736958826
2026 1702736958889
2027 1702736958945
2028 1702736959007
2029 1702736959068
2030 1702736959138
2031 1702736959190
2032 1702736959247
2033 1702736959312
2034 1702736959373
2035 1702736959428
2036 1702736959491
2037 1702736959557
2038 1702736959618
2039 1702736959673
2040 1702736959731
2041 1702736959792
2042 1702736959872
2043 1702736959915
2044 1702736959971
2045 1702736960035
2046 1702736960101
2047 1702736960170
2048 1702736960218
2049 1702736960280
2050 1702736960339
2051 1702736960400
2052 1702736960458
2053 1702736960515
2054 1702736960581
2055 1702736960645
2056 1702736960705
2057 1702736960759
2058 1702736960820
2059 1702736960886
2060 1702736960946
2061 1702736961000
2062 1702736961063
2063 1702736961129
2064 1702736961199
2065 1702736961245
2066 1702736961303
2067 1702736961366
2068 1702736961436
2069 1702736961485
2070 1702736961543
2071 1702736961609
2072 1702736961674
2073 1702736961729
2074 1702736961787
2075 1702736961852
2076 1702736961915
2077 1702736961969
2078 1702736962027
2079 1702736962094
2080 1702736962161
2081 1702736962212
2082 1702736962271
2083 1702736962333
2084 1702736962406
2085 1702736962453
2086 1702736962511
2087 1702736962576
2088 1702736962643
2089 1702736962697
2090 1702736962755
2091 1702736962817
2092 1702736962881
2093 1702736962937
2094 1702736962995
2095 1702736963060
2096 1702736963129
2097 1702736963180
2098 1702736963239
2099 1702736963306
2100 1702736963366
2101 1702736963420
2102 1702736963479
2103 1702736963542
2104 1702736963606
2105 1702736963665
2106 1702736963723
2107 1702736963786
2108 1702736963861
2109 1702736963905
2110 1702736963963
2111 1702736964042
2112 1702736964088
2113 1702736964144
2114 1702736964207
2115 1702736964273
2116 1702736964339
2117 1702736964388
2118 1702736964447
2119 1702736964510
2120 1702736964574
2121 1702736964631
2122 1702736964687
2123 1702736964753
2124 1702736964817
2125 1702736964873
2126 1702736964931
2127 1702736964993
2128 1702736965057
2129 1702736965113
2130 1702736965171
2131 1702736965237
2132 1702736965314
2133 1702736965358
2134 1702736965415
2135 1702736965476
2136 1702736965542
2137 1702736965597
2138 1702736965655
2139 1702736965716
2140 1702736965783
2141 1702736965840
2142 1702736965900
2143 1702736965965
2144 1702736966027
2145 1702736966080
2146 1702736966138
2147 1702736966200
2148 1702736966267
2149 1702736966325
2150 1702736966385
2151 1702736966448
2152 1702736966510
2153 1702736966564
2154 1702736966623
2155 1702736966684
2156 1702736966749
2157 1702736966809
2158 1702736966867
2159 1702736966929
2160 1702736966996
2161 1702736967049
2162 1702736967107
2163 1702736967168
2164 1702736967232
2165 1702736967287
2166 1702736967352
2167 1702736967416
2168 1702736967478
2169 1702736967532
2170 1702736967591
2171 1702736967653
2172 1702736967718
2173 1702736967773
2174 1702736967835
2175 1702736967896
2176 1702736967962
2177 1702736968020
2178 1702736968075
2179 1702736968136
2180 1702736968199
2181 1702736968256
2182 1702736968317
2183 1702736968386
2184 1702736968452
2185 1702736968499
2186 1702736968559
2187 1702736968626
2188 1702736968687
2189 1702736968741
2190 1702736968799
2191 1702736968865
2192 1702736968931
2193 1702736968985
2194 1702736969043
2195 1702736969105
2196 1702736969171
2197 1702736969225
2198 1702736969289
2199 1702736969348
2200 1702736969418
2201 1702736969467
2202 1702736969528
2203 1702736969594
2204 1702736969680
2205 1702736969708
2206 1702736969767
2207 1702736969832
2208 1702736969901
2209 1702736969952
2210 1702736970011
2211 1702736970071
2212 1702736970132
2213 1702736970191
2214 1702736970251
2215 1702736970311
2216 1702736970371
2217 1702736970435
2218 1702736970495
2219 1702736970555
2220 1702736970615
2221 1702736970674
2222 1702736970735
2223 1702736970795
2224 1702736970855
2225 1702736970914
2226 1702736970978
2227 1702736971039
2228 1702736971099
2229 1702736971159
2230 1702736971219
2231 1702736971279
2232 1702736971339
2233 1702736971399
2234 1702736971463
2235 1702736971523
2236 1702736971582
2237 1702736971643
2238 1702736971703
2239 1702736971763
2240 1702736971823
2241 1702736971883
2242 1702736971943
2243 1702736972007
2244 1702736972066
2245 1702736972127
2246 1702736972187
2247 1702736972247
2248 1702736972307
2249 1702736972367
2250 1702736972426
2251 1702736972487
2252 1702736972551
2253 1702736972610
2254 1702736972671
2255 1702736972731
2256 1702736972791
2257 1702736972853
2258 1702736972914
2259 1702736972973
2260 1702736973037
2261 1702736973098
2262 1702736973159
2263 1702736973220
2264 1702736973276
2265 1702736973335
2266 1702736973396
2267 1702736973460
2268 1702736973520
2269 1702736973580
2270 1702736973639
2271 1702736973703
2272 1702736973764
2273 1702736973821
2274 1702736973881
2275 1702736973943
2276 1702736974004
2277 1702736974064
2278 1702736974124
2279 1702736974188
2280 1702736974249
2281 1702736974304
2282 1702736974363
2283 1702736974423
2284 1702736974483
2285 1702736974543
2286 1702736974611
2287 1702736974671
2288 1702736974733
2289 1702736974788
2290 1702736974849
2291 1702736974913
2292 1702736974973
2293 1702736975029
2294 1702736975087
2295 1702736975152
2296 1702736975215
2297 1702736975277
2298 1702736975333
2299 1702736975391
2300 1702736975453
2301 1702736975518
2302 1702736975577
2303 1702736975636
2304 1702736975696
2305 1702736975761
2306 1702736975822
2307 1702736975876
2308 1702736975935
2309 1702736975998
2310 1702736976061
2311 1702736976116
2312 1702736976179
2313 1702736976244
2314 1702736976307
2315 1702736976361
2316 1702736976419
2317 1702736976483
2318 1702736976546
2319 1702736976601
2320 1702736976663
2321 1702736976723
2322 1702736976783
2323 1702736976843
2324 1702736976909
2325 1702736976970
2326 1702736977029
2327 1702736977083
2328 1702736977145
2329 1702736977212
2330 1702736977284
2331 1702736977329
2332 1702736977387
2333 1702736977449
2334 1702736977512
2335 1702736977568
2336 1702736977629
2337 1702736977693
2338 1702736977759
2339 1702736977811
2340 1702736977871
2341 1702736977937
2342 1702736977998
2343 1702736978052
2344 1702736978111
2345 1702736978173
2346 1702736978252
2347 1702736978296
2348 1702736978355
2349 1702736978417
2350 1702736978482
2351 1702736978537
2352 1702736978595
2353 1702736978660
2354 1702736978722
2355 1702736978779
2356 1702736978840
2357 1702736978905
2358 1702736978967
2359 1702736979020
2360 1702736979079
2361 1702736979141
2362 1702736979207
2363 1702736979264
2364 1702736979329
2365 1702736979389
2366 1702736979446
2367 1702736979503
2368 1702736979564
2369 1702736979632
2370 1702736979691
2371 1702736979744
2372 1702736979808
2373 1702736979873
2374 1702736979935
2375 1702736979989
2376 1702736980047
2377 1702736980111
2378 1702736980202
2379 1702736980231
2380 1702736980287
2381 1702736980352
2382 1702736980413
2383 1702736980473
2384 1702736980531
2385 1702736980591
2386 1702736980651
2387 1702736980716
2388 1702736980777
2389 1702736980840
2390 1702736980895
2391 1702736980955
2392 1702736981021
2393 1702736981081
2394 1702736981151
2395 1702736981195
2396 1702736981261
2397 1702736981321
2398 1702736981400
2399 1702736981439
2400 1702736981500
2401 1702736981565
2402 1702736981626
2403 1702736981681
2404 1702736981739
2405 1702736981800
2406 1702736981863
2407 1702736981925
2408 1702736981987
2409 1702736982049
2410 1702736982109
2411 1702736982163
2412 1702736982224
2413 1702736982289
2414 1702736982365
2415 1702736982408
2416 1702736982467
2417 1702736982534
2418 1702736982607
2419 1702736982649
2420 1702736982707
2421 1702736982769
2422 1702736982835
2423 1702736982889
2424 1702736982952
2425 1702736983015
2426 1702736983078
2427 1702736983133
2428 1702736983191
2429 1702736983253
2430 1702736983317
2431 1702736983374
2432 1702736983435
2433 1702736983498
2434 1702736983563
2435 1702736983618
2436 1702736983675
2437 1702736983737
2438 1702736983802
2439 1702736983862
2440 1702736983915
2441 1702736983982
2442 1702736984056
2443 1702736984102
2444 1702736984159
2445 1702736984219
2446 1702736984279
2447 1702736984340
2448 1702736984403
2449 1702736984462
2450 1702736984528
2451 1702736984584
2452 1702736984644
2453 1702736984710
2454 1702736984771
2455 1702736984825
2456 1702736984883
2457 1702736984945
2458 1702736985018
2459 1702736985069
2460 1702736985127
2461 1702736985189
2462 1702736985254
2463 1702736985309
2464 1702736985367
2465 1702736985429
2466 1702736985492
2467 1702736985552
2468 1702736985612
2469 1702736985677
2470 1702736985739
2471 1702736985793
2472 1702736985851
2473 1702736985918
2474 1702736985978
2475 1702736986036
2476 1702736986095
2477 1702736986160
2478 1702736986222
2479 1702736986277
2480 1702736986335
2481 1702736986397
2482 1702736986462
2483 1702736986517
2484 1702736986579
2485 1702736986645
2486 1702736986715
2487 1702736986760
2488 1702736986819
2489 1702736986885
2490 1702736986946
2491 1702736987000
2492 1702736987059
2493 1702736987129
2494 1702736987191
2495 1702736987245
2496 1702736987303
2497 1702736987366
2498 1702736987429
2499 1702736987486
2500 1702736987543
2501 1702736987609
2502 1702736987672
2503 1702736987728
2504 1702736987789
2505 1702736987854
2506 1702736987915
2507 1702736987968
2508 1702736988027
2509 1702736988094
2510 1702736988167
2511 1702736988212
2512 1702736988277
2513 1702736988338
2514 1702736988406
2515 1702736988452
2516 1702736988512
2517 1702736988576
2518 1702736988644
2519 1702736988697
2520 1702736988755
2521 1702736988818
2522 1702736988883
2523 1702736988937
2524 1702736988995
2525 1702736989057
2526 1702736989120
2527 1702736989181
2528 1702736989244
2529 1702736989306
2530 1702736989374
2531 1702736989419
2532 1702736989480
2533 1702736989545
2534 1702736989606
2535 1702736989661
2536 1702736989723
2537 1702736989789
2538 1702736989850
2539 1702736989906
2540 1702736989964
2541 1702736990028
2542 1702736990092
2543 1702736990146
2544 1702736990207
2545 1702736990268
2546 1702736990333
2547 1702736990413
2548 1702736990452
2549 1702736990507
2550 1702736990568
2551 1702736990634
2552 1702736990694
2553 1702736990752
2554 1702736990812
2555 1702736990878
2556 1702736990952
2557 1702736990993
2558 1702736991051
2559 1702736991113
2560 1702736991177
2561 1702736991237
2562 1702736991296
2563 1702736991362
2564 1702736991422
2565 1702736991477
2566 1702736991536
2567 1702736991600
2568 1702736991674
2569 1702736991722
2570 1702736991779
2571 1702736991841
2572 1702736991909
2573 1702736991961
2574 1702736992020
2575 1702736992082
2576 1702736992147
2577 1702736992202
2578 1702736992260
2579 1702736992325
2580 1702736992392
2581 1702736992446
2582 1702736992503
2583 1702736992566
2584 1702736992632
2585 1702736992685
2586 1702736992744
2587 1702736992812
2588 1702736992874
2589 1702736992929
2590 1702736992987
2591 1702736993054
2592 1702736993114
2593 1702736993168
2594 1702736993228
2595 1702736993293
2596 1702736993358
2597 1702736993412
2598 1702736993471
2599 1702736993536
2600 1702736993598
2601 1702736993654
2602 1702736993711
2603 1702736993773
2604 1702736993843
2605 1702736993898
2606 1702736993955
2607 1702736994018
2608 1702736994081
2609 1702736994140
2610 1702736994195
2611 1702736994257
2612 1702736994322
2613 1702736994381
2614 1702736994440
2615 1702736994504
2616 1702736994566
2617 1702736994621
2618 1702736994679
2619 1702736994743
2620 1702736994806
2621 1702736994861
2622 1702736994923
2623 1702736994988
2624 1702736995061
2625 1702736995105
2626 1702736995163
2627 1702736995225
2628 1702736995291
2629 1702736995345
2630 1702736995408
2631 1702736995472
2632 1702736995535
2633 1702736995589
2634 1702736995647
2635 1702736995710
2636 1702736995773
2637 1702736995830
2638 1702736995888
2639 1702736995954
2640 1702736996024
2641 1702736996073
2642 1702736996132
2643 1702736996195
2644 1702736996268
2645 1702736996313
2646 1702736996372
2647 1702736996435
2648 1702736996509
2649 1702736996557
2650 1702736996621
2651 1702736996681
2652 1702736996740
2653 1702736996795
2654 1702736996856
2655 1702736996920
2656 1702736996989
2657 1702736997040
2658 1702736997101
2659 1702736997163
2660 1702736997225
2661 1702736997279
2662 1702736997339
2663 1702736997406
2664 1702736997466
2665 1702736997524
2666 1702736997584
2667 1702736997649
2668 1702736997723
2669 1702736997765
2670 1702736997823
2671 1702736997888
2672 1702736997950
2673 1702736998008
2674 1702736998068
2675 1702736998133
2676 1702736998203
2677 1702736998249
2678 1702736998307
2679 1702736998372
2680 1702736998436
2681 1702736998489
2682 1702736998552
2683 1702736998617
2684 1702736998687
2685 1702736998733
2686 1702736998791
2687 1702736998852
2688 1702736998915
2689 1702736998974
2690 1702736999036
2691 1702736999100
2692 1702736999164
2693 1702736999216
2694 1702736999276
2695 1702736999341
2696 1702736999404
2697 1702736999456
2698 1702736999515
2699 1702736999585
2700 1702736999646
2701 1702736999703
2702 1702736999760
2703 1702736999825
2704 1702736999889
2705 1702736999941
2706 1702736999999
2707 1702737000062
2708 1702737000154
2709 1702737000186
2710 1702737000244
2711 1702737000309
2712 1702737000370
2713 1702737000425
2714 1702737000483
2715 1702737000547
2716 1702737000646
2717 1702737000669
2718 1702737000728
2719 1702737000793
2720 1702737000856
2721 1702737000912
2722 1702737000967
2723 1702737001030
2724 1702737001096
2725 1702737001154
2726 1702737001212
2727 1702737001275
2728 1702737001338
2729 1702737001393
2730 1702737001452
2731 1702737001516
2732 1702737001578
2733 1702737001634
2734 1702737001696
2735 1702737001758
2736 1702737001822
2737 1702737001881
2738 1702737001936
2739 1702737001997
2740 1702737002062
2741 1702737002117
2742 1702737002180
2743 1702737002246
2744 1702737002306
2745 1702737002361
2746 1702737002419
2747 1702737002482
2748 1702737002545
2749 1702737002601
2750 1702737002660
2751 1702737002731
2752 1702737002792
2753 1702737002845
2754 1702737002903
2755 1702737002965
2756 1702737003030
2757 1702737003085
2758 1702737003144
2759 1702737003207
2760 1702737003267
2761 1702737003333
2762 1702737003398
2763 1702737003452
2764 1702737003509
2765 1702737003568
2766 1702737003629
2767 1702737003692
2768 1702737003757
2769 1702737003812
2770 1702737003871
2771 1702737003937
2772 1702737003999
2773 1702737004053
2774 1702737004112
2775 1702737004175
2776 1702737004238
2777 1702737004297
2778 1702737004356
2779 1702737004419
2780 1702737004481
2781 1702737004537
2782 1702737004596
2783 1702737004661
2784 1702737004723
2785 1702737004785
2786 1702737004839
2787 1702737004900
2788 1702737004962
2789 1702737005024
2790 1702737005085
2791 1702737005143
2792 1702737005200
2793 1702737005260
2794 1702737005329
2795 1702737005391
2796 1702737005448
2797 1702737005510
2798 1702737005564
2799 1702737005624
2800 1702737005689
2801 1702737005753
2802 1702737005810
2803 1702737005868
2804 1702737005927
2805 1702737005990
2806 1702737006051
2807 1702737006108
2808 1702737006171
2809 1702737006233
2810 1702737006294
2811 1702737006352
2812 1702737006413
2813 1702737006477
2814 1702737006538
2815 1702737006593
2816 1702737006652
2817 1702737006713
2818 1702737006779
2819 1702737006833
2820 1702737006896
2821 1702737006959
2822 1702737007022
2823 1702737007077
2824 1702737007136
2825 1702737007198
2826 1702737007267
2827 1702737007320
2828 1702737007380
2829 1702737007442
2830 1702737007508
2831 1702737007561
2832 1702737007620
2833 1702737007685
2834 1702737007747
2835 1702737007800
2836 1702737007860
2837 1702737007929
2838 1702737007993
2839 1702737008045
2840 1702737008104
2841 1702737008169
2842 1702737008230
2843 1702737008285
2844 1702737008344
2845 1702737008424
2846 1702737008477
2847 1702737008529
2848 1702737008588
2849 1702737008651
2850 1702737008722
2851 1702737008769
2852 1702737008827
2853 1702737008890
2854 1702737008958
2855 1702737009013
2856 1702737009072
2857 1702737009151
2858 1702737009198
2859 1702737009253
2860 1702737009312
2861 1702737009375
2862 1702737009438
2863 1702737009498
2864 1702737009556
2865 1702737009621
2866 1702737009682
2867 1702737009736
2868 1702737009796
2869 1702737009858
2870 1702737009922
2871 1702737009981
2872 1702737010040
2873 1702737010104
2874 1702737010166
2875 1702737010222
2876 1702737010280
2877 1702737010342
2878 1702737010407
2879 1702737010461
2880 1702737010524
2881 1702737010589
2882 1702737010660
2883 1702737010706
2884 1702737010764
2885 1702737010826
2886 1702737010891
2887 1702737010946
2888 1702737011008
2889 1702737011083
2890 1702737011163
2891 1702737011189
2892 1702737011248
2893 1702737011313
2894 1702737011376
2895 1702737011428
2896 1702737011488
2897 1702737011559
2898 1702737011623
2899 1702737011673
2900 1702737011732
2901 1702737011797
2902 1702737011859
2903 1702737011914
2904 1702737011972
2905 1702737012032
2906 1702737012098
2907 1702737012157
2908 1702737012221
2909 1702737012282
2910 1702737012343
2911 1702737012396
2912 1702737012457
2913 1702737012523
2914 1702737012588
2915 1702737012642
2916 1702737012700
2917 1702737012766
2918 1702737012827
2919 1702737012881
2920 1702737012940
2921 1702737013002
2922 1702737013066
2923 1702737013127
2924 1702737013184
2925 1702737013246
2926 1702737013313
2927 1702737013365
2928 1702737013424
2929 1702737013486
2930 1702737013550
2931 1702737013606
2932 1702737013668
2933 1702737013733
2934 1702737013804
2935 1702737013850
2936 1702737013908
2937 1702737013970
2938 1702737014035
2939 1702737014089
2940 1702737014152
2941 1702737014217
2942 1702737014288
2943 1702737014333
2944 1702737014392
2945 1702737014455
2946 1702737014528
2947 1702737014574
2948 1702737014633
2949 1702737014703
2950 1702737014762
2951 1702737014818
2952 1702737014876
2953 1702737014937
2954 1702737015002
2955 1702737015058
2956 1702737015116
2957 1702737015185
2958 1702737015246
2959 1702737015300
2960 1702737015360
2961 1702737015424
2962 1702737015495
2963 1702737015542
2964 1702737015600
2965 1702737015662
2966 1702737015730
2967 1702737015785
2968 1702737015845
2969 1702737015909
2970 1702737015971
2971 1702737016026
2972 1702737016084
2973 1702737016150
2974 1702737016212
2975 1702737016268
2976 1702737016328
2977 1702737016393
2978 1702737016455
2979 1702737016508
2980 1702737016568
2981 1702737016646
2982 1702737016695
2983 1702737016752
2984 1702737016812
2985 1702737016878
2986 1702737016948
2987 1702737016994
2988 1702737017052
2989 1702737017114
2990 1702737017179
2991 1702737017236
2992 1702737017296
2993 1702737017358
2994 1702737017425
2995 1702737017478
2996 1702737017536
2997 1702737017600
2998 1702737017665
2999 1702737017718
3000 1702737017780
3001 1702737017843
3002 1702737017909
3003 1702737017963
3004 1702737018019
3005 1702737018082
3006 1702737018149
3007 1702737018202
3008 1702737018260
3009 1702737018328
3010 1702737018404
3011 1702737018445
3012 1702737018504
3013 1702737018566
3014 1702737018632
3015 1702737018686
3016 1702737018744
3017 1702737018807
3018 1702737018876
3019 1702737018930
3020 1702737018988
3021 1702737019055
3022 1702737019121
3023 1702737019169
3024 1702737019228
3025 1702737019294
3026 1702737019359
3027 1702737019415
3028 1702737019472
3029 1702737019536
3030 1702737019599
3031 1702737019654
3032 1702737019712
3033 1702737019774
3034 1702737019837
3035 1702737019900
3036 1702737019956
3037 1702737020018
3038 1702737020083
3039 1702737020138
3040 1702737020196
3041 1702737020258
3042 1702737020321
3043 1702737020385
3044 1702737020439
3045 1702737020500
3046 1702737020566
3047 1702737020627
3048 1702737020682
3049 1702737020740
3050 1702737020801
3051 1702737020866
3052 1702737020930
3053 1702737020984
3054 1702737021044
3055 1702737021110
3056 1702737021171
3057 1702737021226
3058 1702737021284
3059 1702737021345
3060 1702737021411
3061 1702737021470
3062 1702737021528
3063 1702737021589
3064 1702737021655
3065 1702737021709
3066 1702737021768
3067 1702737021829
3068 1702737021893
3069 1702737021952
3070 1702737022012
3071 1702737022077
3072 1702737022155
3073 1702737022194
3074 1702737022256
3075 1702737022316
3076 1702737022377
3077 1702737022432
3078 1702737022496
3079 1702737022562
3080 1702737022633
3081 1702737022677
3082 1702737022736
3083 1702737022797
3084 1702737022860
3085 1702737022917
3086 1702737022980
3087 1702737023046
3088 1702737023118
3089 1702737023163
3090 1702737023219
3091 1702737023280
3092 1702737023346
3093 1702737023411
3094 1702737023460
3095 1702737023525
3096 1702737023586
3097 1702737023646
3098 1702737023706
3099 1702737023768
3100 1702737023831
3101 1702737023885
3102 1702737023944
3103 1702737024005
3104 1702737024069
3105 1702737024129
3106 1702737024191
3107 1702737024252
3108 1702737024311
3109 1702737024367
3110 1702737024428
3111 1702737024494
3112 1702737024558
3113 1702737024613
3114 1702737024672
3115 1702737024733
3116 1702737024794
3117 1702737024854
3118 1702737024914
3119 1702737024975
3120 1702737025036
3121 1702737025096
3122 1702737025156
3123 1702737025222
3124 1702737025293
3125 1702737025337
3126 1702737025396
3127 1702737025457
3128 1702737025519
3129 1702737025581
3130 1702737025640
3131 1702737025704
3132 1702737025770
3133 1702737025822
3134 1702737025880
3135 1702737025941
3136 1702737026003
3137 1702737026062
3138 1702737026129
3139 1702737026190
3140 1702737026247
3141 1702737026304
3142 1702737026364
3143 1702737026429
3144 1702737026501
3145 1702737026546
3146 1702737026604
3147 1702737026670
3148 1702737026735
3149 1702737026790
3150 1702737026848
3151 1702737026908
3152 1702737026968
3153 1702737027031
3154 1702737027093
3155 1702737027157
3156 1702737027214
3157 1702737027272
3158 1702737027334
3159 1702737027397
3160 1702737027459
3161 1702737027512
3162 1702737027573
3163 1702737027638
3164 1702737027703
3165 1702737027756
3166 1702737027816
3167 1702737027881
3168 1702737027945
3169 1702737027997
3170 1702737028056
3171 1702737028117
3172 1702737028197
3173 1702737028242
3174 1702737028300
3175 1702737028362
3176 1702737028427
3177 1702737028482
3178 1702737028540
3179 1702737028601
3180 1702737028667
3181 1702737028726
3182 1702737028784
3183 1702737028845
3184 1702737028908
3185 1702737028965
3186 1702737029025
3187 1702737029089
3188 1702737029174
3189 1702737029205
3190 1702737029268
3191 1702737029329
3192 1702737029393
3193 1702737029449
3194 1702737029508
3195 1702737029574
3196 1702737029653
3197 1702737029690
3198 1702737029752
3199 1702737029813
3200 1702737029874
3201 1702737029934
3202 1702737029994
3203 1702737030059
3204 1702737030130
3205 1702737030172
3206 1702737030232
3207 1702737030298
3208 1702737030362
3209 1702737030420
3210 1702737030476
3211 1702737030537
3212 1702737030598
3213 1702737030657
3214 1702737030717
3215 1702737030778
3216 1702737030847
3217 1702737030901
3218 1702737030960
3219 1702737031021
3220 1702737031083
3221 1702737031141
3222 1702737031199
3223 1702737031260
3224 1702737031325
3225 1702737031384
3226 1702737031448
3227 1702737031510
3228 1702737031571
3229 1702737031624
3230 1702737031684
3231 1702737031749
3232 1702737031810
3233 1702737031869
3234 1702737031928
3235 1702737031989
3236 1702737032055
3237 1702737032116
3238 1702737032168
3239 1702737032228
3240 1702737032293
3241 1702737032380
3242 1702737032412
3243 1702737032473
3244 1702737032534
3245 1702737032593
3246 1702737032655
3247 1702737032717
3248 1702737032781
3249 1702737032833
3250 1702737032896
3251 1702737032958
3252 1702737033022
3253 1702737033079
3254 1702737033136
3255 1702737033196
3256 1702737033259
3257 1702737033323
3258 1702737033377
3259 1702737033440
3260 1702737033502
3261 1702737033566
3262 1702737033621
3263 1702737033681
3264 1702737033742
3265 1702737033802
3266 1702737033862
3267 1702737033930
3268 1702737033999
3269 1702737034045
3270 1702737034104
3271 1702737034166
3272 1702737034228
3273 1702737034289
3274 1702737034345
3275 1702737034406
3276 1702737034474
3277 1702737034530
3278 1702737034588
3279 1702737034652
3280 1702737034715
3281 1702737034769
3282 1702737034829
3283 1702737034889
3284 1702737034952
3285 1702737035012
3286 1702737035072
3287 1702737035131
3288 1702737035192
3289 1702737035251
3290 1702737035312
3291 1702737035372
3292 1702737035433
3293 1702737035496
3294 1702737035556
3295 1702737035616
3296 1702737035675
3297 1702737035736
3298 1702737035795
3299 1702737035856
3300 1702737035915
3301 1702737035976
3302 1702737036039
3303 1702737036100
3304 1702737036160
3305 1702737036220
3306 1702737036280
3307 1702737036340
3308 1702737036400
3309 1702737036460
3310 1702737036524
3311 1702737036583
3312 1702737036644
3313 1702737036704
3314 1702737036764
3315 1702737036824
3316 1702737036884
3317 1702737036944
3318 1702737037003
3319 1702737037068
3320 1702737037127
3321 1702737037188
3322 1702737037247
3323 1702737037307
3324 1702737037368
3325 1702737037436
3326 1702737037487
3327 1702737037552
3328 1702737037613
3329 1702737037673
3330 1702737037734
3331 1702737037794
3332 1702737037856
3333 1702737037916
3334 1702737037976
3335 1702737038032
3336 1702737038098
3337 1702737038160
3338 1702737038221
3339 1702737038276
3340 1702737038338
3341 1702737038400
3342 1702737038461
3343 1702737038516
3344 1702737038575
3345 1702737038640
3346 1702737038700
3347 1702737038764
3348 1702737038824
3349 1702737038884
3350 1702737038944
3351 1702737039001
3352 1702737039061
3353 1702737039164
3354 1702737039205
3355 1702737039244
3356 1702737039308
3357 1702737039369
3358 1702737039430
3359 1702737039484
3360 1702737039545
3361 1702737039608
3362 1702737039674
3363 1702737039728
3364 1702737039789
3365 1702737039854
3366 1702737039914
3367 1702737039969
3368 1702737040028
3369 1702737040093
3370 1702737040157
3371 1702737040213
3372 1702737040272
3373 1702737040337
3374 1702737040398
3375 1702737040454
3376 1702737040512
3377 1702737040576
3378 1702737040638
3379 1702737040696
3380 1702737040757
3381 1702737040820
3382 1702737040883
3383 1702737040937
3384 1702737040996
3385 1702737041059
3386 1702737041122
3387 1702737041178
3388 1702737041240
3389 1702737041304
3390 1702737041365
3391 1702737041421
3392 1702737041480
3393 1702737041548
3394 1702737041600
3395 1702737041660
3396 1702737041726
3397 1702737041790
3398 1702737041849
3399 1702737041904
3400 1702737041964
3401 1702737042030
3402 1702737042092
3403 1702737042147
3404 1702737042204
3405 1702737042271
3406 1702737042335
3407 1702737042393
3408 1702737042448
3409 1702737042509
3410 1702737042575
3411 1702737042632
3412 1702737042688
3413 1702737042754
3414 1702737042819
3415 1702737042874
3416 1702737042932
3417 1702737042993
3418 1702737043057
3419 1702737043114
3420 1702737043173
3421 1702737043238
3422 1702737043303
3423 1702737043357
3424 1702737043416
3425 1702737043480
3426 1702737043543
3427 1702737043599
3428 1702737043657
3429 1702737043718
3430 1702737043782
3431 1702737043841
3432 1702737043901
3433 1702737043965
3434 1702737044027
3435 1702737044081
3436 1702737044141
3437 1702737044207
3438 1702737044274
3439 1702737044328
3440 1702737044385
3441 1702737044444
3442 1702737044504
3443 1702737044564
3444 1702737044625
3445 1702737044690
3446 1702737044751
3447 1702737044806
3448 1702737044868
3449 1702737044929
3450 1702737044991
3451 1702737045050
3452 1702737045114
3453 1702737045173
3454 1702737045233
3455 1702737045288
3456 1702737045354
3457 1702737045418
3458 1702737045489
3459 1702737045533
3460 1702737045593
3461 1702737045657
3462 1702737045719
3463 1702737045774
3464 1702737045833
3465 1702737045902
3466 1702737045963
3467 1702737046017
3468 1702737046082
3469 1702737046142
3470 1702737046200
3471 1702737046260
3472 1702737046319
3473 1702737046380
3474 1702737046441
3475 1702737046500
3476 1702737046560
3477 1702737046626
3478 1702737046688
3479 1702737046742
3480 1702737046800
3481 1702737046861
3482 1702737046925
3483 1702737046985
3484 1702737047046
3485 1702737047109
3486 1702737047170
3487 1702737047224
3488 1702737047284
3489 1702737047347
3490 1702737047411
3491 1702737047470
3492 1702737047528
3493 1702737047589
3494 1702737047650
3495 1702737047711
3496 1702737047771
3497 1702737047835
3498 1702737047896
3499 1702737047949
3500 1702737048013
3501 1702737048077
3502 1702737048139
3503 1702737048195
3504 1702737048252
3505 1702737048318
3506 1702737048380
3507 1702737048433
3508 1702737048496
3509 1702737048557
3510 1702737048621
3511 1702737048679
3512 1702737048736
3513 1702737048798
3514 1702737048866
3515 1702737048919
3516 1702737048976
3517 1702737049041
3518 1702737049106
3519 1702737049162
3520 1702737049222
3521 1702737049284
3522 1702737049348
3523 1702737049402
3524 1702737049460
3525 1702737049531
3526 1702737049603
3527 1702737049645
3528 1702737049704
3529 1702737049768
3530 1702737049828
3531 1702737049886
3532 1702737049945
3533 1702737050010
3534 1702737050076
3535 1702737050129
3536 1702737050188
3537 1702737050252
3538 1702737050315
3539 1702737050370
3540 1702737050428
3541 1702737050490
3542 1702737050566
3543 1702737050613
3544 1702737050672
3545 1702737050732
3546 1702737050797
3547 1702737050859
3548 1702737050916
3549 1702737050972
3550 1702737051034
3551 1702737051116
3552 1702737051176
3553 1702737051217
3554 1702737051282
3555 1702737051342
3556 1702737051398
3557 1702737051456
3558 1702737051517
3559 1702737051582
3560 1702737051654
3561 1702737051702
3562 1702737051760
3563 1702737051823
3564 1702737051892
3565 1702737051942
3566 1702737052001
3567 1702737052062
3568 1702737052130
3569 1702737052186
3570 1702737052244
3571 1702737052306
3572 1702737052371
3573 1702737052426
3574 1702737052485
3575 1702737052547
3576 1702737052610
3577 1702737052669
3578 1702737052729
3579 1702737052793
3580 1702737052865
3581 1702737052911
3582 1702737052969
3583 1702737053031
3584 1702737053095
3585 1702737053150
3586 1702737053212
3587 1702737053276
3588 1702737053339
3589 1702737053393
3590 1702737053452
3591 1702737053520
3592 1702737053580
3593 1702737053633
3594 1702737053696
3595 1702737053759
3596 1702737053823
3597 1702737053878
3598 1702737053936
3599 1702737053998
3600 1702737054062
3601 1702737054118
3602 1702737054177
3603 1702737054242
3604 1702737054307
3605 1702737054368
3606 1702737054420
3607 1702737054482
3608 1702737054548
3609 1702737054603
3610 1702737054661
3611 1702737054726
3612 1702737054791
3613 1702737054846
3614 1702737054905
3615 1702737054967
3616 1702737055031
3617 1702737055086
3618 1702737055144
3619 1702737055206
3620 1702737055274
3621 1702737055330
3622 1702737055388
3623 1702737055451
3624 1702737055516
3625 1702737055570
3626 1702737055629
3627 1702737055692
3628 1702737055756
3629 1702737055813
3630 1702737055872
3631 1702737055937
3632 1702737056001
3633 1702737056054
3634 1702737056112
3635 1702737056174
3636 1702737056258
3637 1702737056298
3638 1702737056357
3639 1702737056422
3640 1702737056494
3641 1702737056537
3642 1702737056597
3643 1702737056663
3644 1702737056724
3645 1702737056777
3646 1702737056841
3647 1702737056917
3648 1702737056978
3649 1702737057022
3650 1702737057081
3651 1702737057147
3652 1702737057207
3653 1702737057262
3654 1702737057325
3655 1702737057391
3656 1702737057451
3657 1702737057505
3658 1702737057565
3659 1702737057630
3660 1702737057691
3661 1702737057745
3662 1702737057805
3663 1702737057878
3664 1702737057936
3665 1702737057990
3666 1702737058048
3667 1702737058110
3668 1702737058172
3669 1702737058230
3670 1702737058288
3671 1702737058386
3672 1702737058429
3673 1702737058474
3674 1702737058532
3675 1702737058597
3676 1702737058683
3677 1702737058714
3678 1702737058773
3679 1702737058834
3680 1702737058910
3681 1702737058958
3682 1702737059016
3683 1702737059078
3684 1702737059165
3685 1702737059198
3686 1702737059257
3687 1702737059322
3688 1702737059397
3689 1702737059441
3690 1702737059500
3691 1702737059565
3692 1702737059627
3693 1702737059682
3694 1702737059740
3695 1702737059802
3696 1702737059864
3697 1702737059926
3698 1702737059987
3699 1702737060049
3700 1702737060110
3701 1702737060165
3702 1702737060225
3703 1702737060291
3704 1702737060351
3705 1702737060406
3706 1702737060468
3707 1702737060529
3708 1702737060590
3709 1702737060652
3710 1702737060712
3711 1702737060770
3712 1702737060829
3713 1702737060890
3714 1702737060956
3715 1702737061028
3716 1702737061073
3717 1702737061133
3718 1702737061198
3719 1702737061258
3720 1702737061314
3721 1702737061372
3722 1702737061434
3723 1702737061503
3724 1702737061558
3725 1702737061617
3726 1702737061682
3727 1702737061742
3728 1702737061798
3729 1702737061856
3730 1702737061917
3731 1702737061979
3732 1702737062041
3733 1702737062101
3734 1702737062167
3735 1702737062227
3736 1702737062282
3737 1702737062340
3738 1702737062404
3739 1702737062467
3740 1702737062525
3741 1702737062585
3742 1702737062649
3743 1702737062709
3744 1702737062766
3745 1702737062824
3746 1702737062887
3747 1702737062949
3748 1702737063007
3749 1702737063069
3750 1702737063135
3751 1702737063196
3752 1702737063250
3753 1702737063309
3754 1702737063371
3755 1702737063434
3756 1702737063489
3757 1702737063549
3758 1702737063619
3759 1702737063692
3760 1702737063734
3761 1702737063798
3762 1702737063859
3763 1702737063913
3764 1702737063972
3765 1702737064033
3766 1702737064105
3767 1702737064174
3768 1702737064218
3769 1702737064277
3770 1702737064338
3771 1702737064404
3772 1702737064458
3773 1702737064517
3774 1702737064579
3775 1702737064646
3776 1702737064702
3777 1702737064761
3778 1702737064822
3779 1702737064886
3780 1702737064943
3781 1702737065000
3782 1702737065062
3783 1702737065127
3784 1702737065186
3785 1702737065245
3786 1702737065310
3787 1702737065370
3788 1702737065426
3789 1702737065484
3790 1702737065547
3791 1702737065620
3792 1702737065670
3793 1702737065728
3794 1702737065789
3795 1702737065854
3796 1702737065915
3797 1702737065977
3798 1702737066029
3799 1702737066089
3800 1702737066155
3801 1702737066219
3802 1702737066279
3803 1702737066333
3804 1702737066393
3805 1702737066457
3806 1702737066519
3807 1702737066575
3808 1702737066632
3809 1702737066698
3810 1702737066761
3811 1702737066820
3812 1702737066880
3813 1702737066940
3814 1702737067001
3815 1702737067058
3816 1702737067119
3817 1702737067181
3818 1702737067245
3819 1702737067307
3820 1702737067367
3821 1702737067427
3822 1702737067481
3823 1702737067541
3824 1702737067606
3825 1702737067667
3826 1702737067726
3827 1702737067785
3828 1702737067846
3829 1702737067913
3830 1702737067966
3831 1702737068024
3832 1702737068084
3833 1702737068145
3834 1702737068205
3835 1702737068273
3836 1702737068334
3837 1702737068401
3838 1702737068453
3839 1702737068509
3840 1702737068570
3841 1702737068634
3842 1702737068690
3843 1702737068755
3844 1702737068819
3845 1702737068878
3846 1702737068933
3847 1702737068992
3848 1702737069054
3849 1702737069126
3850 1702737069179
3851 1702737069234
3852 1702737069302
3853 1702737069363
3854 1702737069424
3855 1702737069477
3856 1702737069537
3857 1702737069605
3858 1702737069676
3859 1702737069717
3860 1702737069776
3861 1702737069840
3862 1702737069900
3863 1702737069962
3864 1702737070027
3865 1702737070086
3866 1702737070165
3867 1702737070200
3868 1702737070261
3869 1702737070327
3870 1702737070403
3871 1702737070446
3872 1702737070505
3873 1702737070569
3874 1702737070631
3875 1702737070687
3876 1702737070745
3877 1702737070806
3878 1702737070881
3879 1702737070930
3880 1702737070989
3881 1702737071055
3882 1702737071115
3883 1702737071169
3884 1702737071229
3885 1702737071297
3886 1702737071357
3887 1702737071414
3888 1702737071473
3889 1702737071536
3890 1702737071599
3891 1702737071657
3892 1702737071713
3893 1702737071774
3894 1702737071837
3895 1702737071897
3896 1702737071959
3897 1702737072023
3898 1702737072083
3899 1702737072138
3900 1702737072197
3901 1702737072261
3902 1702737072324
3903 1702737072378
3904 1702737072441
3905 1702737072506
3906 1702737072577
3907 1702737072623
3908 1702737072680
3909 1702737072742
3910 1702737072808
3911 1702737072863
3912 1702737072921
3913 1702737072989
3914 1702737073060
3915 1702737073107
3916 1702737073165
3917 1702737073229
3918 1702737073292
3919 1702737073347
3920 1702737073405
3921 1702737073476
3922 1702737073536
3923 1702737073590
3924 1702737073648
3925 1702737073709
3926 1702737073772
3927 1702737073832
3928 1702737073891
3929 1702737073952
3930 1702737074016
3931 1702737074074
3932 1702737074137
3933 1702737074197
3934 1702737074258
3935 1702737074313
3936 1702737074373
3937 1702737074437
3938 1702737074511
3939 1702737074558
3940 1702737074617
3941 1702737074683
3942 1702737074744
3943 1702737074798
3944 1702737074857
3945 1702737074920
3946 1702737074983
3947 1702737075042
3948 1702737075101
3949 1702737075165
3950 1702737075228
3951 1702737075281
3952 1702737075341
3953 1702737075405
3954 1702737075467
3955 1702737075522
3956 1702737075585
3957 1702737075651
3958 1702737075711
3959 1702737075766
3960 1702737075825
3961 1702737075904
3962 1702737075953
3963 1702737076006
3964 1702737076069
3965 1702737076134
3966 1702737076196
3967 1702737076250
3968 1702737076315
3969 1702737076374
3970 1702737076429
3971 1702737076488
3972 1702737076555
3973 1702737076619
3974 1702737076684
3975 1702737076733
3976 1702737076793
3977 1702737076859
3978 1702737076920
3979 1702737076974
3980 1702737077033
3981 1702737077101
3982 1702737077164
3983 1702737077218
3984 1702737077277
3985 1702737077342
3986 1702737077404
3987 1702737077458
3988 1702737077517
3989 1702737077581
3990 1702737077648
3991 1702737077702
3992 1702737077761
3993 1702737077827
3994 1702737077887
3995 1702737077942
3996 1702737078001
3997 1702737078065
3998 1702737078128
3999 1702737078186
4000 1702737078245
4001 1702737078310
4002 1702737078371
4003 1702737078425
4004 1702737078485
4005 1702737078549
4006 1702737078611
4007 1702737078670
4008 1702737078729
4009 1702737078795
4010 1702737078866
4011 1702737078910
4012 1702737078969
4013 1702737079031
4014 1702737079096
4015 1702737079151
4016 1702737079214
4017 1702737079278
4018 1702737079340
4019 1702737079395
4020 1702737079453
4021 1702737079517
4022 1702737079580
4023 1702737079636
4024 1702737079697
4025 1702737079758
4026 1702737079821
4027 1702737079879
4028 1702737079938
4029 1702737080003
4030 1702737080063
4031 1702737080118
4032 1702737080177
4033 1702737080253
4034 1702737080308
4035 1702737080364
4036 1702737080421
4037 1702737080485
4038 1702737080547
4039 1702737080603
4040 1702737080661
4041 1702737080723
4042 1702737080791
4043 1702737080846
4044 1702737080904
4045 1702737080965
4046 1702737081031
4047 1702737081092
4048 1702737081147
4049 1702737081205
4050 1702737081271
4051 1702737081336
4052 1702737081396
4053 1702737081449
4054 1702737081509
4055 1702737081575
4056 1702737081644
4057 1702737081690
4058 1702737081749
4059 1702737081816
4060 1702737081889
4061 1702737081934
4062 1702737081993
4063 1702737082059
4064 1702737082122
4065 1702737082174
4066 1702737082233
4067 1702737082296
4068 1702737082364
4069 1702737082417
4070 1702737082477
4071 1702737082543
4072 1702737082603
4073 1702737082659
4074 1702737082717
4075 1702737082780
4076 1702737082848
4077 1702737082902
4078 1702737082961
4079 1702737083026
4080 1702737083105
4081 1702737083142
4082 1702737083201
4083 1702737083262
4084 1702737083328
4085 1702737083386
4086 1702737083445
4087 1702737083510
4088 1702737083572
4089 1702737083626
4090 1702737083685
4091 1702737083750
4092 1702737083813
4093 1702737083871
4094 1702737083929
4095 1702737083991
4096 1702737084065
4097 1702737084109
4098 1702737084174
4099 1702737084235
4100 1702737084292
4101 1702737084349
4102 1702737084415
4103 1702737084480
4104 1702737084551
4105 1702737084593
4106 1702737084654
4107 1702737084718
4108 1702737084779
4109 1702737084835
4110 1702737084893
4111 1702737084959
4112 1702737085024
4113 1702737085080
4114 1702737085137
4115 1702737085201
4116 1702737085264
4117 1702737085319
4118 1702737085377
4119 1702737085444
4120 1702737085507
4121 1702737085562
4122 1702737085621
4123 1702737085683
4124 1702737085748
4125 1702737085802
4126 1702737085861
4127 1702737085926
4128 1702737085992
4129 1702737086046
4130 1702737086105
4131 1702737086169
4132 1702737086232
4133 1702737086288
4134 1702737086345
4135 1702737086407
4136 1702737086474
4137 1702737086530
4138 1702737086589
4139 1702737086655
4140 1702737086716
4141 1702737086771
4142 1702737086829
4143 1702737086889
4144 1702737086953
4145 1702737087016
4146 1702737087076
4147 1702737087138
4148 1702737087209
4149 1702737087253
4150 1702737087319
4151 1702737087379
4152 1702737087444
4153 1702737087493
