1 1703947508510 1 101 5.062413 1 102 5.198474
2 1703947508753 3 101 5.062413 3 102 5.104639
3 1703947510173 2 101 5.085872 2 102 4.963886
4 1703947510424 1 101 5.071796 1 102 5.212550
5 1703947510671 3 101 5.043646 3 102 5.114023
6 1703947510922 2 101 5.099947 2 102 4.968578
7 1703947511168 1 101 5.038954 1 102 5.212550
8 1703947511414 3 101 5.062413 3 102 5.090564
9 1703947511661 2 101 5.095255 2 102 4.973269
10 1703947511907 1 101 5.034263 1 102 5.198474
11 1703947512150 3 101 5.067105 3 102 5.090564
12 1703947512402 2 101 5.090564 2 102 4.945119
13 1703947512645 1 101 5.071796 1 102 5.221933
14 1703947512888 3 101 5.043646 3 102 5.104639
15 1703947513133 2 101 5.099947 2 102 4.968578
16 1703947513378 1 101 5.067105 1 102 5.226625
17 1703947513622 3 101 5.057721 3 102 5.114023
18 1703947513869 2 101 5.099947 2 102 4.945119
19 1703947514112 1 101 5.076488 1 102 5.217241
20 1703947514355 3 101 5.015495 3 102 5.090564
21 1703947514599 2 101 5.114023 2 102 4.959194
22 1703947514845 1 101 5.057721 1 102 5.212550
23 1703947515093 3 101 5.038954 3 102 5.099947
24 1703947515337 2 101 5.104639 2 102 4.973269
25 1703947515583 1 101 5.062413 1 102 5.217241
26 1703947515828 3 101 5.053030 3 102 5.076488
27 1703947516074 2 101 5.090564 2 102 4.973269
28 1703947516321 1 101 5.081180 1 102 5.207858
29 1703947516566 3 101 5.104639 3 102 5.114023
30 1703947516806 2 101 5.099947 2 102 4.959194
31 1703947517048 1 101 5.053030 1 102 5.189091
32 1703947517290 3 101 5.076488 3 102 5.104639
33 1703947517533 2 101 5.095255 2 102 4.968578
34 1703947517778 1 101 5.062413 1 102 5.203166
35 1703947518022 3 101 5.062413 3 102 5.081180
36 1703947518267 2 101 5.128098 2 102 4.945119
37 1703947518515 1 101 5.053030 1 102 5.198474
38 1703947518762 3 101 5.062413 3 102 5.081180
39 1703947519014 2 101 5.085872 2 102 4.982653
40 1703947519263 1 101 5.057721 1 102 5.193782
41 1703947519510 3 101 5.048338 3 102 5.095255
42 1703947519753 2 101 5.067105 2 102 4.973269
43 1703947519996 1 101 5.043646 1 102 5.231317
44 1703947520244 3 101 5.062413 3 102 5.095255
45 1703947520487 2 101 5.085872 2 102 4.959194
46 1703947520734 1 101 5.038954 1 102 5.212550
47 1703947520982 3 101 5.043646 3 102 5.095255
48 1703947521226 2 101 5.067105 2 102 4.945119
49 1703947521473 1 101 5.038954 1 102 5.193782
50 1703947521720 3 101 5.057721 3 102 5.067105
51 1703947521966 2 101 5.090564 2 102 4.968578
52 1703947522211 1 101 5.081180 1 102 5.184399
53 1703947522459 3 101 5.057721 3 102 5.076488
54 1703947522705 2 101 5.104639 2 102 4.954503
55 1703947522951 1 101 5.057721 1 102 5.193782
56 1703947523194 3 101 5.053030 3 102 5.076488
57 1703947523444 2 101 5.104639 2 102 4.977962
58 1703947523691 1 101 5.020187 1 102 5.226625
59 1703947523937 3 101 5.067105 3 102 5.099947
60 1703947524188 2 101 5.081180 2 102 4.945119
61 1703947524436 1 101 5.053030 1 102 5.212550
62 1703947524682 3 101 5.034263 3 102 5.104639
63 1703947524932 2 101 5.067105 2 102 4.968578
64 1703947525181 1 101 5.043646 1 102 5.193782
65 1703947525425 3 101 5.048338 3 102 5.114023
66 1703947525671 2 101 5.057721 2 102 5.006112
67 1703947525915 1 101 5.034263 1 102 5.175015
68 1703947526159 3 101 5.024879 3 102 5.085872
69 1703947526405 2 101 5.095255 2 102 4.982653
70 1703947526650 1 101 5.071796 1 102 5.198474
71 1703947526898 3 101 5.038954 3 102 5.076488
72 1703947527144 2 101 5.085872 2 102 4.935736
73 1703947527390 1 101 5.043646 1 102 5.231317
74 1703947527633 3 101 5.029571 3 102 5.085872
75 1703947527879 2 101 5.076488 2 102 4.959194
76 1703947528125 1 101 5.029571 1 102 5.231317
77 1703947528373 3 101 5.081180 3 102 5.123406
78 1703947528619 2 101 5.067105 2 102 4.973269
79 1703947528865 1 101 5.029571 1 102 5.226625
80 1703947529114 3 101 5.048338 3 102 5.057721
81 1703947529357 2 101 5.095255 2 102 4.977962
82 1703947529603 1 101 5.062413 1 102 5.207858
83 1703947529849 3 101 5.053030 3 102 5.081180
84 1703947530095 2 101 5.099947 2 102 4.977962
85 1703947530340 1 101 5.053030 1 102 5.203166
86 1703947530585 3 101 5.057721 3 102 5.085872
87 1703947530829 2 101 5.085872 2 102 4.963886
88 1703947531074 1 101 5.043646 1 102 5.231317
89 1703947531323 3 101 5.071796 3 102 5.081180
90 1703947531568 2 101 5.067105 2 102 4.949811
91 1703947531813 1 101 5.057721 1 102 5.217241
92 1703947532058 3 101 5.057721 3 102 5.067105
93 1703947532303 2 101 5.104639 2 102 4.996728
94 1703947532545 1 101 5.053030 1 102 5.193782
95 1703947532791 3 101 5.043646 3 102 5.109331
96 1703947533036 2 101 5.118714 2 102 4.977962
97 1703947533277 1 101 5.057721 1 102 5.221933
98 1703947533521 3 101 5.043646 3 102 5.099947
99 1703947533767 2 101 5.090564 2 102 5.001420
100 1703947534015 1 101 5.057721 1 102 5.226625
101 1703947534259 3 101 5.062413 3 102 5.099947
102 1703947534504 2 101 5.081180 2 102 4.982653
103 1703947534753 1 101 5.034263 1 102 5.217241
104 1703947535001 3 101 5.015495 3 102 5.104639
105 1703947535247 2 101 5.071796 2 102 4.982653
106 1703947535492 1 101 5.053030 1 102 5.231317
107 1703947535739 3 101 5.053030 3 102 5.085872
108 1703947535989 2 101 5.071796 2 102 4.982653
109 1703947536801 1 101 5.034263 1 102 5.245392
110 1703947537049 3 101 5.057721 3 102 5.071796
111 1703947537295 2 101 5.071796 2 102 4.963886
112 1703947537544 1 101 5.053030 1 102 5.184399
113 1703947537793 3 101 5.067105 3 102 5.095255
114 1703947538037 2 101 5.081180 2 102 4.987345
115 1703947538283 1 101 5.038954 1 102 5.198474
116 1703947538529 3 101 5.067105 3 102 5.095255
117 1703947538775 2 101 5.071796 2 102 4.982653
118 1703947539022 1 101 5.048338 1 102 5.175015
119 1703947539269 3 101 5.057721 3 102 5.109331
120 1703947539514 2 101 5.071796 2 102 4.987345
121 1703947539761 1 101 5.043646 1 102 5.212550
122 1703947540006 3 101 5.053030 3 102 5.118714
123 1703947540256 2 101 5.085872 2 102 4.963886
124 1703947540500 1 101 5.076488 1 102 5.217241
125 1703947540744 3 101 5.062413 3 102 5.109331
126 1703947540989 2 101 5.095255 2 102 4.982653
127 1703947541234 1 101 5.053030 1 102 5.179707
128 1703947541479 3 101 5.015495 3 102 5.109331
129 1703947541726 2 101 5.104639 2 102 4.968578
130 1703947541973 1 101 5.071796 1 102 5.203166
131 1703947542222 3 101 5.071796 3 102 5.085872
132 1703947542471 2 101 5.081180 2 102 4.959194
133 1703947542719 1 101 5.053030 1 102 5.189091
134 1703947544074 3 101 5.048338 3 102 5.123406
135 1703947544321 2 101 5.067105 2 102 4.982653
136 1703947544568 1 101 5.085872 1 102 5.203166
137 1703947544813 3 101 5.015495 3 102 5.104639
138 1703947545758 2 101 5.081180 2 102 4.973269
139 1703947546007 1 101 5.010804 1 102 5.221933
140 1703947546249 3 101 5.062413 3 102 5.109331
141 1703947546499 2 101 5.076488 2 102 4.968578
142 1703947547312 1 101 5.053030 1 102 5.207858
143 1703947547560 3 101 5.071796 3 102 5.081180
144 1703947547811 2 101 5.085872 2 102 4.963886
145 1703947548059 1 101 5.043646 1 102 5.198474
146 1703947548305 3 101 5.062413 3 102 5.076488
147 1703947548552 2 101 5.095255 2 102 4.987345
148 1703947548805 1 101 5.048338 1 102 5.221933
149 1703947549053 3 101 5.048338 3 102 5.095255
150 1703947549300 2 101 5.085872 2 102 4.987345
151 1703947549544 1 101 5.029571 1 102 5.240700
152 1703947549792 3 101 5.029571 3 102 5.104639
153 1703947550038 2 101 5.104639 2 102 4.968578
154 1703947550282 1 101 5.053030 1 102 5.189091
155 1703947550530 3 101 5.029571 3 102 5.071796
156 1703947550778 2 101 5.071796 2 102 4.977962
157 1703947551023 1 101 5.057721 1 102 5.207858
158 1703947551266 3 101 5.085872 3 102 5.109331
159 1703947551510 2 101 5.109331 2 102 4.987345
160 1703947551759 1 101 5.081180 1 102 5.231317
161 1703947552009 3 101 5.043646 3 102 5.085872
162 1703947552252 2 101 5.062413 2 102 4.963886
163 1703947552497 1 101 5.029571 1 102 5.236008
164 1703947552746 3 101 5.057721 3 102 5.104639
165 1703947552992 2 101 5.118714 2 102 4.954503
166 1703947553235 1 101 5.067105 1 102 5.189091
167 1703947553479 3 101 5.081180 3 102 5.118714
168 1703947553730 2 101 5.104639 2 102 4.949811
169 1703947553978 1 101 5.076488 1 102 5.207858
170 1703947554227 3 101 5.043646 3 102 5.057721
171 1703947554478 2 101 5.104639 2 102 4.968578
172 1703947554729 1 101 5.062413 1 102 5.212550
173 1703947554980 3 101 5.067105 3 102 5.090564
174 1703947555226 2 101 5.090564 2 102 4.987345
175 1703947555473 1 101 5.067105 1 102 5.203166
176 1703947555717 3 101 5.053030 3 102 5.085872
177 1703947555964 2 101 5.081180 2 102 4.992037
178 1703947556212 1 101 5.057721 1 102 5.221933
179 1703947556455 3 101 5.048338 3 102 5.114023
180 1703947556703 2 101 5.076488 2 102 4.973269
181 1703947556953 1 101 5.076488 1 102 5.221933
182 1703947557203 3 101 5.048338 3 102 5.095255
183 1703947557455 2 101 5.062413 2 102 5.006112
184 1703947557701 1 101 5.024879 1 102 5.193782
185 1703947557949 3 101 5.053030 3 102 5.109331
186 1703947558197 2 101 5.071796 2 102 5.010804
187 1703947558446 1 101 5.067105 1 102 5.231317
188 1703947558694 3 101 5.038954 3 102 5.104639
189 1703947558940 2 101 5.099947 2 102 4.968578
190 1703947559195 1 101 5.071796 1 102 5.207858
191 1703947559441 3 101 5.076488 3 102 5.095255
192 1703947559688 2 101 5.067105 2 102 4.959194
193 1703947559934 1 101 5.048338 1 102 5.198474
194 1703947560182 3 101 5.053030 3 102 5.090564
195 1703947560431 2 101 5.085872 2 102 4.959194
196 1703947560678 1 101 5.034263 1 102 5.231317
197 1703947560927 3 101 5.043646 3 102 5.095255
198 1703947561180 2 101 5.067105 2 102 4.996728
199 1703947561427 1 101 5.057721 1 102 5.236008
200 1703947561676 3 101 5.034263 3 102 5.095255
201 1703947561931 2 101 5.085872 2 102 4.954503
202 1703947562181 1 101 5.053030 1 102 5.226625
203 1703947562429 3 101 5.053030 3 102 5.099947
204 1703947562676 2 101 5.095255 2 102 4.959194
205 1703947562924 1 101 5.053030 1 102 5.160940
206 1703947563169 3 101 5.053030 3 102 5.104639
207 1703947563415 2 101 5.090564 2 102 4.959194
208 1703947563666 1 101 5.043646 1 102 5.198474
209 1703947563912 3 101 5.057721 3 102 5.081180
210 1703947564158 2 101 5.081180 2 102 4.963886
211 1703947564404 1 101 5.067105 1 102 5.184399
212 1703947564657 3 101 5.020187 3 102 5.109331
213 1703947564905 2 101 5.081180 2 102 4.959194
214 1703947565151 1 101 5.090564 1 102 5.217241
215 1703947565396 3 101 5.038954 3 102 5.090564
216 1703947565660 2 101 5.142173 2 102 4.973269
217 1703947565907 1 101 5.071796 1 102 5.226625
218 1703947566152 3 101 5.071796 3 102 5.071796
219 1703947566396 2 101 5.085872 2 102 4.968578
220 1703947566641 1 101 5.043646 1 102 5.184399
221 1703947566891 3 101 5.038954 3 102 5.118714
222 1703947567135 2 101 5.081180 2 102 4.954503
223 1703947567386 1 101 5.048338 1 102 5.212550
224 1703947568657 3 101 5.048338 3 102 5.123406
225 1703947568907 2 101 5.071796 2 102 4.973269
226 1703947569152 1 101 5.038954 1 102 5.198474
227 1703947569402 3 101 5.076488 3 102 5.109331
228 1703947569655 2 101 5.067105 2 102 4.973269
229 1703947569922 1 101 5.024879 1 102 5.193782