1 1703947509882
2 1703947509972
3 1703947509976
4 1703947510001
5 1703947510034
6 1703947510066
7 1703947510093
8 1703947510130
9 1703947510162
10 1703947510198
11 1703947510229
12 1703947510261
13 1703947510297
14 1703947510329
15 1703947510365
16 1703947510397
17 1703947510429
18 1703947510465
19 1703947510497
20 1703947510533
21 1703947510565
22 1703947510597
23 1703947510634
24 1703947510693
25 1703947510746
26 1703947510793
27 1703947510833
28 1703947510875
29 1703947510916
30 1703947510953
31 1703947510984
32 1703947511020
33 1703947511052
34 1703947511084
35 1703947511120
36 1703947511152
37 1703947511189
38 1703947511220
39 1703947511253
40 1703947511288
41 1703947511321
42 1703947511356
43 1703947511385
44 1703947511417
45 1703947511454
46 1703947511486
47 1703947511521
48 1703947511554
49 1703947511585
50 1703947511621
51 1703947511654
52 1703947511689
53 1703947511721
54 1703947511753
55 1703947511789
56 1703947511821
57 1703947511857
58 1703947511889
59 1703947511921
60 1703947511957
61 1703947511989
62 1703947512025
63 1703947512057
64 1703947512089
65 1703947512125
66 1703947512157
67 1703947512193
68 1703947512225
69 1703947512257
70 1703947512293
71 1703947512327
72 1703947512361
73 1703947512393
74 1703947512425
75 1703947512461
76 1703947512493
77 1703947512529
78 1703947512561
79 1703947512593
80 1703947512629
81 1703947512661
82 1703947512697
83 1703947512729
84 1703947512761
85 1703947512798
86 1703947512829
87 1703947512866
88 1703947512898
89 1703947512930
90 1703947512966
91 1703947512997
92 1703947513035
93 1703947513067
94 1703947513098
95 1703947513133
96 1703947513166
97 1703947513202
98 1703947513233
99 1703947513266
100 1703947513302
101 1703947513335
102 1703947513370
103 1703947513403
104 1703947513434
105 1703947513469
106 1703947513502
107 1703947513537
108 1703947513570
109 1703947513602
110 1703947513638
111 1703947513670
112 1703947513706
113 1703947513738
114 1703947513770
115 1703947513806
116 1703947513838
117 1703947513874
118 1703947513906
119 1703947513938
120 1703947513974
121 1703947514006
122 1703947514042
123 1703947514074
124 1703947514106
125 1703947514142
126 1703947514174
127 1703947514210
128 1703947514242
129 1703947514274
130 1703947514310
131 1703947514342
132 1703947514378
133 1703947514410
134 1703947514442
135 1703947514478
136 1703947514510
137 1703947514546
138 1703947514578
139 1703947514610
140 1703947514646
141 1703947514678
142 1703947514715
143 1703947514746
144 1703947514777
145 1703947514813
146 1703947514845
147 1703947514881
148 1703947514913
149 1703947514945
150 1703947514982
151 1703947515015
152 1703947515051
153 1703947515083
154 1703947515115
155 1703947515151
156 1703947515182
157 1703947515218
158 1703947515250
159 1703947515282
160 1703947515318
161 1703947515350
162 1703947515388
163 1703947515420
164 1703947515450
165 1703947515486
166 1703947515518
167 1703947515554
168 1703947515586
169 1703947515618
170 1703947515654
171 1703947515686
172 1703947515722
173 1703947515755
174 1703947515787
175 1703947515823
176 1703947515855
177 1703947515891
178 1703947515924
179 1703947515955
180 1703947515989
181 1703947516021
182 1703947516057
183 1703947516090
184 1703947516124
185 1703947516160
186 1703947516192
187 1703947516228
188 1703947516259
189 1703947516291
190 1703947516327
191 1703947516361
192 1703947516395
193 1703947516431
194 1703947516459
195 1703947516496
196 1703947516525
197 1703947516561
198 1703947516593
199 1703947516626
200 1703947516662
201 1703947516696
202 1703947516732
203 1703947516765
204 1703947516796
205 1703947516832
206 1703947516865
207 1703947516900
208 1703947516932
209 1703947516962
210 1703947516998
211 1703947517030
212 1703947517066
213 1703947517098
214 1703947517130
215 1703947517166
216 1703947517198
217 1703947517235
218 1703947517266
219 1703947517298
220 1703947517334
221 1703947517366
222 1703947517402
223 1703947517434
224 1703947517466
225 1703947517502
226 1703947517534
227 1703947517570
228 1703947517603
229 1703947517634
230 1703947517670
231 1703947517702
232 1703947517738
233 1703947517770
234 1703947517802
235 1703947517838
236 1703947517870
237 1703947517906
238 1703947517938
239 1703947517970
240 1703947518006
241 1703947518038
242 1703947518074
243 1703947518106
244 1703947518138
245 1703947518174
246 1703947518206
247 1703947518242
248 1703947518274
249 1703947518308
250 1703947518343
251 1703947518374
252 1703947518410
253 1703947518444
254 1703947518477
255 1703947518512
256 1703947518545
257 1703947518578
258 1703947518610
259 1703947518642
260 1703947518678
261 1703947518710
262 1703947518747
263 1703947518779
264 1703947518810
265 1703947518847
266 1703947518878
267 1703947518914
268 1703947518946
269 1703947518981
270 1703947519017
271 1703947519056
272 1703947519082
273 1703947519113
274 1703947519145
275 1703947519181
276 1703947519214
277 1703947519250
278 1703947519282
279 1703947519314
280 1703947519350
281 1703947519383
282 1703947519418
283 1703947519451
284 1703947519482
285 1703947519518
286 1703947519551
287 1703947519587
288 1703947519619
289 1703947519650
290 1703947519686
291 1703947519719
292 1703947519755
293 1703947519787
294 1703947519818
295 1703947519855
296 1703947519887
297 1703947519923
298 1703947519956
299 1703947519989
300 1703947520024
301 1703947520054
302 1703947520090
303 1703947520124
304 1703947520156
305 1703947520193
306 1703947520225
307 1703947520259
308 1703947520290
309 1703947520322
310 1703947520358
311 1703947520390
312 1703947520427
313 1703947520460
314 1703947520492
315 1703947520528
316 1703947520558
317 1703947520594
318 1703947520626
319 1703947520660
320 1703947520696
321 1703947520728
322 1703947520765
323 1703947520795
324 1703947520826
325 1703947520862
326 1703947520894
327 1703947520930
328 1703947520962
329 1703947520995
330 1703947521034
331 1703947521065
332 1703947521101
333 1703947521132
334 1703947521161
335 1703947521200
336 1703947521232
337 1703947521270
338 1703947521298
339 1703947521330
340 1703947521366
341 1703947521401
342 1703947521438
343 1703947521469
344 1703947521501
345 1703947521534
346 1703947521566
347 1703947521602
348 1703947521634
349 1703947521667
350 1703947521704
351 1703947521738
352 1703947521773
353 1703947521805
354 1703947521835
355 1703947521870
356 1703947521902
357 1703947521940
358 1703947521974
359 1703947522005
360 1703947522040
361 1703947522072
362 1703947522106
363 1703947522138
364 1703947522170
365 1703947522208
366 1703947522242
367 1703947522276
368 1703947522307
369 1703947522338
370 1703947522373
371 1703947522405
372 1703947522442
373 1703947522474
374 1703947522505
375 1703947522545
376 1703947522580
377 1703947522615
378 1703947522642
379 1703947522674
380 1703947522710
381 1703947522743
382 1703947522780
383 1703947522813
384 1703947522844
385 1703947522881
386 1703947522915
387 1703947522946
388 1703947522978
389 1703947523010
390 1703947523047
391 1703947523079
392 1703947523115
393 1703947523147
394 1703947523179
395 1703947523215
396 1703947523247
397 1703947523283
398 1703947523315
399 1703947523347
400 1703947523383
401 1703947523415
402 1703947523451
403 1703947523483
404 1703947523515
405 1703947523551
406 1703947523583
407 1703947523619
408 1703947523651
409 1703947523683
410 1703947523719
411 1703947523751
412 1703947523787
413 1703947523819
414 1703947523851
415 1703947523887
416 1703947523919
417 1703947523955
418 1703947523988
419 1703947524020
420 1703947524053
421 1703947524085
422 1703947524121
423 1703947524154
424 1703947524188
425 1703947524224
426 1703947524258
427 1703947524292
428 1703947524322
429 1703947524354
430 1703947524390
431 1703947524423
432 1703947524459
433 1703947524491
434 1703947524523
435 1703947524559
436 1703947524591
437 1703947524627
438 1703947524659
439 1703947524691
440 1703947524728
441 1703947524760
442 1703947524796
443 1703947524828
444 1703947524859
445 1703947524895
446 1703947524927
447 1703947524963
448 1703947524995
449 1703947525027
450 1703947525063
451 1703947525095
452 1703947525131
453 1703947525163
454 1703947525195
455 1703947525231
456 1703947525263
457 1703947525300
458 1703947525332
459 1703947525364
460 1703947525400
461 1703947525432
462 1703947525468
463 1703947525499
464 1703947525530
465 1703947525566
466 1703947525599
467 1703947525635
468 1703947525667
469 1703947525700
470 1703947525735
471 1703947525767
472 1703947525803
473 1703947525835
474 1703947525867
475 1703947525903
476 1703947525935
477 1703947525971
478 1703947526003
479 1703947526035
480 1703947526071
481 1703947526103
482 1703947526140
483 1703947526174
484 1703947526206
485 1703947526240
486 1703947526270
487 1703947526306
488 1703947526338
489 1703947526372
490 1703947526408
491 1703947526439
492 1703947526475
493 1703947526507
494 1703947526539
495 1703947526575
496 1703947526608
497 1703947526644
498 1703947526678
499 1703947526708
500 1703947526742
501 1703947526774
502 1703947526810
503 1703947526844
504 1703947526877
505 1703947526913
506 1703947526945
507 1703947526981
508 1703947527010
509 1703947527042
510 1703947527078
511 1703947527112
512 1703947527149
513 1703947527183
514 1703947527214
515 1703947527246
516 1703947527278
517 1703947527314
518 1703947527346
519 1703947527379
520 1703947527415
521 1703947527448
522 1703947527485
523 1703947527516
524 1703947527548
525 1703947527583
526 1703947527615
527 1703947527651
528 1703947527684
529 1703947527715
530 1703947527751
531 1703947527783
532 1703947527819
533 1703947527851
534 1703947527883
535 1703947527919
536 1703947527951
537 1703947527988
538 1703947528022
539 1703947528053
540 1703947528088
541 1703947528119
542 1703947528154
543 1703947528186
544 1703947528218
545 1703947528256
546 1703947528289
547 1703947528325
548 1703947528358
549 1703947528386
550 1703947528422
551 1703947528454
552 1703947528490
553 1703947528522
554 1703947528554
555 1703947528592
556 1703947528627
557 1703947528661
558 1703947528692
559 1703947528723
560 1703947528758
561 1703947528790
562 1703947528827
563 1703947528860
564 1703947528893
565 1703947528929
566 1703947528962
567 1703947528997
568 1703947529028
569 1703947529058
570 1703947529096
571 1703947529130
572 1703947529165
573 1703947529197
574 1703947529230
575 1703947529262
576 1703947529294
577 1703947529331
578 1703947529363
579 1703947529395
580 1703947529431
581 1703947529463
582 1703947529499
583 1703947529531
584 1703947529562
585 1703947529599
586 1703947529631
587 1703947529667
588 1703947529701
589 1703947529733
590 1703947529769
591 1703947529800
592 1703947529836
593 1703947529866
594 1703947529898
595 1703947529935
596 1703947529966
597 1703947530002
598 1703947530035
599 1703947530068
600 1703947530104
601 1703947530138
602 1703947530171
603 1703947530203
604 1703947530235
605 1703947530271
606 1703947530303
607 1703947530339
608 1703947530378
609 1703947530405
610 1703947530440
611 1703947530472
612 1703947530507
613 1703947530539
614 1703947530571
615 1703947530608
616 1703947530642
617 1703947530676
618 1703947530706
619 1703947530738
620 1703947530774
621 1703947530806
622 1703947530844
623 1703947530877
624 1703947530908
625 1703947530945
626 1703947530974
627 1703947531013
628 1703947531045
629 1703947531077
630 1703947531111
631 1703947531143
632 1703947531179
633 1703947531211
634 1703947531243
635 1703947531279
636 1703947531311
637 1703947531347
638 1703947531379
639 1703947531411
640 1703947531447
641 1703947531479
642 1703947531515
643 1703947531547
644 1703947531580
645 1703947531617
646 1703947531649
647 1703947531685
648 1703947531715
649 1703947531746
650 1703947531785
651 1703947531817
652 1703947531854
653 1703947531883
654 1703947531915
655 1703947531951
656 1703947531983
657 1703947532019
658 1703947532051
659 1703947532083
660 1703947532119
661 1703947532151
662 1703947532188
663 1703947532219
664 1703947532251
665 1703947532288
666 1703947532322
667 1703947532356
668 1703947532386
669 1703947532418
670 1703947532455
671 1703947532488
672 1703947532525
673 1703947532557
674 1703947532587
675 1703947532623
676 1703947532655
677 1703947532691
678 1703947532724
679 1703947532757
680 1703947532793
681 1703947532826
682 1703947532860
683 1703947532893
684 1703947532925
685 1703947532962
686 1703947532992
687 1703947533027
688 1703947533059
689 1703947533091
690 1703947533127
691 1703947533159
692 1703947533195
693 1703947533227
694 1703947533259
695 1703947533295
696 1703947533327
697 1703947533364
698 1703947533396
699 1703947533429
700 1703947533465
701 1703947533497
702 1703947533532
703 1703947533562
704 1703947533594
705 1703947533630
706 1703947533664
707 1703947533700
708 1703947533735
709 1703947533764
710 1703947533801
711 1703947533833
712 1703947533870
713 1703947533898
714 1703947533930
715 1703947533966
716 1703947533999
717 1703947534037
718 1703947534070
719 1703947534102
720 1703947534135
721 1703947534166
722 1703947534202
723 1703947534235
724 1703947534268
725 1703947534305
726 1703947534337
727 1703947534373
728 1703947534403
729 1703947534435
730 1703947534474
731 1703947534506
732 1703947534540
733 1703947534570
734 1703947534602
735 1703947534638
736 1703947534672
737 1703947534708
738 1703947534740
739 1703947534773
740 1703947534809
741 1703947534839
742 1703947534874
743 1703947534908
744 1703947534940
745 1703947534978
746 1703947535008
747 1703947535042
748 1703947535074
749 1703947535107
750 1703947535143
751 1703947535175
752 1703947535211
753 1703947535243
754 1703947535275
755 1703947535311
756 1703947535343
757 1703947535379
758 1703947535411
759 1703947535443
760 1703947535479
761 1703947535512
762 1703947535548
763 1703947535582
764 1703947535614
765 1703947535646
766 1703947535678
767 1703947535714
768 1703947535747
769 1703947535779
770 1703947535815
771 1703947535847
772 1703947535883
773 1703947535917
774 1703947535949
775 1703947535982
776 1703947536014
777 1703947536051
778 1703947536082
779 1703947536115
780 1703947536150
781 1703947536183
782 1703947536219
783 1703947536251
784 1703947536283
785 1703947536319
786 1703947536351
787 1703947536387
788 1703947536419
789 1703947536451
790 1703947536487
791 1703947536521
792 1703947536557
793 1703947536589
794 1703947536619
795 1703947536654
796 1703947536689
797 1703947536727
798 1703947536761
799 1703947536787
800 1703947536822
801 1703947536854
802 1703947536891
803 1703947536925
804 1703947536956
805 1703947536993
806 1703947537027
807 1703947537060
808 1703947537091
809 1703947537123
810 1703947537159
811 1703947537191
812 1703947537227
813 1703947537260
814 1703947537292
815 1703947537329
816 1703947537360
817 1703947537396
818 1703947537428
819 1703947537460
820 1703947537496
821 1703947537528
822 1703947537564
823 1703947537595
824 1703947537626
825 1703947537664
826 1703947537696
827 1703947537733
828 1703947537765
829 1703947537798
830 1703947537830
831 1703947537862
832 1703947537898
833 1703947537933
834 1703947537967
835 1703947538006
836 1703947538032
837 1703947538068
838 1703947538100
839 1703947538132
840 1703947538168
841 1703947538200
842 1703947538236
843 1703947538268
844 1703947538300
845 1703947538336
846 1703947538368
847 1703947538404
848 1703947538436
849 1703947538468
850 1703947538503
851 1703947538536
852 1703947538572
853 1703947538604
854 1703947538636
855 1703947538672
856 1703947538704
857 1703947538740
858 1703947538772
859 1703947538804
860 1703947538840
861 1703947538872
862 1703947538908
863 1703947538940
864 1703947538972
865 1703947539008
866 1703947539039
867 1703947539076
868 1703947539107
869 1703947539140
870 1703947539176
871 1703947539208
872 1703947539245
873 1703947539277
874 1703947539306
875 1703947539342
876 1703947539374
877 1703947539410
878 1703947539442
879 1703947539474
880 1703947539510
881 1703947539543
882 1703947539579
883 1703947539611
884 1703947539643
885 1703947539679
886 1703947539711
887 1703947539748
888 1703947539779
889 1703947539811
890 1703947539847
891 1703947539879
892 1703947539915
893 1703947539948
894 1703947539979
895 1703947540015
896 1703947540048
897 1703947540084
898 1703947540115
899 1703947540148
900 1703947540183
901 1703947540215
902 1703947540252
903 1703947540284
904 1703947540315
905 1703947540352
906 1703947540383
907 1703947540419
908 1703947540452
909 1703947540483
910 1703947540519
911 1703947540551
912 1703947540588
913 1703947540619
914 1703947540651
915 1703947540687
916 1703947540720
917 1703947540754
918 1703947540786
919 1703947540818
920 1703947540854
921 1703947540886
922 1703947540922
923 1703947540954
924 1703947540986
925 1703947541022
926 1703947541054
927 1703947541090
928 1703947541122
929 1703947541154
930 1703947541190
931 1703947541222
932 1703947541258
933 1703947541290
934 1703947541322
935 1703947541358
936 1703947541390
937 1703947541426
938 1703947541458
939 1703947541490
940 1703947541526
941 1703947541558
942 1703947541594
943 1703947541626
944 1703947541658
945 1703947541694
946 1703947541726
947 1703947541762
948 1703947541794
949 1703947541826
950 1703947541862
951 1703947541894
952 1703947541930
953 1703947541962
954 1703947541994
955 1703947542030
956 1703947542062
957 1703947542098
958 1703947542130
959 1703947542162
960 1703947542198
961 1703947542230
962 1703947542266
963 1703947542298
964 1703947542330
965 1703947542366
966 1703947542398
967 1703947542434
968 1703947542466
969 1703947542498
970 1703947542534
971 1703947542566
972 1703947542602
973 1703947542634
974 1703947542666
975 1703947542702
976 1703947542734
977 1703947542770
978 1703947542802
979 1703947542834
980 1703947542870
981 1703947542902
982 1703947542938
983 1703947542970
984 1703947543002
985 1703947543038
986 1703947543070
987 1703947543106
988 1703947543138
989 1703947543170
990 1703947543206
991 1703947543238
992 1703947543274
993 1703947543307
994 1703947543338
995 1703947543374
996 1703947543407
997 1703947543443
998 1703947543476
999 1703947543507
1000 1703947543543
1001 1703947543575
1002 1703947543611
1003 1703947543643
1004 1703947543675
1005 1703947543711
1006 1703947543743
1007 1703947543779
1008 1703947543811
1009 1703947543843
1010 1703947543879
1011 1703947543911
1012 1703947543947
1013 1703947543979
1014 1703947544011
1015 1703947544047
1016 1703947544079
1017 1703947544116
1018 1703947544147
1019 1703947544179
1020 1703947544215
1021 1703947544247
1022 1703947544283
1023 1703947544315
1024 1703947544347
1025 1703947544383
1026 1703947544415
1027 1703947544451
1028 1703947544483
1029 1703947544515
1030 1703947544551
1031 1703947544583
1032 1703947544619
1033 1703947544651
1034 1703947544683
1035 1703947544719
1036 1703947544751
1037 1703947544787
1038 1703947544819
1039 1703947544851
1040 1703947544887
1041 1703947544919
1042 1703947544955
1043 1703947544987
1044 1703947545019
1045 1703947545055
1046 1703947545087
1047 1703947545124
1048 1703947545154
1049 1703947545188
1050 1703947545224
1051 1703947545256
1052 1703947545291
1053 1703947545323
1054 1703947545355
1055 1703947545391
1056 1703947545423
1057 1703947545459
1058 1703947545491
1059 1703947545523
1060 1703947545560
1061 1703947545591
1062 1703947545627
1063 1703947545659
1064 1703947545691
1065 1703947545727
1066 1703947545760
1067 1703947545795
1068 1703947545827
1069 1703947545859
1070 1703947545895
1071 1703947545928
1072 1703947545963
1073 1703947545995
1074 1703947546027
1075 1703947546063
1076 1703947546095
1077 1703947546131
1078 1703947546163
1079 1703947546196
1080 1703947546231
1081 1703947546264
1082 1703947546299
1083 1703947546331
1084 1703947546363
1085 1703947546400
1086 1703947546431
1087 1703947546467
1088 1703947546500
1089 1703947546532
1090 1703947546567
1091 1703947546599
1092 1703947546635
1093 1703947546667
1094 1703947546699
1095 1703947546735
1096 1703947546767
1097 1703947546803
1098 1703947546835
1099 1703947546867
1100 1703947546903
1101 1703947546935
1102 1703947546971
1103 1703947547003
1104 1703947547035
1105 1703947547071
1106 1703947547103
1107 1703947547139
1108 1703947547171
1109 1703947547202
1110 1703947547238
1111 1703947547270
1112 1703947547306
1113 1703947547338
1114 1703947547370
1115 1703947547406
1116 1703947547438
1117 1703947547474
1118 1703947547507
1119 1703947547540
1120 1703947547577
1121 1703947547608
1122 1703947547643
1123 1703947547675
1124 1703947547707
1125 1703947547742
1126 1703947547775
1127 1703947547811
1128 1703947547846
1129 1703947547879
1130 1703947547911
1131 1703947547943
1132 1703947547979
1133 1703947548011
1134 1703947548043
1135 1703947548079
1136 1703947548111
1137 1703947548147
1138 1703947548179
1139 1703947548211
1140 1703947548247
1141 1703947548279
1142 1703947548315
1143 1703947548347
1144 1703947548379
1145 1703947548415
1146 1703947548448
1147 1703947548485
1148 1703947548519
1149 1703947548548
1150 1703947548582
1151 1703947548615
1152 1703947548650
1153 1703947548683
1154 1703947548715
1155 1703947548753
1156 1703947548785
1157 1703947548821
1158 1703947548853
1159 1703947548885
1160 1703947548919
1161 1703947548951
1162 1703947548987
1163 1703947549019
1164 1703947549052
1165 1703947549088
1166 1703947549120
1167 1703947549156
1168 1703947549188
1169 1703947549220
1170 1703947549256
1171 1703947549286
1172 1703947549322
1173 1703947549355
1174 1703947549389
1175 1703947549425
1176 1703947549455
1177 1703947549491
1178 1703947549523
1179 1703947549555
1180 1703947549591
1181 1703947549623
1182 1703947549659
1183 1703947549692
1184 1703947549724
1185 1703947549760
1186 1703947549792
1187 1703947549828
1188 1703947549860
1189 1703947549892
1190 1703947549928
1191 1703947549960
1192 1703947549996
1193 1703947550028
1194 1703947550060
1195 1703947550096
1196 1703947550128
1197 1703947550164
1198 1703947550196
1199 1703947550228
1200 1703947550264
1201 1703947550296
1202 1703947550332
1203 1703947550364
1204 1703947550396
1205 1703947550432
1206 1703947550464
1207 1703947550500
1208 1703947550532
1209 1703947550565
1210 1703947550600
1211 1703947550632
1212 1703947550668
1213 1703947550700
1214 1703947550732
1215 1703947550772
1216 1703947550817
1217 1703947550856
1218 1703947550896
1219 1703947550936
1220 1703947550977
1221 1703947551016
1222 1703947551056
1223 1703947551096
1224 1703947551136
1225 1703947551176
1226 1703947551217
1227 1703947551257
1228 1703947551296
1229 1703947551336
1230 1703947551381
1231 1703947551420
1232 1703947551460
1233 1703947551500
1234 1703947551541
1235 1703947551580
1236 1703947551620
1237 1703947551660
1238 1703947551700
1239 1703947551741
1240 1703947551780
1241 1703947551820
1242 1703947551860
1243 1703947551900
1244 1703947551944
1245 1703947551984
1246 1703947552025
1247 1703947552064
1248 1703947552104
1249 1703947552144
1250 1703947552184
1251 1703947552224
1252 1703947552265
1253 1703947552304
1254 1703947552344
1255 1703947552384
1256 1703947552424
1257 1703947552463
1258 1703947552507
1259 1703947552548
1260 1703947552587
1261 1703947552627
1262 1703947552667
1263 1703947552707
1264 1703947552747
1265 1703947552786
1266 1703947552827
1267 1703947552867
1268 1703947552906
1269 1703947552947
1270 1703947552987
1271 1703947553027
1272 1703947553071
1273 1703947553111
1274 1703947553151
1275 1703947553191
1276 1703947553231
1277 1703947553272
1278 1703947553311
1279 1703947553350
1280 1703947553393
1281 1703947553431
1282 1703947553471
1283 1703947553511
1284 1703947553552
1285 1703947553596
1286 1703947553635
1287 1703947553674
1288 1703947553718
1289 1703947553756
1290 1703947553795
1291 1703947553835
1292 1703947553876
1293 1703947553915
1294 1703947553955
1295 1703947553995
1296 1703947554035
1297 1703947554075
1298 1703947554116
1299 1703947554162
1300 1703947554199
1301 1703947554239
1302 1703947554279
1303 1703947554319
1304 1703947554360
1305 1703947554399
1306 1703947554439
1307 1703947554492
1308 1703947554539
1309 1703947554592
1310 1703947554639
1311 1703947554692
1312 1703947554744
1313 1703947554791
1314 1703947554844
1315 1703947554893
1316 1703947554944
1317 1703947554997
1318 1703947555043
1319 1703947555095
1320 1703947555145
1321 1703947555196
1322 1703947555249
1323 1703947555296
1324 1703947555347
1325 1703947555397
1326 1703947555448
1327 1703947555499
1328 1703947555549
1329 1703947555600
1330 1703947555648
1331 1703947555700
1332 1703947555752
1333 1703947555799
1334 1703947555852
1335 1703947555900
1336 1703947555952
1337 1703947556003
1338 1703947556052
1339 1703947556103
1340 1703947556153
1341 1703947556203
1342 1703947556251
1343 1703947556303
1344 1703947556357
1345 1703947556403
1346 1703947556455
1347 1703947556505
1348 1703947556555
1349 1703947556607
1350 1703947556655
1351 1703947556707
1352 1703947556755
1353 1703947556809
1354 1703947556859
1355 1703947556907
1356 1703947556960
1357 1703947557008
1358 1703947557059
1359 1703947557111
1360 1703947557161
1361 1703947557211
1362 1703947557259
1363 1703947557311
1364 1703947557364
1365 1703947557411
1366 1703947557463
1367 1703947557511
1368 1703947557566
1369 1703947557615
1370 1703947557663
1371 1703947557715
1372 1703947557766
1373 1703947557815
1374 1703947557867
1375 1703947557916
1376 1703947557968
1377 1703947558015
1378 1703947558067
1379 1703947558119
1380 1703947558168
1381 1703947558221
1382 1703947558267
1383 1703947558319
1384 1703947558373
1385 1703947558419
1386 1703947558471
1387 1703947558519
1388 1703947558573
1389 1703947558623
1390 1703947558671
1391 1703947558724
1392 1703947558773
1393 1703947558823
1394 1703947558875
1395 1703947558926
1396 1703947558977
1397 1703947559023
1398 1703947559075
1399 1703947559124
1400 1703947559176
1401 1703947559228
1402 1703947559275
1403 1703947559328
1404 1703947559377
1405 1703947559428
1406 1703947559479
1407 1703947559527
1408 1703947559580
1409 1703947559628
1410 1703947559679
1411 1703947559732
1412 1703947559780
1413 1703947559832
1414 1703947559879
1415 1703947559932
1416 1703947559984
1417 1703947560032
1418 1703947560083
1419 1703947560131
1420 1703947560186
1421 1703947560237
1422 1703947560286
1423 1703947560335
1424 1703947560385
1425 1703947560436
1426 1703947560488
1427 1703947560536
1428 1703947560588
1429 1703947560638
1430 1703947560690
1431 1703947560740
1432 1703947560788
1433 1703947560840
1434 1703947560888
1435 1703947560942
1436 1703947560993
1437 1703947561041
1438 1703947561093
1439 1703947561139
1440 1703947561201
1441 1703947561266
1442 1703947561325
1443 1703947561384
1444 1703947561445
1445 1703947561506
1446 1703947561565
1447 1703947561625
1448 1703947561686
1449 1703947561745
1450 1703947561808
1451 1703947561867
1452 1703947561930
1453 1703947561988
1454 1703947562047
1455 1703947562108
1456 1703947562170
1457 1703947562228
1458 1703947562292
1459 1703947562352
1460 1703947562413
1461 1703947562471
1462 1703947562531
1463 1703947562593
1464 1703947562651
1465 1703947562714
1466 1703947562771
1467 1703947562835
1468 1703947562897
1469 1703947562955
1470 1703947563015
1471 1703947563077
1472 1703947563135
1473 1703947563197
1474 1703947563255
1475 1703947563320
1476 1703947563379
1477 1703947563439
1478 1703947563499
1479 1703947563561
1480 1703947563620
1481 1703947563679
1482 1703947563740
1483 1703947563799
1484 1703947563863
1485 1703947563925
1486 1703947563983
1487 1703947564044
1488 1703947564103
1489 1703947564163
1490 1703947564223
1491 1703947564286
1492 1703947564343
1493 1703947564407
1494 1703947564467
1495 1703947564530
1496 1703947564587
1497 1703947564647
1498 1703947564707
1499 1703947564768
1500 1703947564828
1501 1703947564891
1502 1703947564951
1503 1703947565012
1504 1703947565072
1505 1703947565131
1506 1703947565191
1507 1703947565252
1508 1703947565312
1509 1703947565371
1510 1703947565437
1511 1703947565495
1512 1703947565558
1513 1703947565615
1514 1703947565675
1515 1703947565736
1516 1703947565795
1517 1703947565857
1518 1703947565921
1519 1703947565982
1520 1703947566041
1521 1703947566101
1522 1703947566160
1523 1703947566221
1524 1703947566281
1525 1703947566341
1526 1703947566400
1527 1703947566452
1528 1703947566505
1529 1703947566546
1530 1703947566585
1531 1703947566623
1532 1703947566663
1533 1703947566704
1534 1703947566744
1535 1703947566784
1536 1703947566825
1537 1703947566864
1538 1703947566904
1539 1703947566944
1540 1703947566983
1541 1703947567027
1542 1703947567067
1543 1703947567107
1544 1703947567147
1545 1703947567187
1546 1703947567227
1547 1703947567268
1548 1703947567308
1549 1703947567347
1550 1703947567387
1551 1703947567427
1552 1703947567467
1553 1703947567508
1554 1703947567551
1555 1703947567594
1556 1703947567631
1557 1703947567674
1558 1703947567711
1559 1703947567751
1560 1703947567791
1561 1703947567831
1562 1703947567871
1563 1703947567912
1564 1703947567951
1565 1703947567993
1566 1703947568031
1567 1703947568073
1568 1703947568116
1569 1703947568155
1570 1703947568195
1571 1703947568238
1572 1703947568279
1573 1703947568317
1574 1703947568355
1575 1703947568395
1576 1703947568435
1577 1703947568475
1578 1703947568515
1579 1703947568555
1580 1703947568595
1581 1703947568635
1582 1703947568680
1583 1703947568719
1584 1703947568764
1585 1703947568799
1586 1703947568842
1587 1703947568883
1588 1703947568921
1589 1703947568959
1590 1703947568999
1591 1703947569039
1592 1703947569079
1593 1703947569119
1594 1703947569162
1595 1703947569202
1596 1703947569245
1597 1703947569283
1598 1703947569326
1599 1703947569366
1600 1703947569405
1601 1703947569447
1602 1703947569484
1603 1703947569523
1604 1703947569566
1605 1703947569606
1606 1703947569646
1607 1703947569685
1608 1703947569726
