1 1685796313587
2 1685796313667
3 1685796313678
4 1685796313710
5 1685796313738
6 1685796313775
7 1685796313807
8 1685796313836
9 1685796313870
10 1685796313904
11 1685796313937
12 1685796313975
13 1685796314005
14 1685796314039
15 1685796314071
16 1685796314111
17 1685796314144
18 1685796314173
19 1685796314207
20 1685796314241
21 1685796314276
22 1685796314309
23 1685796314344
24 1685796314377
25 1685796314411
26 1685796314446
27 1685796314479
28 1685796314514
29 1685796314547
30 1685796314577
31 1685796314612
32 1685796314645
33 1685796314679
34 1685796314713
35 1685796314745
36 1685796314779
37 1685796314816
38 1685796314850
39 1685796314880
40 1685796314913
41 1685796314947
42 1685796314985
43 1685796315014
44 1685796315046
45 1685796315078
46 1685796315112
47 1685796315147
48 1685796315181
49 1685796315215
50 1685796315247
51 1685796315283
52 1685796315315
53 1685796315349
54 1685796315381
55 1685796315413
56 1685796315448
57 1685796315481
58 1685796315516
59 1685796315549
60 1685796315581
61 1685796315616
62 1685796315650
63 1685796315685
64 1685796315717
65 1685796315750
66 1685796315784
67 1685796315818
68 1685796315852
69 1685796315886
70 1685796315918
71 1685796315952
72 1685796315986
73 1685796316020
74 1685796316054
75 1685796316086
76 1685796316121
77 1685796316154
78 1685796316188
79 1685796316222
80 1685796316254
81 1685796316288
82 1685796316321
83 1685796316356
84 1685796316390
85 1685796316422
86 1685796316456
87 1685796316490
88 1685796316524
89 1685796316558
90 1685796316590
91 1685796316625
92 1685796316658
93 1685796316693
94 1685796316726
95 1685796316758
96 1685796316794
97 1685796316826
98 1685796316861
99 1685796316894
100 1685796316925
101 1685796316960
102 1685796316999
103 1685796317047
104 1685796317078
105 1685796317094
106 1685796317128
107 1685796317161
108 1685796317196
109 1685796317234
110 1685796317270
111 1685796317302
112 1685796317332
113 1685796317364
114 1685796317401
115 1685796317430
116 1685796317464
117 1685796317497
118 1685796317532
119 1685796317565
120 1685796317597
121 1685796317632
122 1685796317665
123 1685796317706
124 1685796317746
125 1685796317782
126 1685796317803
127 1685796317833
128 1685796317868
129 1685796317907
130 1685796317944
131 1685796317983
132 1685796318009
133 1685796318036
134 1685796318069
135 1685796318101
136 1685796318136
137 1685796318170
138 1685796318205
139 1685796318238
140 1685796318270
141 1685796318305
142 1685796318338
143 1685796318378
144 1685796318432
145 1685796318459
146 1685796318473
147 1685796318513
148 1685796318553
149 1685796318574
150 1685796318605
151 1685796318640
152 1685796318673
153 1685796318715
154 1685796318757
155 1685796318787
156 1685796318818
157 1685796318842
158 1685796318883
159 1685796318918
160 1685796318943
161 1685796318976
162 1685796319018
163 1685796319061
164 1685796319084
165 1685796319109
166 1685796319144
167 1685796319177
168 1685796319212
169 1685796319252
170 1685796319297
171 1685796319341
172 1685796319348
173 1685796319386
174 1685796319423
175 1685796319446
176 1685796319480
177 1685796319513
178 1685796319548
179 1685796319583
180 1685796319621
181 1685796319669
182 1685796319685
183 1685796319716
184 1685796319755
185 1685796319790
186 1685796319825
187 1685796319850
188 1685796319884
189 1685796319917
190 1685796319950
191 1685796319990
192 1685796320029
193 1685796320071
194 1685796320088
195 1685796320118
196 1685796320157
197 1685796320198
198 1685796320229
199 1685796320253
200 1685796320291
201 1685796320329
202 1685796320358
203 1685796320393
204 1685796320428
205 1685796320454
206 1685796320488
207 1685796320522
208 1685796320556
209 1685796320589
210 1685796320622
211 1685796320657
212 1685796320690
213 1685796320725
214 1685796320759
215 1685796320791
216 1685796320825
217 1685796320859
218 1685796320894
219 1685796320927
220 1685796320959
221 1685796320994
222 1685796321027
223 1685796321062
224 1685796321095
225 1685796321127
226 1685796321161
227 1685796321196
228 1685796321230
229 1685796321264
230 1685796321296
231 1685796321330
232 1685796321364
233 1685796321399
234 1685796321432
235 1685796321464
236 1685796321498
237 1685796321532
238 1685796321566
239 1685796321600
240 1685796321632
241 1685796321666
242 1685796321700
243 1685796321733
244 1685796321767
245 1685796321799
246 1685796321833
247 1685796321867
248 1685796321901
249 1685796321935
250 1685796321967
251 1685796322002
252 1685796322035
253 1685796322070
254 1685796322104
255 1685796322135
256 1685796322170
257 1685796322204
258 1685796322242
259 1685796322276
260 1685796322309
261 1685796322336
262 1685796322370
263 1685796322405
264 1685796322440
265 1685796322474
266 1685796322512
267 1685796322542
268 1685796322572
269 1685796322605
270 1685796322638
271 1685796322673
272 1685796322707
273 1685796322742
274 1685796322775
275 1685796322808
276 1685796322842
277 1685796322876
278 1685796322910
279 1685796322944
280 1685796322976
281 1685796323010
282 1685796323043
283 1685796323078
284 1685796323111
285 1685796323143
286 1685796323178
287 1685796323212
288 1685796323246
289 1685796323279
290 1685796323311
291 1685796323346
292 1685796323379
293 1685796323414
294 1685796323446
295 1685796323477
296 1685796323512
297 1685796323546
298 1685796323580
299 1685796323614
300 1685796323646
301 1685796323680
302 1685796323713
303 1685796323748
304 1685796323781
305 1685796323822
306 1685796323859
307 1685796323892
308 1685796323917
309 1685796323953
310 1685796323987
311 1685796324018
312 1685796324050
313 1685796324085
314 1685796324119
315 1685796324151
316 1685796324186
317 1685796324220
318 1685796324254
319 1685796324287
320 1685796324320
321 1685796324353
322 1685796324387
323 1685796324422
324 1685796324455
325 1685796324487
326 1685796324522
327 1685796324555
328 1685796324590
329 1685796324623
330 1685796324655
331 1685796324690
332 1685796324723
333 1685796324758
334 1685796324791
335 1685796324823
336 1685796324858
337 1685796324892
338 1685796324926
339 1685796324959
340 1685796324992
341 1685796325026
342 1685796325060
343 1685796325094
344 1685796325128
345 1685796325160
346 1685796325194
347 1685796325227
348 1685796325262
349 1685796325296
350 1685796325327
351 1685796325362
352 1685796325395
353 1685796325430
354 1685796325463
355 1685796325496
356 1685796325530
357 1685796325564
358 1685796325598
359 1685796325631
360 1685796325663
361 1685796325698
362 1685796325731
363 1685796325766
364 1685796325800
365 1685796325832
366 1685796325866
367 1685796325900
368 1685796325934
369 1685796325968
370 1685796326000
371 1685796326034
372 1685796326068
373 1685796326102
374 1685796326136
375 1685796326168
376 1685796326202
377 1685796326235
378 1685796326271
379 1685796326304
380 1685796326336
381 1685796326370
382 1685796326403
383 1685796326437
384 1685796326475
385 1685796326509
386 1685796326545
387 1685796326570
388 1685796326604
389 1685796326637
390 1685796326669
391 1685796326704
392 1685796326738
393 1685796326776
394 1685796326818
395 1685796326852
396 1685796326883
397 1685796326907
398 1685796326940
399 1685796326973
400 1685796327006
401 1685796327041
402 1685796327075
403 1685796327109
404 1685796327143
405 1685796327175
406 1685796327209
407 1685796327243
408 1685796327278
409 1685796327311
410 1685796327344
411 1685796327378
412 1685796327410
413 1685796327445
414 1685796327478
415 1685796327510
416 1685796327545
417 1685796327579
418 1685796327613
419 1685796327647
420 1685796327678
421 1685796327713
422 1685796327747
423 1685796327781
424 1685796327815
425 1685796327847
426 1685796327881
427 1685796327915
428 1685796327949
429 1685796327983
430 1685796328014
431 1685796328049
432 1685796328083
433 1685796328117
434 1685796328151
435 1685796328183
436 1685796328217
437 1685796328250
438 1685796328285
439 1685796328319
440 1685796328350
441 1685796328385
442 1685796328419
443 1685796328453
444 1685796328486
445 1685796328519
446 1685796328553
447 1685796328587
448 1685796328621
449 1685796328655
450 1685796328687
451 1685796328721
452 1685796328755
453 1685796328790
454 1685796328823
455 1685796328855
456 1685796328890
457 1685796328923
458 1685796328960
459 1685796328990
460 1685796329022
461 1685796329056
462 1685796329090
463 1685796329125
464 1685796329161
465 1685796329211
466 1685796329254
467 1685796329279
468 1685796329293
469 1685796329325
470 1685796329357
471 1685796329392
472 1685796329426
473 1685796329466
474 1685796329511
475 1685796329542
476 1685796329564
477 1685796329593
478 1685796329628
479 1685796329661
480 1685796329694
481 1685796329730
482 1685796329768
483 1685796329821
484 1685796329834
485 1685796329862
486 1685796329897
487 1685796329935
488 1685796329974
489 1685796330005
490 1685796330030
491 1685796330064
492 1685796330097
493 1685796330132
494 1685796330166
495 1685796330198
496 1685796330233
497 1685796330267
498 1685796330302
499 1685796330335
500 1685796330367
501 1685796330401
502 1685796330434
503 1685796330468
504 1685796330501
505 1685796330534
506 1685796330569
507 1685796330602
508 1685796330636
509 1685796330669
510 1685796330701
511 1685796330736
512 1685796330769
513 1685796330804
514 1685796330837
515 1685796330869
516 1685796330904
517 1685796330937
518 1685796330972
519 1685796331005
520 1685796331037
521 1685796331072
522 1685796331105
523 1685796331140
524 1685796331173
525 1685796331205
526 1685796331240
527 1685796331274
528 1685796331308
529 1685796331342
530 1685796331374
531 1685796331408
532 1685796331442
533 1685796331476
534 1685796331510
535 1685796331542
536 1685796331576
537 1685796331610
538 1685796331644
539 1685796331677
540 1685796331709
541 1685796331744
542 1685796331777
543 1685796331811
544 1685796331845
545 1685796331877
546 1685796331912
547 1685796331946
548 1685796331980
549 1685796332014
550 1685796332046
551 1685796332081
552 1685796332114
553 1685796332148
554 1685796332182
555 1685796332214
556 1685796332248
557 1685796332281
558 1685796332316
559 1685796332350
560 1685796332381
561 1685796332416
562 1685796332449
563 1685796332484
564 1685796332518
565 1685796332550
566 1685796332584
567 1685796332618
568 1685796332653
569 1685796332686
570 1685796332717
571 1685796332753
572 1685796332787
573 1685796332821
574 1685796332855
575 1685796332886
576 1685796332921
577 1685796332954
578 1685796332988
579 1685796333022
580 1685796333054
581 1685796333088
582 1685796333122
583 1685796333158
584 1685796333191
585 1685796333223
586 1685796333257
587 1685796333291
588 1685796333325
589 1685796333359
590 1685796333390
591 1685796333425
592 1685796333458
593 1685796333493
594 1685796333526
595 1685796333558
596 1685796333594
597 1685796333627
598 1685796333662
599 1685796333694
600 1685796333726
601 1685796333760
602 1685796333794
603 1685796333830
604 1685796333866
605 1685796333897
606 1685796333929
607 1685796333961
608 1685796333996
609 1685796334029
610 1685796334062
611 1685796334098
612 1685796334135
613 1685796334178
614 1685796334202
615 1685796334230
616 1685796334264
617 1685796334297
618 1685796334332
619 1685796334367
620 1685796334400
621 1685796334435
622 1685796334468
623 1685796334502
624 1685796334534
625 1685796334565
626 1685796334600
627 1685796334634
628 1685796334669
629 1685796334702
630 1685796334734
631 1685796334769
632 1685796334803
633 1685796334837
634 1685796334871
635 1685796334903
636 1685796334938
637 1685796334971
638 1685796335005
639 1685796335039
640 1685796335070
641 1685796335105
642 1685796335138
643 1685796335173
644 1685796335206
645 1685796335238
646 1685796335273
647 1685796335307
648 1685796335341
649 1685796335375
650 1685796335407
651 1685796335441
652 1685796335474
653 1685796335509
654 1685796335542
655 1685796335575
656 1685796335609
657 1685796335642
658 1685796335677
659 1685796335711
660 1685796335744
661 1685796335778
662 1685796335810
663 1685796335845
664 1685796335878
665 1685796335910
666 1685796335948
667 1685796335987
668 1685796336033
669 1685796336047
670 1685796336112
671 1685796336146
672 1685796336181
673 1685796336214
674 1685796336246
675 1685796336282
676 1685796336315
677 1685796336353
678 1685796336398
679 1685796336417
680 1685796336448
681 1685796336481
682 1685796336516
683 1685796336550
684 1685796336582
685 1685796336617
686 1685796336651
687 1685796336685
688 1685796336721
689 1685796336751
690 1685796336786
691 1685796336819
692 1685796336854
693 1685796336887
694 1685796336919
695 1685796336954
696 1685796336987
697 1685796337023
698 1685796337055
699 1685796337087
700 1685796337122
701 1685796337155
702 1685796337190
703 1685796337223
704 1685796337255
705 1685796337290
706 1685796337323
707 1685796337358
708 1685796337391
709 1685796337423
710 1685796337458
711 1685796337491
712 1685796337526
713 1685796337559
714 1685796337591
715 1685796337626
716 1685796337659
717 1685796337694
718 1685796337727
719 1685796337759
720 1685796337794
721 1685796337827
722 1685796337861
723 1685796337894
724 1685796337926
725 1685796337961
726 1685796337994
727 1685796338030
728 1685796338063
729 1685796338095
730 1685796338130
731 1685796338163
732 1685796338197
733 1685796338230
734 1685796338263
735 1685796338298
736 1685796338331
737 1685796338365
738 1685796338399
739 1685796338431
740 1685796338465
741 1685796338499
742 1685796338534
743 1685796338567
744 1685796338599
745 1685796338634
746 1685796338667
747 1685796338701
748 1685796338735
749 1685796338767
750 1685796338801
751 1685796338835
752 1685796338869
753 1685796338903
754 1685796338935
755 1685796338969
756 1685796339003
757 1685796339038
758 1685796339071
759 1685796339103
760 1685796339137
761 1685796339171
762 1685796339206
763 1685796339239
764 1685796339271
765 1685796339305
766 1685796339339
767 1685796339374
768 1685796339408
769 1685796339441
770 1685796339472
771 1685796339506
772 1685796339540
773 1685796339574
774 1685796339606
775 1685796339641
776 1685796339674
777 1685796339708
778 1685796339742
779 1685796339775
780 1685796339809
781 1685796339843
782 1685796339877
783 1685796339911
784 1685796339942
785 1685796339977
786 1685796340010
787 1685796340045
788 1685796340079
789 1685796340111
790 1685796340145
791 1685796340179
792 1685796340213
793 1685796340247
794 1685796340277
795 1685796340312
796 1685796340346
797 1685796340381
798 1685796340414
799 1685796340447
800 1685796340482
801 1685796340516
802 1685796340556
803 1685796340583
804 1685796340614
805 1685796340648
806 1685796340682
807 1685796340716
808 1685796340750
809 1685796340783
810 1685796340820
811 1685796340852
812 1685796340885
813 1685796340918
814 1685796340949
815 1685796340984
816 1685796341018
817 1685796341054
818 1685796341091
819 1685796341122
820 1685796341154
821 1685796341186
822 1685796341220
823 1685796341253
824 1685796341286
825 1685796341321
826 1685796341355
827 1685796341390
828 1685796341423
829 1685796341455
830 1685796341489
831 1685796341522
832 1685796341556
833 1685796341590
834 1685796341622
835 1685796341657
836 1685796341690
837 1685796341730
838 1685796341773
839 1685796341803
840 1685796341829
841 1685796341857
842 1685796341892
843 1685796341930
844 1685796341964
845 1685796342015
846 1685796342040
847 1685796342060
848 1685796342093
849 1685796342126
850 1685796342160
851 1685796342194
852 1685796342230
853 1685796342267
854 1685796342299
855 1685796342331
856 1685796342362
857 1685796342397
858 1685796342430
859 1685796342462
860 1685796342497
861 1685796342532
862 1685796342569
863 1685796342603
864 1685796342632
865 1685796342664
866 1685796342697
867 1685796342732
868 1685796342766
869 1685796342799
870 1685796342835
871 1685796342869
872 1685796342901
873 1685796342934
874 1685796342965
875 1685796343000
876 1685796343034
877 1685796343069
878 1685796343103
879 1685796343135
880 1685796343169
881 1685796343203
882 1685796343238
883 1685796343271
884 1685796343303
885 1685796343338
886 1685796343371
887 1685796343406
888 1685796343439
889 1685796343471
890 1685796343506
891 1685796343539
892 1685796343572
893 1685796343606
894 1685796343638
895 1685796343672
896 1685796343706
897 1685796343745
898 1685796343780
899 1685796343827
900 1685796343845
901 1685796343874
902 1685796343908
903 1685796343941
904 1685796343979
905 1685796344025
906 1685796344060
907 1685796344085
908 1685796344110
909 1685796344141
910 1685796344176
911 1685796344215
912 1685796344252
913 1685796344309
914 1685796344320
915 1685796344344
916 1685796344377
917 1685796344412
918 1685796344446
919 1685796344479
920 1685796344516
921 1685796344551
922 1685796344587
923 1685796344615
924 1685796344645
925 1685796344680
926 1685796344714
927 1685796344748
928 1685796344784
929 1685796344817
930 1685796344852
931 1685796344885
932 1685796344916
933 1685796344949
934 1685796344982
935 1685796345016
936 1685796345051
937 1685796345089
938 1685796345143
939 1685796345157
940 1685796345187
941 1685796345220
942 1685796345252
943 1685796345285
944 1685796345318
945 1685796345353
946 1685796345387
947 1685796345421
948 1685796345454
949 1685796345487
950 1685796345521
951 1685796345555
952 1685796345589
953 1685796345623
954 1685796345655
955 1685796345688
956 1685796345722
957 1685796345757
958 1685796345790
959 1685796345822
960 1685796345857
961 1685796345890
962 1685796345925
963 1685796345959
964 1685796345990
965 1685796346025
966 1685796346059
967 1685796346093
968 1685796346127
969 1685796346159
970 1685796346193
971 1685796346226
972 1685796346261
973 1685796346294
974 1685796346327
975 1685796346360
976 1685796346394
977 1685796346429
978 1685796346462
979 1685796346494
980 1685796346529
981 1685796346563
982 1685796346597
983 1685796346630
984 1685796346662
985 1685796346697
986 1685796346731
987 1685796346765
988 1685796346798
989 1685796346830
990 1685796346865
991 1685796346898
992 1685796346933
993 1685796346967
994 1685796346999
995 1685796347033
996 1685796347066
997 1685796347101
998 1685796347137
999 1685796347166
1000 1685796347200
1001 1685796347234
1002 1685796347268
1003 1685796347302
1004 1685796347334
1005 1685796347369
1006 1685796347402
1007 1685796347436
1008 1685796347470
1009 1685796347502
1010 1685796347536
1011 1685796347570
1012 1685796347604
1013 1685796347639
1014 1685796347670
1015 1685796347705
1016 1685796347738
1017 1685796347773
1018 1685796347806
1019 1685796347837
1020 1685796347872
1021 1685796347906
1022 1685796347941
1023 1685796347974
1024 1685796348006
1025 1685796348041
1026 1685796348075
1027 1685796348109
1028 1685796348142
1029 1685796348174
1030 1685796348209
1031 1685796348242
1032 1685796348277
1033 1685796348311
1034 1685796348343
1035 1685796348377
1036 1685796348410
1037 1685796348445
1038 1685796348478
1039 1685796348510
1040 1685796348545
1041 1685796348579
1042 1685796348613
1043 1685796348650
1044 1685796348678
1045 1685796348712
1046 1685796348745
1047 1685796348780
1048 1685796348813
1049 1685796348847
1050 1685796348881
1051 1685796348915
1052 1685796348950
1053 1685796348983
1054 1685796349014
1055 1685796349048
1056 1685796349082
1057 1685796349116
1058 1685796349150
1059 1685796349183
1060 1685796349218
1061 1685796349251
1062 1685796349285
1063 1685796349321
1064 1685796349350
1065 1685796349384
1066 1685796349417
1067 1685796349452
1068 1685796349486
1069 1685796349518
1070 1685796349553
1071 1685796349588
1072 1685796349625
1073 1685796349667
1074 1685796349688
1075 1685796349720
1076 1685796349753
1077 1685796349788
1078 1685796349821
1079 1685796349854
1080 1685796349889
1081 1685796349922
1082 1685796349957
1083 1685796349991
1084 1685796350023
1085 1685796350058
1086 1685796350091
1087 1685796350126
1088 1685796350160
1089 1685796350189
1090 1685796350224
1091 1685796350257
1092 1685796350292
1093 1685796350326
1094 1685796350358
1095 1685796350395
1096 1685796350429
1097 1685796350464
1098 1685796350494
1099 1685796350526
1100 1685796350560
1101 1685796350594
1102 1685796350628
1103 1685796350679
1104 1685796350716
1105 1685796350735
1106 1685796350766
1107 1685796350798
1108 1685796350828
1109 1685796350861
1110 1685796350896
1111 1685796350930
1112 1685796350966
1113 1685796350999
1114 1685796351030
1115 1685796351065
1116 1685796351100
1117 1685796351133
1118 1685796351166
1119 1685796351198
1120 1685796351233
1121 1685796351266
1122 1685796351301
1123 1685796351333
1124 1685796351366
1125 1685796351401
1126 1685796351434
1127 1685796351469
1128 1685796351501
1129 1685796351534
1130 1685796351569
1131 1685796351602
1132 1685796351637
1133 1685796351669
1134 1685796351702
1135 1685796351737
1136 1685796351771
1137 1685796351805
1138 1685796351837
1139 1685796351871
1140 1685796351905
1141 1685796351938
1142 1685796351973
1143 1685796352005
1144 1685796352038
1145 1685796352073
1146 1685796352106
1147 1685796352141
1148 1685796352173
1149 1685796352207
1150 1685796352241
1151 1685796352275
1152 1685796352309
1153 1685796352341
1154 1685796352374
1155 1685796352409
1156 1685796352442
1157 1685796352477
1158 1685796352509
1159 1685796352542
1160 1685796352577
1161 1685796352610
1162 1685796352645
1163 1685796352677
1164 1685796352710
1165 1685796352745
1166 1685796352779
1167 1685796352813
1168 1685796352846
1169 1685796352879
1170 1685796352913
1171 1685796352947
1172 1685796352982
1173 1685796353013
1174 1685796353046
1175 1685796353081
1176 1685796353114
1177 1685796353148
1178 1685796353181
1179 1685796353215
1180 1685796353250
1181 1685796353283
1182 1685796353318
1183 1685796353350
1184 1685796353383
1185 1685796353417
1186 1685796353450
1187 1685796353484
1188 1685796353517
1189 1685796353550
1190 1685796353585
1191 1685796353619
1192 1685796353653
1193 1685796353686
1194 1685796353718
1195 1685796353753
1196 1685796353786
1197 1685796353820
1198 1685796353852
1199 1685796353886
1200 1685796353921
1201 1685796353956
1202 1685796353989
1203 1685796354022
1204 1685796354055
1205 1685796354089
1206 1685796354123
1207 1685796354157
1208 1685796354189
1209 1685796354223
1210 1685796354257
1211 1685796354291
1212 1685796354325
1213 1685796354357
1214 1685796354391
1215 1685796354425
1216 1685796354459
1217 1685796354493
1218 1685796354525
1219 1685796354559
1220 1685796354593
1221 1685796354627
1222 1685796354661
1223 1685796354693
1224 1685796354727
1225 1685796354762
1226 1685796354794
1227 1685796354828
1228 1685796354860
1229 1685796354894
1230 1685796354928
1231 1685796354962
1232 1685796354997
1233 1685796355029
1234 1685796355063
1235 1685796355097
1236 1685796355130
1237 1685796355164
1238 1685796355196
1239 1685796355230
1240 1685796355265
1241 1685796355300
1242 1685796355334
1243 1685796355365
1244 1685796355398
1245 1685796355432
1246 1685796355465
1247 1685796355500
1248 1685796355533
1249 1685796355567
1250 1685796355601
1251 1685796355635
1252 1685796355669
1253 1685796355701
1254 1685796355735
1255 1685796355769
1256 1685796355802
1257 1685796355837
1258 1685796355868
1259 1685796355902
1260 1685796355937
1261 1685796355970
1262 1685796356005
1263 1685796356037
1264 1685796356070
1265 1685796356105
1266 1685796356138
1267 1685796356173
1268 1685796356205
1269 1685796356238
1270 1685796356273
1271 1685796356306
1272 1685796356341
1273 1685796356373
1274 1685796356406
1275 1685796356441
1276 1685796356474
1277 1685796356509
1278 1685796356541
1279 1685796356574
1280 1685796356609
1281 1685796356642
1282 1685796356677
1283 1685796356708
1284 1685796356742
1285 1685796356777
1286 1685796356810
1287 1685796356845
1288 1685796356877
1289 1685796356910
1290 1685796356945
1291 1685796356978
1292 1685796357013
1293 1685796357045
1294 1685796357087
1295 1685796357112
1296 1685796357146
1297 1685796357197
1298 1685796357232
1299 1685796357267
1300 1685796357283
1301 1685796357314
1302 1685796357354
1303 1685796357388
1304 1685796357416
1305 1685796357448
1306 1685796357482
1307 1685796357516
1308 1685796357548
1309 1685796357583
1310 1685796357619
1311 1685796357652
1312 1685796357685
1313 1685796357717
1314 1685796357750
1315 1685796357785
1316 1685796357818
1317 1685796357853
1318 1685796357885
1319 1685796357918
1320 1685796357953
1321 1685796357987
1322 1685796358021
1323 1685796358053
1324 1685796358086
1325 1685796358121
1326 1685796358154
1327 1685796358189
1328 1685796358221
1329 1685796358255
1330 1685796358289
1331 1685796358323
1332 1685796358357
1333 1685796358389
1334 1685796358423
1335 1685796358457
1336 1685796358490
1337 1685796358525
1338 1685796358557
1339 1685796358590
1340 1685796358624
1341 1685796358658
1342 1685796358693
1343 1685796358725
1344 1685796358759
1345 1685796358793
1346 1685796358827
1347 1685796358861
1348 1685796358898
1349 1685796358933
1350 1685796358973
1351 1685796358994
1352 1685796359028
1353 1685796359060
1354 1685796359094
1355 1685796359128
1356 1685796359162
1357 1685796359201
1358 1685796359237
1359 1685796359283
1360 1685796359304
1361 1685796359330
1362 1685796359364
1363 1685796359396
1364 1685796359430
1365 1685796359465
1366 1685796359498
1367 1685796359533
1368 1685796359565
1369 1685796359599
1370 1685796359634
1371 1685796359667
1372 1685796359702
1373 1685796359734
1374 1685796359771
1375 1685796359800
1376 1685796359833
1377 1685796359868
1378 1685796359900
1379 1685796359934
1380 1685796359969
1381 1685796360005
1382 1685796360056
1383 1685796360086
1384 1685796360109
1385 1685796360137
1386 1685796360169
1387 1685796360204
1388 1685796360236
1389 1685796360270
1390 1685796360305
1391 1685796360338
1392 1685796360373
1393 1685796360406
1394 1685796360441
1395 1685796360478
1396 1685796360506
1397 1685796360541
1398 1685796360572
1399 1685796360606
1400 1685796360641
1401 1685796360675
1402 1685796360709
1403 1685796360741
1404 1685796360775
1405 1685796360809
1406 1685796360843
1407 1685796360877
1408 1685796360909
1409 1685796360943
1410 1685796360978
1411 1685796361011
1412 1685796361045
1413 1685796361077
1414 1685796361111
1415 1685796361145
1416 1685796361179
1417 1685796361213
1418 1685796361245
1419 1685796361279
1420 1685796361313
1421 1685796361347
1422 1685796361381
1423 1685796361414
1424 1685796361446
1425 1685796361481
1426 1685796361514
1427 1685796361548
1428 1685796361581
1429 1685796361615
1430 1685796361651
1431 1685796361685
1432 1685796361716
1433 1685796361748
1434 1685796361782
1435 1685796361816
1436 1685796361850
1437 1685796361885
1438 1685796361918
1439 1685796361951
1440 1685796361986
1441 1685796362020
1442 1685796362055
1443 1685796362085
1444 1685796362118
1445 1685796362152
1446 1685796362186
1447 1685796362220
1448 1685796362252
1449 1685796362287
1450 1685796362324
1451 1685796362359
1452 1685796362389
1453 1685796362420
1454 1685796362454
1455 1685796362488
1456 1685796362522
1457 1685796362558
1458 1685796362594
1459 1685796362627
1460 1685796362664
1461 1685796362690
1462 1685796362724
1463 1685796362756
1464 1685796362790
1465 1685796362827
1466 1685796362865
1467 1685796362901
1468 1685796362933
1469 1685796362958
1470 1685796362992
1471 1685796363026
1472 1685796363060
1473 1685796363094
1474 1685796363132
1475 1685796363167
1476 1685796363199
1477 1685796363229
1478 1685796363260
1479 1685796363293
1480 1685796363328
1481 1685796363363
1482 1685796363402
1483 1685796363434
1484 1685796363467
1485 1685796363497
1486 1685796363530
1487 1685796363564
1488 1685796363597
1489 1685796363631
1490 1685796363667
1491 1685796363700
1492 1685796363734
1493 1685796363766
1494 1685796363800
1495 1685796363833
1496 1685796363866
1497 1685796363901
1498 1685796363933
1499 1685796363966
1500 1685796364001
1501 1685796364036
1502 1685796364071
1503 1685796364103
1504 1685796364135
1505 1685796364169
1506 1685796364202
1507 1685796364237
1508 1685796364269
1509 1685796364303
1510 1685796364339
1511 1685796364373
1512 1685796364406
1513 1685796364438
1514 1685796364471
1515 1685796364505
1516 1685796364538
1517 1685796364573
1518 1685796364605
1519 1685796364638
1520 1685796364673
1521 1685796364707
1522 1685796364742
1523 1685796364774
1524 1685796364807
1525 1685796364842
1526 1685796364875
1527 1685796364910
1528 1685796364941
1529 1685796364975
1530 1685796365009
1531 1685796365043
1532 1685796365077
1533 1685796365109
1534 1685796365143
1535 1685796365177
1536 1685796365210
1537 1685796365246
1538 1685796365278
1539 1685796365311
1540 1685796365346
1541 1685796365379
1542 1685796365414
1543 1685796365445
1544 1685796365477
1545 1685796365512
1546 1685796365546
1547 1685796365580
1548 1685796365613
1549 1685796365647
1550 1685796365682
1551 1685796365715
1552 1685796365750
1553 1685796365782
1554 1685796365815
1555 1685796365850
1556 1685796365883
1557 1685796365917
1558 1685796365949
1559 1685796365982
1560 1685796366017
1561 1685796366050
1562 1685796366085
1563 1685796366118
1564 1685796366151
1565 1685796366186
1566 1685796366219
1567 1685796366254
1568 1685796366287
1569 1685796366321
1570 1685796366353
1571 1685796366386
1572 1685796366421
1573 1685796366453
1574 1685796366486
1575 1685796366522
1576 1685796366558
1577 1685796366593
1578 1685796366622
1579 1685796366654
1580 1685796366688
1581 1685796366722
1582 1685796366757
1583 1685796366789
1584 1685796366824
1585 1685796366860
1586 1685796366892
1587 1685796366925
1588 1685796366957
1589 1685796366990
1590 1685796367025
1591 1685796367059
1592 1685796367093
1593 1685796367125
1594 1685796367159
1595 1685796367193
1596 1685796367227
1597 1685796367261
1598 1685796367293
1599 1685796367327
1600 1685796367362
1601 1685796367395
1602 1685796367429
1603 1685796367461
1604 1685796367495
1605 1685796367529
1606 1685796367562
1607 1685796367597
1608 1685796367629
1609 1685796367663
1610 1685796367697
1611 1685796367731
1612 1685796367765
1613 1685796367797
1614 1685796367831
1615 1685796367865
1616 1685796367899
1617 1685796367933
1618 1685796367965
1619 1685796368003
1620 1685796368041
1621 1685796368069
1622 1685796368100
1623 1685796368132
1624 1685796368166
1625 1685796368200
1626 1685796368234
1627 1685796368271
1628 1685796368306
1629 1685796368340
1630 1685796368376
1631 1685796368402
1632 1685796368436
1633 1685796368468
1634 1685796368501
1635 1685796368537
1636 1685796368571
1637 1685796368606
1638 1685796368638
1639 1685796368671
1640 1685796368706
1641 1685796368739
1642 1685796368774
1643 1685796368806
1644 1685796368840
1645 1685796368874
1646 1685796368907
1647 1685796368942
1648 1685796368974
1649 1685796369007
1650 1685796369042
1651 1685796369075
1652 1685796369110
1653 1685796369141
1654 1685796369174
1655 1685796369209
1656 1685796369242
1657 1685796369277
1658 1685796369309
1659 1685796369343
1660 1685796369377
1661 1685796369410
1662 1685796369445
1663 1685796369477
1664 1685796369511
1665 1685796369545
1666 1685796369578
1667 1685796369614
1668 1685796369646
1669 1685796369679
1670 1685796369714
1671 1685796369747
1672 1685796369781
1673 1685796369813
1674 1685796369846
1675 1685796369881
1676 1685796369914
1677 1685796369949
1678 1685796369981
1679 1685796370015
1680 1685796370049
1681 1685796370083
1682 1685796370117
1683 1685796370149
1684 1685796370183
1685 1685796370217
1686 1685796370251
1687 1685796370285
1688 1685796370318
1689 1685796370351
1690 1685796370386
1691 1685796370419
1692 1685796370453
1693 1685796370485
1694 1685796370519
1695 1685796370554
1696 1685796370587
1697 1685796370622
1698 1685796370654
1699 1685796370687
1700 1685796370720
1701 1685796370753
1702 1685796370788
1703 1685796370820
1704 1685796370854
1705 1685796370889
1706 1685796370924
1707 1685796370959
1708 1685796370991
1709 1685796371025
1710 1685796371056
1711 1685796371090
1712 1685796371124
1713 1685796371157
1714 1685796371190
1715 1685796371226
1716 1685796371261
1717 1685796371296
1718 1685796371325
1719 1685796371358
1720 1685796371392
1721 1685796371426
1722 1685796371461
1723 1685796371497
1724 1685796371537
1725 1685796371593
1726 1685796371606
1727 1685796371628
1728 1685796371660
1729 1685796371694
1730 1685796371728
1731 1685796371763
1732 1685796371798
1733 1685796371830
1734 1685796371863
1735 1685796371898
1736 1685796371931
1737 1685796371965
1738 1685796371996
1739 1685796372030
1740 1685796372065
1741 1685796372098
1742 1685796372133
1743 1685796372166
1744 1685796372199
1745 1685796372235
1746 1685796372267
1747 1685796372301
1748 1685796372333
1749 1685796372367
1750 1685796372401
1751 1685796372435
1752 1685796372470
1753 1685796372501
1754 1685796372535
1755 1685796372569
1756 1685796372603
1757 1685796372637
1758 1685796372669
1759 1685796372703
1760 1685796372737
1761 1685796372771
1762 1685796372805
1763 1685796372837
1764 1685796372871
1765 1685796372905
1766 1685796372939
1767 1685796372973
1768 1685796373005
1769 1685796373039
1770 1685796373073
1771 1685796373107
1772 1685796373141
1773 1685796373173
1774 1685796373207
1775 1685796373241
1776 1685796373275
1777 1685796373309
1778 1685796373341
1779 1685796373375
1780 1685796373409
1781 1685796373443
1782 1685796373477
1783 1685796373509
1784 1685796373543
1785 1685796373577
1786 1685796373611
1787 1685796373645
1788 1685796373677
1789 1685796373711
1790 1685796373745
1791 1685796373779
1792 1685796373813
1793 1685796373846
1794 1685796373878
1795 1685796373912
1796 1685796373946
1797 1685796373981
1798 1685796374013
1799 1685796374047
1800 1685796374082
1801 1685796374115
1802 1685796374150
1803 1685796374182
1804 1685796374215
1805 1685796374250
1806 1685796374284
1807 1685796374318
1808 1685796374349
1809 1685796374382
1810 1685796374416
1811 1685796374451
1812 1685796374486
1813 1685796374518
1814 1685796374551
1815 1685796374586
1816 1685796374620
1817 1685796374654
1818 1685796374687
1819 1685796374718
1820 1685796374752
1821 1685796374786
1822 1685796374820
1823 1685796374852
1824 1685796374887
1825 1685796374923
1826 1685796374957
1827 1685796374991
1828 1685796375021
1829 1685796375054
1830 1685796375088
1831 1685796375121
1832 1685796375157
1833 1685796375193
1834 1685796375229
1835 1685796375265
1836 1685796375294
1837 1685796375324
1838 1685796375356
1839 1685796375389
1840 1685796375424
1841 1685796375459
1842 1685796375494
1843 1685796375526
1844 1685796375559
1845 1685796375594
1846 1685796375627
1847 1685796375661
1848 1685796375692
1849 1685796375726
1850 1685796375761
1851 1685796375794
1852 1685796375829
1853 1685796375861
1854 1685796375895
1855 1685796375929
1856 1685796375963
1857 1685796375997
1858 1685796376030
1859 1685796376062
1860 1685796376096
1861 1685796376130
1862 1685796376164
1863 1685796376196
1864 1685796376230
1865 1685796376266
1866 1685796376303
1867 1685796376337
1868 1685796376372
1869 1685796376398
1870 1685796376432
1871 1685796376465
1872 1685796376500
1873 1685796376533
1874 1685796376569
1875 1685796376604
1876 1685796376637
1877 1685796376668
1878 1685796376701
1879 1685796376734
1880 1685796376769
1881 1685796376803
1882 1685796376840
1883 1685796376872
1884 1685796376904
1885 1685796376937
1886 1685796376970
1887 1685796377004
1888 1685796377036
1889 1685796377071
1890 1685796377106
1891 1685796377139
1892 1685796377174
1893 1685796377206
1894 1685796377239
1895 1685796377274
1896 1685796377306
1897 1685796377341
1898 1685796377373
1899 1685796377406
1900 1685796377441
1901 1685796377475
1902 1685796377509
1903 1685796377541
1904 1685796377575
1905 1685796377610
1906 1685796377644
1907 1685796377677
1908 1685796377710
1909 1685796377745
1910 1685796377778
1911 1685796377811
1912 1685796377846
1913 1685796377878
1914 1685796377911
1915 1685796377945
1916 1685796377979
1917 1685796378014
1918 1685796378046
1919 1685796378079
1920 1685796378113
1921 1685796378147
1922 1685796378181
1923 1685796378213
1924 1685796378247
1925 1685796378282
1926 1685796378315
1927 1685796378350
1928 1685796378382
1929 1685796378415
1930 1685796378449
1931 1685796378483
1932 1685796378518
1933 1685796378550
1934 1685796378583
1935 1685796378617
1936 1685796378651
1937 1685796378685
1938 1685796378717
1939 1685796378751
1940 1685796378790
1941 1685796378837
1942 1685796378861
1943 1685796378885
1944 1685796378918
1945 1685796378952
1946 1685796378986
1947 1685796379020
1948 1685796379054
1949 1685796379088
1950 1685796379124
1951 1685796379156
1952 1685796379189
1953 1685796379221
1954 1685796379254
1955 1685796379288
1956 1685796379323
1957 1685796379358
1958 1685796379391
1959 1685796379423
1960 1685796379457
1961 1685796379496
1962 1685796379544
1963 1685796379587
1964 1685796379594
1965 1685796379624
1966 1685796379658
1967 1685796379692
1968 1685796379725
1969 1685796379762
1970 1685796379802
1971 1685796379848
1972 1685796379874
1973 1685796379893
1974 1685796379926
1975 1685796379960
1976 1685796379994
1977 1685796380030
1978 1685796380064
1979 1685796380097
1980 1685796380130
1981 1685796380162
1982 1685796380197
1983 1685796380229
1984 1685796380262
1985 1685796380297
1986 1685796380331
1987 1685796380366
1988 1685796380397
1989 1685796380432
1990 1685796380467
1991 1685796380499
1992 1685796380534
1993 1685796380566
1994 1685796380600
1995 1685796380633
1996 1685796380667
1997 1685796380701
1998 1685796380733
1999 1685796380767
2000 1685796380801
2001 1685796380835
2002 1685796380869
2003 1685796380901
2004 1685796380935
2005 1685796380970
2006 1685796381003
2007 1685796381038
2008 1685796381070
2009 1685796381103
2010 1685796381138
2011 1685796381171
2012 1685796381206
2013 1685796381238
2014 1685796381272
2015 1685796381307
2016 1685796381338
2017 1685796381372
2018 1685796381404
2019 1685796381437
2020 1685796381472
2021 1685796381506
2022 1685796381541
2023 1685796381573
2024 1685796381608
2025 1685796381644
2026 1685796381679
2027 1685796381711
2028 1685796381740
2029 1685796381774
2030 1685796381808
2031 1685796381842
2032 1685796381877
2033 1685796381914
2034 1685796381949
2035 1685796381983
2036 1685796382013
2037 1685796382045
2038 1685796382076
2039 1685796382110
2040 1685796382144
2041 1685796382179
2042 1685796382215
2043 1685796382248
2044 1685796382280
2045 1685796382312
2046 1685796382346
2047 1685796382380
2048 1685796382412
2049 1685796382447
2050 1685796382483
2051 1685796382517
2052 1685796382552
2053 1685796382584
2054 1685796382615
2055 1685796382649
2056 1685796382683
2057 1685796382717
2058 1685796382750
2059 1685796382783
2060 1685796382818
2061 1685796382851
2062 1685796382886
2063 1685796382919
2064 1685796382952
2065 1685796382984
2066 1685796383018
2067 1685796383053
2068 1685796383085
2069 1685796383119
2070 1685796383154
2071 1685796383189
2072 1685796383225
2073 1685796383257
2074 1685796383287
2075 1685796383320
2076 1685796383354
2077 1685796383389
2078 1685796383421
2079 1685796383456
2080 1685796383492
2081 1685796383529
2082 1685796383557
2083 1685796383589
2084 1685796383622
2085 1685796383657
2086 1685796383691
2087 1685796383728
2088 1685796383764
2089 1685796383796
2090 1685796383827
2091 1685796383858
2092 1685796383892
2093 1685796383924
2094 1685796383958
2095 1685796383994
2096 1685796384032
2097 1685796384066
2098 1685796384098
2099 1685796384126
2100 1685796384167
2101 1685796384201
2102 1685796384230
2103 1685796384261
2104 1685796384294
2105 1685796384329
2106 1685796384362
2107 1685796384399
2108 1685796384434
2109 1685796384482
2110 1685796384499
2111 1685796384530
2112 1685796384565
2113 1685796384596
2114 1685796384631
2115 1685796384666
2116 1685796384703
2117 1685796384737
2118 1685796384767
2119 1685796384798
2120 1685796384833
2121 1685796384866
2122 1685796384901
2123 1685796384935
2124 1685796384969
2125 1685796385005
2126 1685796385035
2127 1685796385069
2128 1685796385101
2129 1685796385134
2130 1685796385169
2131 1685796385207
2132 1685796385244
2133 1685796385280
2134 1685796385306
2135 1685796385336
2136 1685796385370
2137 1685796385404
2138 1685796385437
2139 1685796385473
2140 1685796385518
2141 1685796385545
2142 1685796385576
2143 1685796385605
2144 1685796385638
2145 1685796385672
2146 1685796385706
2147 1685796385742
2148 1685796385780
2149 1685796385813
2150 1685796385846
2151 1685796385874
2152 1685796385908
2153 1685796385940
2154 1685796385974
2155 1685796386010
2156 1685796386054
2157 1685796386083
2158 1685796386114
2159 1685796386142
2160 1685796386176
2161 1685796386210
2162 1685796386245
2163 1685796386279
2164 1685796386313
2165 1685796386348
2166 1685796386381
2167 1685796386413
2168 1685796386444
2169 1685796386478
2170 1685796386513
2171 1685796386549
2172 1685796386584
2173 1685796386616
2174 1685796386647
2175 1685796386680
2176 1685796386714
2177 1685796386748
2178 1685796386781
2179 1685796386819
2180 1685796386874
2181 1685796386888
2182 1685796386919
2183 1685796386948
2184 1685796386982
2185 1685796387016
2186 1685796387050
2187 1685796387087
2188 1685796387124
2189 1685796387159
2190 1685796387192
2191 1685796387220
2192 1685796387252
2193 1685796387284
2194 1685796387318
2195 1685796387353
2196 1685796387390
2197 1685796387424
2198 1685796387455
2199 1685796387486
2200 1685796387521
2201 1685796387554
2202 1685796387589
2203 1685796387622
2204 1685796387656
2205 1685796387690
2206 1685796387724
2207 1685796387758
2208 1685796387791
2209 1685796387823
2210 1685796387856
2211 1685796387890
2212 1685796387925
2213 1685796387956
2214 1685796387991
2215 1685796388028
2216 1685796388062
2217 1685796388097
2218 1685796388126
2219 1685796388158
2220 1685796388192
2221 1685796388226
2222 1685796388261
2223 1685796388295
2224 1685796388329
2225 1685796388364
2226 1685796388395
2227 1685796388429
2228 1685796388460
2229 1685796388494
2230 1685796388529
2231 1685796388562
2232 1685796388597
2233 1685796388629
2234 1685796388662
2235 1685796388697
2236 1685796388732
2237 1685796388765
2238 1685796388797
2239 1685796388831
2240 1685796388865
2241 1685796388899
2242 1685796388932
2243 1685796388964
2244 1685796388998
2245 1685796389032
2246 1685796389066
2247 1685796389100
2248 1685796389133
2249 1685796389166
2250 1685796389200
2251 1685796389234
2252 1685796389268
2253 1685796389300
2254 1685796389334
2255 1685796389368
2256 1685796389402
2257 1685796389437
2258 1685796389474
2259 1685796389521
2260 1685796389548
2261 1685796389571
2262 1685796389604
2263 1685796389642
2264 1685796389685
2265 1685796389706
2266 1685796389738
2267 1685796389777
2268 1685796389810
2269 1685796389838
2270 1685796389872
2271 1685796389906
2272 1685796389946
2273 1685796389981
2274 1685796390022
2275 1685796390042
2276 1685796390074
2277 1685796390108
2278 1685796390140
2279 1685796390175
2280 1685796390209
2281 1685796390247
2282 1685796390286
2283 1685796390319
2284 1685796390343
2285 1685796390383
2286 1685796390417
2287 1685796390445
2288 1685796390476
2289 1685796390516
2290 1685796390552
2291 1685796390580
2292 1685796390612
2293 1685796390644
2294 1685796390678
2295 1685796390712
2296 1685796390752
2297 1685796390788
2298 1685796390840
2299 1685796390862
2300 1685796390880
2301 1685796390920
2302 1685796390965
2303 1685796390986
2304 1685796391014
2305 1685796391054
2306 1685796391101
2307 1685796391120
2308 1685796391148
2309 1685796391188
2310 1685796391228
2311 1685796391256
2312 1685796391285
2313 1685796391323
2314 1685796391358
2315 1685796391385
2316 1685796391417
2317 1685796391459
2318 1685796391498
2319 1685796391528
2320 1685796391553
2321 1685796391590
2322 1685796391621
2323 1685796391659
2324 1685796391688
2325 1685796391721
2326 1685796391754
2327 1685796391789
2328 1685796391821
2329 1685796391855
2330 1685796391890
2331 1685796391923
2332 1685796391961
2333 1685796392010
2334 1685796392028
2335 1685796392056
2336 1685796392089
2337 1685796392124
2338 1685796392161
2339 1685796392197
2340 1685796392233
2341 1685796392260
2342 1685796392292
2343 1685796392324
2344 1685796392358
2345 1685796392398
2346 1685796392434
2347 1685796392478
2348 1685796392497
2349 1685796392526
2350 1685796392560
2351 1685796392599
2352 1685796392647
2353 1685796392685
2354 1685796392696
2355 1685796392768
2356 1685796392805
2357 1685796392830
2358 1685796392862
2359 1685796392902
2360 1685796392937
2361 1685796392967
2362 1685796392996
2363 1685796393036
2364 1685796393083
2365 1685796393104
2366 1685796393132
2367 1685796393170
2368 1685796393206
2369 1685796393235
2370 1685796393266
2371 1685796393300
2372 1685796393332
2373 1685796393366
2374 1685796393400
2375 1685796393434
2376 1685796393477
2377 1685796393531
2378 1685796393567
2379 1685796393585
2380 1685796393602
2381 1685796393644
2382 1685796393687
2383 1685796393703
2384 1685796393736
2385 1685796393770
2386 1685796393820
2387 1685796393869
2388 1685796393886
2389 1685796393906
2390 1685796393942
2391 1685796393978
2392 1685796394011
2393 1685796394038
2394 1685796394078
2395 1685796394113
2396 1685796394142
2397 1685796394172
2398 1685796394206
2399 1685796394240
2400 1685796394275
2401 1685796394314
2402 1685796394350
2403 1685796394393
2404 1685796394414
2405 1685796394442
2406 1685796394476
2407 1685796394508
2408 1685796394541
2409 1685796394576
2410 1685796394609
2411 1685796394644
2412 1685796394683
2413 1685796394721
2414 1685796394784
2415 1685796394792
2416 1685796394841
2417 1685796394885
2418 1685796394916
2419 1685796394951
2420 1685796394978
2421 1685796395016
2422 1685796395065
2423 1685796395091
2424 1685796395114
2425 1685796395153
2426 1685796395187
2427 1685796395226
2428 1685796395248
2429 1685796395282
2430 1685796395316
2431 1685796395355
2432 1685796395402
2433 1685796395441
2434 1685796395461
2435 1685796395486
2436 1685796395516
2437 1685796395556
2438 1685796395595
2439 1685796395620
2440 1685796395655
2441 1685796395685
2442 1685796395719
2443 1685796395753
2444 1685796395786
2445 1685796395821
2446 1685796395853
2447 1685796395886
2448 1685796395922
2449 1685796395960
2450 1685796396017
2451 1685796396037
2452 1685796396089
2453 1685796396122
2454 1685796396157
2455 1685796396188
2456 1685796396222
2457 1685796396257
2458 1685796396291
2459 1685796396330
2460 1685796396372
2461 1685796396393
2462 1685796396428
2463 1685796396459
2464 1685796396493
2465 1685796396525
2466 1685796396564
2467 1685796396609
2468 1685796396641
2469 1685796396682
2470 1685796396693
2471 1685796396726
2472 1685796396760
2473 1685796396800
2474 1685796396839
2475 1685796396870
2476 1685796396895
2477 1685796396928
2478 1685796396962
2479 1685796397003
2480 1685796397052
2481 1685796397087
2482 1685796397104
2483 1685796397130
2484 1685796397164
2485 1685796397203
2486 1685796397247
2487 1685796397294
2488 1685796397303
2489 1685796397332
2490 1685796397364
2491 1685796397398
2492 1685796397433
2493 1685796397466
2494 1685796397501
2495 1685796397533
2496 1685796397566
2497 1685796397601
2498 1685796397640
2499 1685796397675
2500 1685796397721
2501 1685796397734
2502 1685796397768
2503 1685796397808
2504 1685796397846
2505 1685796397878
2506 1685796397903
2507 1685796397942
2508 1685796397978
2509 1685796398006
2510 1685796398037
2511 1685796398076
2512 1685796398112
2513 1685796398143
2514 1685796398173
2515 1685796398205
2516 1685796398238
2517 1685796398274
2518 1685796398306
2519 1685796398341
2520 1685796398373
2521 1685796398406
2522 1685796398441
2523 1685796398474
2524 1685796398509
2525 1685796398542
2526 1685796398575
2527 1685796398610
2528 1685796398643
2529 1685796398678
2530 1685796398710
2531 1685796398743
2532 1685796398778
2533 1685796398811
2534 1685796398846
2535 1685796398878
2536 1685796398911
2537 1685796398946
2538 1685796398980
2539 1685796399019
2540 1685796399053
2541 1685796399092
2542 1685796399114
2543 1685796399145
2544 1685796399180
2545 1685796399213
2546 1685796399247
2547 1685796399284
2548 1685796399317
2549 1685796399351
2550 1685796399383
2551 1685796399417
2552 1685796399451
2553 1685796399484
2554 1685796399519
2555 1685796399551
2556 1685796399584
2557 1685796399618
2558 1685796399651
2559 1685796399686
2560 1685796399718
2561 1685796399751
2562 1685796399786
2563 1685796399821
2564 1685796399857
2565 1685796399889
2566 1685796399919
2567 1685796399953
2568 1685796399987
2569 1685796400021
2570 1685796400053
2571 1685796400088
2572 1685796400124
2573 1685796400156
2574 1685796400190
2575 1685796400222
2576 1685796400255
2577 1685796400290
2578 1685796400324
2579 1685796400358
2580 1685796400390
2581 1685796400423
2582 1685796400457
2583 1685796400491
2584 1685796400526
2585 1685796400558
2586 1685796400591
2587 1685796400626
2588 1685796400659
2589 1685796400694
2590 1685796400726
2591 1685796400759
2592 1685796400794
2593 1685796400827
2594 1685796400862
2595 1685796400894
2596 1685796400927
2597 1685796400962
2598 1685796400995
2599 1685796401030
2600 1685796401062
2601 1685796401095
2602 1685796401130
2603 1685796401163
2604 1685796401198
2605 1685796401229
2606 1685796401263
2607 1685796401299
2608 1685796401348
2609 1685796401364
2610 1685796401402
2611 1685796401430
2612 1685796401464
2613 1685796401498
2614 1685796401532
2615 1685796401564
2616 1685796401598
2617 1685796401632
2618 1685796401672
2619 1685796401729
2620 1685796401765
2621 1685796401782
2622 1685796401801
2623 1685796401834
2624 1685796401868
2625 1685796401900
2626 1685796401934
2627 1685796401970
2628 1685796402005
2629 1685796402040
2630 1685796402071
2631 1685796402102
2632 1685796402136
2633 1685796402170
2634 1685796402205
2635 1685796402238
2636 1685796402273
2637 1685796402308
2638 1685796402339
2639 1685796402373
2640 1685796402404
2641 1685796402438
2642 1685796402473
2643 1685796402507
2644 1685796402542
2645 1685796402573
2646 1685796402607
2647 1685796402642
2648 1685796402675
2649 1685796402709
2650 1685796402741
2651 1685796402775
2652 1685796402809
2653 1685796402843
2654 1685796402877
2655 1685796402909
2656 1685796402943
2657 1685796402977
2658 1685796403011
2659 1685796403045
2660 1685796403077
2661 1685796403111
2662 1685796403145
2663 1685796403179
2664 1685796403214
2665 1685796403246
2666 1685796403280
2667 1685796403314
2668 1685796403348
2669 1685796403382
2670 1685796403414
2671 1685796403448
2672 1685796403483
2673 1685796403515
2674 1685796403550
2675 1685796403582
2676 1685796403616
2677 1685796403650
2678 1685796403683
2679 1685796403718
2680 1685796403750
2681 1685796403783
2682 1685796403817
2683 1685796403850
2684 1685796403885
2685 1685796403917
2686 1685796403951
2687 1685796403987
2688 1685796404021
2689 1685796404057
2690 1685796404085
2691 1685796404118
2692 1685796404153
2693 1685796404186
2694 1685796404221
2695 1685796404255
2696 1685796404292
2697 1685796404338
2698 1685796404357
2699 1685796404389
2700 1685796404420
2701 1685796404454
2702 1685796404488
2703 1685796404523
2704 1685796404559
2705 1685796404590
2706 1685796404624
2707 1685796404658
2708 1685796404692
2709 1685796404725
2710 1685796404757
2711 1685796404790
2712 1685796404825
2713 1685796404859
2714 1685796404893
2715 1685796404928
2716 1685796404962
2717 1685796404996
2718 1685796405027
2719 1685796405061
2720 1685796405093
2721 1685796405127
2722 1685796405161
2723 1685796405197
2724 1685796405231
2725 1685796405264
2726 1685796405295
2727 1685796405329
2728 1685796405363
2729 1685796405397
2730 1685796405429
2731 1685796405464
2732 1685796405499
2733 1685796405532
2734 1685796405566
2735 1685796405598
2736 1685796405631
2737 1685796405666
2738 1685796405699
2739 1685796405734
2740 1685796405766
2741 1685796405799
2742 1685796405834
2743 1685796405867
2744 1685796405902
2745 1685796405934
2746 1685796405967
2747 1685796406002
2748 1685796406035
2749 1685796406070
2750 1685796406102
2751 1685796406136
2752 1685796406170
2753 1685796406203
2754 1685796406238
2755 1685796406270
2756 1685796406303
2757 1685796406337
2758 1685796406371
2759 1685796406406
2760 1685796406438
2761 1685796406472
2762 1685796406506
2763 1685796406540
2764 1685796406575
2765 1685796406606
2766 1685796406640
2767 1685796406674
2768 1685796406708
2769 1685796406742
2770 1685796406774
2771 1685796406808
2772 1685796406842
2773 1685796406875
2774 1685796406909
2775 1685796406941
2776 1685796406974
2777 1685796407009
2778 1685796407042
2779 1685796407078
2780 1685796407110
2781 1685796407143
2782 1685796407178
2783 1685796407211
2784 1685796407246
2785 1685796407278
2786 1685796407311
2787 1685796407346
2788 1685796407380
2789 1685796407414
2790 1685796407445
2791 1685796407480
2792 1685796407515
2793 1685796407547
2794 1685796407580
2795 1685796407612
2796 1685796407646
2797 1685796407681
2798 1685796407715
2799 1685796407750
2800 1685796407782
2801 1685796407816
2802 1685796407850
2803 1685796407883
2804 1685796407918
2805 1685796407950
2806 1685796407984
2807 1685796408018
2808 1685796408050
2809 1685796408085
2810 1685796408117
2811 1685796408151
2812 1685796408185
2813 1685796408220
2814 1685796408265
2815 1685796408297
2816 1685796408321
2817 1685796408353
2818 1685796408386
2819 1685796408420
2820 1685796408453
2821 1685796408488
2822 1685796408546
2823 1685796408567
2824 1685796408602
2825 1685796408621
2826 1685796408654
2827 1685796408688
2828 1685796408722
2829 1685796408758
2830 1685796408794
2831 1685796408830
2832 1685796408862
2833 1685796408890
2834 1685796408924
2835 1685796408956
2836 1685796408990
2837 1685796409025
2838 1685796409061
2839 1685796409095
2840 1685796409127
2841 1685796409161
2842 1685796409193
2843 1685796409226
2844 1685796409261
2845 1685796409293
2846 1685796409328
2847 1685796409362
2848 1685796409396
2849 1685796409430
2850 1685796409463
2851 1685796409495
2852 1685796409530
2853 1685796409564
2854 1685796409598
2855 1685796409630
2856 1685796409663
2857 1685796409698
2858 1685796409732
2859 1685796409766
2860 1685796409797
2861 1685796409832
2862 1685796409866
2863 1685796409899
2864 1685796409934
2865 1685796409966
2866 1685796409999
2867 1685796410034
2868 1685796410067
2869 1685796410102
2870 1685796410134
2871 1685796410167
2872 1685796410201
2873 1685796410236
2874 1685796410270
2875 1685796410302
2876 1685796410335
2877 1685796410370
2878 1685796410403
2879 1685796410438
2880 1685796410470
2881 1685796410504
2882 1685796410539
2883 1685796410571
2884 1685796410606
2885 1685796410638
2886 1685796410672
2887 1685796410706
2888 1685796410740
2889 1685796410774
2890 1685796410806
2891 1685796410840
2892 1685796410874
2893 1685796410908
2894 1685796410943
2895 1685796410974
2896 1685796411007
2897 1685796411041
2898 1685796411075
2899 1685796411109
2900 1685796411141
2901 1685796411175
2902 1685796411209
2903 1685796411243
2904 1685796411277
2905 1685796411311
2906 1685796411345
2907 1685796411379
2908 1685796411412
2909 1685796411447
2910 1685796411479
2911 1685796411512
2912 1685796411545
2913 1685796411578
2914 1685796411613
2915 1685796411645
2916 1685796411683
2917 1685796411721
2918 1685796411775
2919 1685796411791
2920 1685796411844
2921 1685796411881
2922 1685796411915
2923 1685796411950
2924 1685796411983
2925 1685796412016
2926 1685796412051
2927 1685796412084
2928 1685796412117
2929 1685796412149
2930 1685796412183
2931 1685796412217
2932 1685796412251
2933 1685796412287
2934 1685796412320
2935 1685796412353
2936 1685796412386
2937 1685796412420
2938 1685796412453
2939 1685796412486
2940 1685796412519
2941 1685796412554
2942 1685796412587
2943 1685796412622
2944 1685796412654
2945 1685796412688
2946 1685796412721
2947 1685796412755
2948 1685796412790
2949 1685796412822
2950 1685796412856
2951 1685796412890
2952 1685796412924
2953 1685796412958
2954 1685796412989
2955 1685796413022
2956 1685796413057
2957 1685796413091
2958 1685796413125
2959 1685796413157
2960 1685796413192
2961 1685796413226
2962 1685796413260
2963 1685796413294
2964 1685796413326
2965 1685796413360
2966 1685796413394
2967 1685796413428
2968 1685796413462
2969 1685796413494
2970 1685796413527
2971 1685796413562
2972 1685796413600
2973 1685796413642
2974 1685796413669
2975 1685796413694
2976 1685796413729
2977 1685796413762
2978 1685796413796
2979 1685796413829
2980 1685796413864
2981 1685796413900
2982 1685796413934
2983 1685796413966
2984 1685796413997
2985 1685796414030
2986 1685796414065
2987 1685796414098
2988 1685796414134
2989 1685796414167
2990 1685796414201
2991 1685796414234
2992 1685796414266
2993 1685796414301
2994 1685796414333
2995 1685796414366
2996 1685796414401
2997 1685796414435
2998 1685796414470
2999 1685796414502
3000 1685796414536
3001 1685796414569
3002 1685796414604
3003 1685796414637
3004 1685796414669
3005 1685796414703
3006 1685796414737
3007 1685796414771
3008 1685796414805
3009 1685796414837
3010 1685796414871
3011 1685796414905
3012 1685796414939
3013 1685796414973
3014 1685796415005
3015 1685796415039
3016 1685796415073
3017 1685796415107
3018 1685796415141
3019 1685796415173
3020 1685796415207
3021 1685796415241
3022 1685796415274
3023 1685796415309
3024 1685796415341
3025 1685796415375
3026 1685796415409
3027 1685796415443
3028 1685796415477
3029 1685796415509
3030 1685796415543
3031 1685796415577
3032 1685796415611
3033 1685796415645
3034 1685796415677
3035 1685796415711
3036 1685796415745
3037 1685796415779
3038 1685796415813
3039 1685796415845
3040 1685796415879
3041 1685796415913
3042 1685796415947
3043 1685796415981
3044 1685796416012
3045 1685796416046
3046 1685796416080
3047 1685796416114
3048 1685796416149
3049 1685796416181
3050 1685796416215
3051 1685796416251
3052 1685796416285
3053 1685796416320
3054 1685796416349
3055 1685796416382
3056 1685796416416
3057 1685796416450
3058 1685796416485
3059 1685796416518
3060 1685796416552
3061 1685796416586
3062 1685796416619
3063 1685796416654
3064 1685796416686
3065 1685796416720
3066 1685796416753
3067 1685796416787
3068 1685796416821
3069 1685796416853
3070 1685796416887
3071 1685796416922
3072 1685796416956
3073 1685796416990
3074 1685796417022
3075 1685796417055
3076 1685796417090
3077 1685796417122
3078 1685796417156
3079 1685796417189
3080 1685796417222
3081 1685796417257
3082 1685796417291
3083 1685796417326
3084 1685796417359
3085 1685796417392
3086 1685796417426
3087 1685796417458
3088 1685796417493
3089 1685796417525
3090 1685796417558
3091 1685796417593
3092 1685796417627
3093 1685796417661
3094 1685796417693
3095 1685796417727
3096 1685796417762
3097 1685796417795
3098 1685796417829
3099 1685796417861
3100 1685796417895
3101 1685796417929
3102 1685796417963
3103 1685796417998
3104 1685796418030
3105 1685796418063
3106 1685796418098
3107 1685796418131
3108 1685796418166
3109 1685796418198
3110 1685796418231
3111 1685796418266
3112 1685796418299
3113 1685796418334
3114 1685796418366
3115 1685796418400
3116 1685796418434
3117 1685796418468
3118 1685796418502
3119 1685796418535
3120 1685796418568
3121 1685796418601
3122 1685796418634
3123 1685796418669
3124 1685796418702
3125 1685796418735
3126 1685796418770
3127 1685796418804
3128 1685796418839
3129 1685796418870
3130 1685796418904
3131 1685796418938
3132 1685796418973
3133 1685796419006
3134 1685796419038
3135 1685796419073
3136 1685796419106
3137 1685796419139
3138 1685796419173
3139 1685796419205
3140 1685796419239
3141 1685796419274
3142 1685796419307
3143 1685796419342
3144 1685796419375
3145 1685796419408
3146 1685796419442
3147 1685796419476
3148 1685796419510
3149 1685796419542
3150 1685796419576
3151 1685796419610
3152 1685796419644
3153 1685796419678
3154 1685796419709
3155 1685796419744
3156 1685796419779
3157 1685796419811
3158 1685796419846
3159 1685796419878
3160 1685796419912
3161 1685796419946
3162 1685796419979
3163 1685796420013
3164 1685796420045
3165 1685796420079
3166 1685796420113
3167 1685796420147
3168 1685796420181
3169 1685796420213
3170 1685796420247
3171 1685796420282
3172 1685796420316
3173 1685796420350
3174 1685796420382
3175 1685796420415
3176 1685796420450
3177 1685796420483
3178 1685796420518
3179 1685796420550
3180 1685796420584
3181 1685796420618
3182 1685796420651
3183 1685796420686
3184 1685796420718
3185 1685796420751
3186 1685796420786
3187 1685796420819
3188 1685796420854
3189 1685796420886
3190 1685796420919
3191 1685796420954
3192 1685796420987
3193 1685796421022
3194 1685796421054
3195 1685796421087
3196 1685796421122
3197 1685796421155
3198 1685796421190
3199 1685796421222
3200 1685796421255
3201 1685796421290
3202 1685796421323
3203 1685796421358
3204 1685796421390
3205 1685796421424
3206 1685796421458
3207 1685796421491
3208 1685796421526
3209 1685796421558
3210 1685796421591
3211 1685796421626
3212 1685796421659
3213 1685796421694
3214 1685796421725
3215 1685796421758
3216 1685796421792
3217 1685796421827
3218 1685796421861
3219 1685796421893
3220 1685796421928
3221 1685796421962
3222 1685796421996
3223 1685796422030
3224 1685796422062
3225 1685796422096
3226 1685796422129
3227 1685796422162
3228 1685796422197
3229 1685796422229
3230 1685796422262
3231 1685796422298
3232 1685796422332
3233 1685796422367
3234 1685796422398
3235 1685796422432
3236 1685796422467
3237 1685796422499
3238 1685796422533
3239 1685796422565
3240 1685796422598
3241 1685796422633
3242 1685796422667
3243 1685796422702
3244 1685796422736
3245 1685796422770
3246 1685796422803
3247 1685796422834
3248 1685796422869
3249 1685796422901
3250 1685796422935
3251 1685796422971
3252 1685796423008
3253 1685796423042
3254 1685796423072
3255 1685796423102
3256 1685796423137
3257 1685796423170
3258 1685796423205
3259 1685796423238
3260 1685796423273
3261 1685796423308
3262 1685796423339
3263 1685796423373
3264 1685796423406
3265 1685796423438
3266 1685796423473
3267 1685796423507
3268 1685796423541
3269 1685796423573
3270 1685796423607
3271 1685796423641
3272 1685796423675
3273 1685796423709
3274 1685796423741
3275 1685796423779
3276 1685796423816
3277 1685796423850
3278 1685796423878
3279 1685796423908
3280 1685796423942
3281 1685796423976
3282 1685796424010
3283 1685796424046
3284 1685796424080
3285 1685796424114
3286 1685796424148
3287 1685796424179
3288 1685796424213
3289 1685796424246
3290 1685796424279
3291 1685796424314
3292 1685796424348
3293 1685796424383
3294 1685796424415
3295 1685796424446
3296 1685796424481
3297 1685796424515
3298 1685796424549
3299 1685796424582
3300 1685796424617
3301 1685796424651
3302 1685796424685
3303 1685796424719
3304 1685796424749
3305 1685796424782
3306 1685796424817
3307 1685796424850
3308 1685796424886
3309 1685796424922
3310 1685796424955
3311 1685796424989
3312 1685796425018
3313 1685796425053
3314 1685796425084
3315 1685796425118
3316 1685796425154
3317 1685796425191
3318 1685796425230
3319 1685796425259
3320 1685796425287
3321 1685796425320
3322 1685796425354
3323 1685796425389
3324 1685796425421
3325 1685796425458
3326 1685796425497
3327 1685796425529
3328 1685796425567
3329 1685796425589
3330 1685796425622
3331 1685796425657
3332 1685796425690
3333 1685796425726
3334 1685796425760
3335 1685796425794
3336 1685796425827
3337 1685796425860
3338 1685796425894
3339 1685796425925
3340 1685796425958
3341 1685796425993
3342 1685796426027
3343 1685796426061
3344 1685796426094
3345 1685796426128
3346 1685796426163
3347 1685796426197
3348 1685796426231
3349 1685796426263
3350 1685796426297
3351 1685796426329
3352 1685796426363
3353 1685796426397
3354 1685796426430
3355 1685796426463
3356 1685796426498
3357 1685796426531
3358 1685796426566
3359 1685796426598
3360 1685796426631
3361 1685796426667
3362 1685796426702
3363 1685796426736
3364 1685796426766
3365 1685796426798
3366 1685796426833
3367 1685796426867
3368 1685796426902
3369 1685796426935
3370 1685796426970
3371 1685796427004
3372 1685796427035
3373 1685796427069
3374 1685796427101
3375 1685796427135
3376 1685796427169
3377 1685796427203
3378 1685796427238
3379 1685796427271
3380 1685796427304
3381 1685796427339
3382 1685796427372
3383 1685796427407
3384 1685796427439
3385 1685796427476
3386 1685796427516
3387 1685796427541
3388 1685796427572
3389 1685796427605
3390 1685796427639
3391 1685796427673
3392 1685796427707
3393 1685796427745
3394 1685796427779
3395 1685796427813
3396 1685796427842
3397 1685796427875
3398 1685796427909
3399 1685796427941
3400 1685796427975
3401 1685796428012
3402 1685796428050
3403 1685796428090
3404 1685796428116
3405 1685796428143
3406 1685796428176
3407 1685796428210
3408 1685796428245
3409 1685796428278
3410 1685796428313
3411 1685796428347
3412 1685796428381
3413 1685796428415
3414 1685796428447
3415 1685796428479
3416 1685796428514
3417 1685796428547
3418 1685796428581
3419 1685796428613
3420 1685796428647
3421 1685796428683
3422 1685796428719
3423 1685796428755
3424 1685796428782
3425 1685796428814
3426 1685796428849
3427 1685796428882
3428 1685796428918
3429 1685796428955
3430 1685796428989
3431 1685796429038
3432 1685796429052
3433 1685796429085
3434 1685796429116
3435 1685796429150
3436 1685796429185
3437 1685796429221
3438 1685796429260
3439 1685796429306
3440 1685796429323
3441 1685796429353
3442 1685796429386
3443 1685796429420
3444 1685796429453
3445 1685796429489
3446 1685796429531
3447 1685796429561
3448 1685796429592
3449 1685796429621
3450 1685796429654
3451 1685796429688
3452 1685796429722
3453 1685796429758
3454 1685796429795
3455 1685796429828
3456 1685796429862
3457 1685796429890
3458 1685796429924
3459 1685796429956
3460 1685796429990
3461 1685796430026
3462 1685796430061
3463 1685796430094
3464 1685796430127
3465 1685796430161
3466 1685796430195
3467 1685796430226
3468 1685796430261
3469 1685796430293
3470 1685796430326
3471 1685796430361
3472 1685796430395
3473 1685796430431
3474 1685796430466
3475 1685796430514
3476 1685796430531
3477 1685796430562
3478 1685796430596
3479 1685796430629
3480 1685796430662
3481 1685796430698
3482 1685796430733
3483 1685796430768
3484 1685796430799
3485 1685796430833
3486 1685796430867
3487 1685796430899
3488 1685796430933
3489 1685796430965
3490 1685796430998
3491 1685796431033
3492 1685796431068
3493 1685796431104
3494 1685796431136
3495 1685796431168
3496 1685796431201
3497 1685796431234
3498 1685796431269
3499 1685796431301
3500 1685796431337
3501 1685796431373
3502 1685796431424
3503 1685796431443
3504 1685796431469
3505 1685796431503
3506 1685796431537
3507 1685796431570
3508 1685796431606
3509 1685796431639
3510 1685796431674
3511 1685796431707
3512 1685796431739
3513 1685796431774
3514 1685796431806
3515 1685796431839
3516 1685796431873
3517 1685796431908
3518 1685796431942
3519 1685796431974
3520 1685796432008
3521 1685796432042
3522 1685796432076
3523 1685796432110
3524 1685796432142
3525 1685796432176
3526 1685796432210
3527 1685796432244
3528 1685796432278
3529 1685796432311
3530 1685796432344
3531 1685796432378
3532 1685796432412
3533 1685796432446
3534 1685796432479
3535 1685796432512
3536 1685796432546
3537 1685796432580
3538 1685796432615
3539 1685796432647
3540 1685796432680
3541 1685796432714
3542 1685796432748
3543 1685796432783
3544 1685796432813
3545 1685796432846
3546 1685796432881
3547 1685796432915
3548 1685796432950
3549 1685796432985
3550 1685796433019
3551 1685796433054
3552 1685796433087
3553 1685796433117
3554 1685796433149
3555 1685796433183
3556 1685796433217
3557 1685796433250
3558 1685796433288
3559 1685796433335
3560 1685796433375
3561 1685796433394
3562 1685796433418
3563 1685796433452
3564 1685796433485
3565 1685796433519
3566 1685796433555
3567 1685796433591
3568 1685796433632
3569 1685796433660
3570 1685796433687
3571 1685796433720
3572 1685796433754
3573 1685796433789
3574 1685796433824
3575 1685796433860
3576 1685796433912
3577 1685796433926
3578 1685796433989
3579 1685796434023
3580 1685796434058
3581 1685796434092
3582 1685796434126
3583 1685796434158
3584 1685796434192
3585 1685796434226
3586 1685796434260
3587 1685796434294
3588 1685796434326
3589 1685796434360
3590 1685796434394
3591 1685796434428
3592 1685796434462
3593 1685796434495
3594 1685796434528
3595 1685796434562
3596 1685796434595
3597 1685796434630
3598 1685796434662
3599 1685796434696
3600 1685796434730
3601 1685796434764
3602 1685796434798
3603 1685796434830
3604 1685796434864
3605 1685796434898
3606 1685796434932
3607 1685796434966
3608 1685796434998
3609 1685796435032
3610 1685796435066
3611 1685796435100
3612 1685796435134
3613 1685796435166
3614 1685796435200
3615 1685796435234
3616 1685796435268
3617 1685796435301
3618 1685796435334
3619 1685796435368
3620 1685796435402
3621 1685796435436
3622 1685796435470
3623 1685796435502
3624 1685796435536
3625 1685796435570
3626 1685796435604
3627 1685796435638
3628 1685796435670
3629 1685796435704
3630 1685796435738
3631 1685796435772
3632 1685796435806
3633 1685796435838
3634 1685796435872
3635 1685796435906
3636 1685796435940
3637 1685796435974
3638 1685796436006
3639 1685796436040
3640 1685796436074
3641 1685796436108
3642 1685796436142
3643 1685796436174
3644 1685796436208
3645 1685796436242
3646 1685796436275
3647 1685796436310
3648 1685796436342
3649 1685796436376
3650 1685796436410
3651 1685796436445
3652 1685796436479
3653 1685796436511
3654 1685796436543
3655 1685796436578
3656 1685796436611
3657 1685796436646
3658 1685796436678
3659 1685796436712
3660 1685796436746
3661 1685796436779
3662 1685796436815
3663 1685796436847
3664 1685796436880
3665 1685796436915
3666 1685796436948
3667 1685796436983
3668 1685796437015
3669 1685796437049
3670 1685796437083
3671 1685796437116
3672 1685796437151
3673 1685796437183
3674 1685796437216
3675 1685796437251
3676 1685796437284
3677 1685796437319
3678 1685796437351
3679 1685796437385
3680 1685796437418
3681 1685796437452
3682 1685796437487
3683 1685796437519
3684 1685796437552
3685 1685796437587
3686 1685796437620
3687 1685796437654
3688 1685796437687
3689 1685796437720
3690 1685796437755
3691 1685796437788
3692 1685796437823
3693 1685796437854
3694 1685796437888
3695 1685796437923
3696 1685796437957
3697 1685796437991
3698 1685796438023
3699 1685796438056
3700 1685796438091
3701 1685796438124
3702 1685796438159
3703 1685796438195
3704 1685796438232
3705 1685796438265
3706 1685796438290
3707 1685796438325
3708 1685796438357
3709 1685796438391
3710 1685796438428
3711 1685796438464
3712 1685796438515
3713 1685796438533
3714 1685796438559
3715 1685796438593
3716 1685796438627
3717 1685796438661
3718 1685796438695
3719 1685796438731
3720 1685796438768
3721 1685796438800
3722 1685796438829
3723 1685796438861
3724 1685796438895
3725 1685796438929
3726 1685796438964
3727 1685796439001
3728 1685796439034
3729 1685796439068
3730 1685796439097
3731 1685796439131
3732 1685796439165
3733 1685796439198
3734 1685796439232
3735 1685796439269
3736 1685796439307
3737 1685796439336
3738 1685796439365
3739 1685796439399
3740 1685796439433
3741 1685796439467
3742 1685796439504
3743 1685796439551
3744 1685796439588
3745 1685796439617
3746 1685796439634
3747 1685796439669
3748 1685796439701
3749 1685796439735
3750 1685796439772
3751 1685796439810
3752 1685796439846
3753 1685796439874
3754 1685796439902
3755 1685796439937
3756 1685796439971
3757 1685796440005
3758 1685796440038
3759 1685796440073
3760 1685796440111
3761 1685796440142
3762 1685796440175
3763 1685796440205
3764 1685796440239
3765 1685796440273
3766 1685796440307
3767 1685796440343
3768 1685796440376
3769 1685796440408
3770 1685796440442
3771 1685796440475
3772 1685796440510
3773 1685796440542
3774 1685796440575
3775 1685796440610
3776 1685796440644
3777 1685796440678
3778 1685796440710
3779 1685796440743
3780 1685796440779
3781 1685796440812
3782 1685796440846
3783 1685796440878
3784 1685796440912
3785 1685796440946
3786 1685796440980
3787 1685796441015
3788 1685796441047
3789 1685796441080
3790 1685796441114
3791 1685796441148
3792 1685796441183
3793 1685796441215
3794 1685796441246
3795 1685796441280
3796 1685796441314
3797 1685796441349
3798 1685796441381
3799 1685796441415
3800 1685796441451
3801 1685796441488
3802 1685796441539
3803 1685796441560
3804 1685796441617
3805 1685796441651
3806 1685796441686
3807 1685796441717
3808 1685796441751
3809 1685796441787
3810 1685796441823
3811 1685796441857
3812 1685796441887
3813 1685796441919
3814 1685796441953
3815 1685796441987
3816 1685796442022
3817 1685796442056
3818 1685796442090
3819 1685796442125
3820 1685796442154
3821 1685796442189
3822 1685796442221
3823 1685796442254
3824 1685796442289
3825 1685796442325
3826 1685796442362
3827 1685796442394
3828 1685796442427
3829 1685796442457
3830 1685796442490
3831 1685796442524
3832 1685796442558
3833 1685796442593
3834 1685796442632
3835 1685796442671
3836 1685796442696
3837 1685796442725
3838 1685796442758
3839 1685796442792
3840 1685796442827
3841 1685796442862
3842 1685796442901
3843 1685796442934
3844 1685796442969
3845 1685796442994
3846 1685796443028
3847 1685796443060
3848 1685796443095
3849 1685796443130
3850 1685796443165
3851 1685796443200
3852 1685796443230
3853 1685796443263
3854 1685796443296
3855 1685796443331
3856 1685796443365
3857 1685796443397
3858 1685796443431
3859 1685796443465
3860 1685796443499
3861 1685796443533
3862 1685796443565
3863 1685796443599
3864 1685796443633
3865 1685796443667
3866 1685796443701
3867 1685796443733
3868 1685796443767
3869 1685796443801
3870 1685796443835
3871 1685796443869
3872 1685796443901
3873 1685796443935
3874 1685796443970
3875 1685796444003
3876 1685796444037
3877 1685796444069
3878 1685796444103
3879 1685796444137
3880 1685796444170
3881 1685796444205
3882 1685796444236
3883 1685796444270
3884 1685796444305
3885 1685796444339
3886 1685796444374
3887 1685796444407
3888 1685796444440
3889 1685796444473
3890 1685796444506
3891 1685796444541
3892 1685796444573
3893 1685796444606
3894 1685796444641
3895 1685796444675
3896 1685796444709
3897 1685796444741
3898 1685796444775
3899 1685796444809
3900 1685796444842
3901 1685796444878
3902 1685796444910
3903 1685796444944
3904 1685796444977
3905 1685796445010
3906 1685796445045
3907 1685796445077
3908 1685796445111
3909 1685796445147
3910 1685796445181
3911 1685796445216
3912 1685796445246
3913 1685796445278
3914 1685796445313
3915 1685796445347
3916 1685796445380
3917 1685796445413
3918 1685796445447
3919 1685796445481
3920 1685796445515
3921 1685796445549
3922 1685796445581
3923 1685796445615
3924 1685796445649
3925 1685796445683
3926 1685796445717
3927 1685796445749
3928 1685796445783
3929 1685796445817
3930 1685796445851
3931 1685796445885
3932 1685796445921
3933 1685796445955
3934 1685796445990
3935 1685796446018
3936 1685796446052
3937 1685796446084
3938 1685796446118
3939 1685796446152
3940 1685796446187
3941 1685796446223
3942 1685796446255
3943 1685796446289
3944 1685796446321
3945 1685796446354
3946 1685796446389
3947 1685796446421
3948 1685796446454
3949 1685796446489
3950 1685796446523
3951 1685796446558
3952 1685796446590
3953 1685796446623
3954 1685796446658
3955 1685796446691
3956 1685796446726
3957 1685796446758
3958 1685796446791
3959 1685796446825
3960 1685796446859
3961 1685796446893
3962 1685796446925
3963 1685796446964
3964 1685796446999
3965 1685796447043
3966 1685796447062
3967 1685796447093
3968 1685796447131
3969 1685796447168
3970 1685796447196
3971 1685796447228
3972 1685796447267
3973 1685796447301
3974 1685796447330
3975 1685796447362
3976 1685796447396
3977 1685796447428
3978 1685796447468
3979 1685796447504
3980 1685796447547
3981 1685796447566
3982 1685796447596
3983 1685796447630
3984 1685796447664
3985 1685796447699
3986 1685796447733
3987 1685796447766
3988 1685796447799
3989 1685796447838
3990 1685796447873
3991 1685796447908
3992 1685796447935
3993 1685796447966
3994 1685796448000
3995 1685796448034
3996 1685796448068
3997 1685796448101
3998 1685796448137
3999 1685796448170
4000 1685796448204
4001 1685796448237
4002 1685796448268
4003 1685796448302
4004 1685796448336
4005 1685796448370
4006 1685796448404
4007 1685796448436
4008 1685796448470
4009 1685796448505
4010 1685796448544
4011 1685796448580
4012 1685796448633
4013 1685796448653
4014 1685796448706
4015 1685796448739
4016 1685796448770
4017 1685796448807
4018 1685796448840
4019 1685796448876
4020 1685796448908
4021 1685796448940
4022 1685796448976
4023 1685796449008
4024 1685796449043
4025 1685796449075
4026 1685796449107
4027 1685796449143
4028 1685796449175
4029 1685796449211
4030 1685796449245
4031 1685796449276
4032 1685796449312
4033 1685796449344
4034 1685796449380
4035 1685796449411
4036 1685796449443
4037 1685796449478
4038 1685796449511
4039 1685796449547
4040 1685796449579
4041 1685796449612
4042 1685796449649
4043 1685796449681
4044 1685796449715
4045 1685796449746
4046 1685796449778
4047 1685796449815
4048 1685796449846
4049 1685796449883
4050 1685796449917
4051 1685796449953
4052 1685796450004
4053 1685796450024
4054 1685796450083
4055 1685796450115
4056 1685796450151
4057 1685796450183
4058 1685796450220
4059 1685796450252
4060 1685796450286
4061 1685796450320
4062 1685796450352
4063 1685796450388
4064 1685796450421
4065 1685796450453
4066 1685796450487
4067 1685796450519
4068 1685796450555
4069 1685796450587
4070 1685796450619
4071 1685796450656
4072 1685796450688
4073 1685796450723
4074 1685796450756
4075 1685796450788
4076 1685796450824
4077 1685796450856
4078 1685796450892
