1 1708179727921
2 1708179727978
3 1708179728031
4 1708179728084
5 1708179728138
6 1708179728194
7 1708179728254
8 1708179728312
9 1708179728374
10 1708179728433
11 1708179728492
12 1708179728551
13 1708179728611
14 1708179728669
15 1708179728728
16 1708179728788
17 1708179728845
18 1708179728903
19 1708179728962
20 1708179729021
21 1708179729079
22 1708179729138
23 1708179729197
24 1708179729259
25 1708179729319
26 1708179729379
27 1708179729437
28 1708179729500
29 1708179729562
30 1708179729622
31 1708179729681
32 1708179729741
33 1708179729801
34 1708179729861
35 1708179729922
36 1708179729984
37 1708179730047
38 1708179730105
39 1708179730162
40 1708179730223
41 1708179730284
42 1708179730344
43 1708179730407
44 1708179730469
45 1708179730523
46 1708179730577
47 1708179730637
48 1708179730699
49 1708179730753
50 1708179730808
51 1708179730867
52 1708179730924
53 1708179730984
54 1708179731042
55 1708179731094
56 1708179731149
57 1708179731209
58 1708179731267
59 1708179731331
60 1708179731393
61 1708179731451
62 1708179731511
63 1708179731571
64 1708179731631
65 1708179731691
66 1708179731751
67 1708179731811
68 1708179731876
69 1708179731935
70 1708179731997
71 1708179732055
72 1708179732115
73 1708179732177
74 1708179732236
75 1708179732295
76 1708179732356
77 1708179732420
78 1708179732480
79 1708179732539
80 1708179732599
81 1708179732662
82 1708179732719
83 1708179732779
84 1708179732842
85 1708179732903
86 1708179732968
87 1708179733031
88 1708179733084
89 1708179733144
90 1708179733206
91 1708179733266
92 1708179733324
93 1708179733383
94 1708179733450
95 1708179733511
96 1708179733592
97 1708179733646
98 1708179733702
99 1708179733762
100 1708179733818
101 1708179733872
102 1708179733934
103 1708179733996
104 1708179734056
105 1708179734112
106 1708179734174
107 1708179734235
108 1708179734295
109 1708179734351
110 1708179734415
111 1708179734483
112 1708179734538
113 1708179734597
114 1708179734659
115 1708179734718
116 1708179734776
117 1708179734836
118 1708179734899
119 1708179734958
120 1708179735024
121 1708179735080
122 1708179735143
123 1708179735203
124 1708179735260
125 1708179735321
126 1708179735383
127 1708179735442
128 1708179735503
129 1708179735564
130 1708179735626
131 1708179735697
132 1708179735754
133 1708179735810
134 1708179735868
135 1708179735928
136 1708179735986
137 1708179736049
138 1708179736111
139 1708179736169
140 1708179736233
141 1708179736290
142 1708179736351
143 1708179736411
144 1708179736468
145 1708179736529
146 1708179736594
147 1708179736657
148 1708179736715
149 1708179736772
150 1708179736835
151 1708179736894
152 1708179736955
153 1708179737012
154 1708179737079
155 1708179737139
156 1708179737200
157 1708179737256
158 1708179737318
159 1708179737378
160 1708179737439
161 1708179737506
162 1708179737562
163 1708179737625
164 1708179737684
165 1708179737740
166 1708179737802
167 1708179737862
168 1708179737926
169 1708179737980
170 1708179738046
171 1708179738106
172 1708179738164
173 1708179738226
174 1708179738285
175 1708179738346
176 1708179738405
177 1708179738465
178 1708179738525
179 1708179738586
180 1708179738649
181 1708179738710
182 1708179738769
183 1708179738830
184 1708179738887
185 1708179738950
186 1708179739011
187 1708179739068
188 1708179739127
189 1708179739193
190 1708179739253
191 1708179739311
192 1708179739371
193 1708179739433
194 1708179739492
195 1708179739551
196 1708179739611
197 1708179739678
198 1708179739736
199 1708179739795
200 1708179739856
201 1708179739917
202 1708179739975
203 1708179740035
204 1708179740096
205 1708179740159
206 1708179740219
207 1708179740280
208 1708179740341
209 1708179740400
210 1708179740462
211 1708179740519
212 1708179740579
213 1708179740641
214 1708179740704
215 1708179740764
216 1708179740827
217 1708179740884
218 1708179740945
219 1708179741004
220 1708179741063
221 1708179741125
222 1708179741185
223 1708179741248
224 1708179741307
225 1708179741370
226 1708179741431
227 1708179741488
228 1708179741548
229 1708179741610
230 1708179741671
231 1708179741732
232 1708179741792
233 1708179741853
234 1708179741913
235 1708179741974
236 1708179742034
237 1708179742093
238 1708179742153
239 1708179742214
240 1708179742277
241 1708179742338
242 1708179742398
243 1708179742459
244 1708179742516
245 1708179742578
246 1708179742638
247 1708179742703
248 1708179742762
249 1708179742820
250 1708179742882
251 1708179742943
252 1708179743001
253 1708179743061
254 1708179743123
255 1708179743184
256 1708179743240
257 1708179743304
258 1708179743366
259 1708179743428
260 1708179743490
261 1708179743544
262 1708179743607
263 1708179743669
264 1708179743726
265 1708179743786
266 1708179743850
267 1708179743911
268 1708179743968
269 1708179744030
270 1708179744091
271 1708179744151
272 1708179744208
273 1708179744270
274 1708179744330
275 1708179744393
276 1708179744451
277 1708179744515
278 1708179744576
279 1708179744636
280 1708179744695
281 1708179744752
282 1708179744814
283 1708179744879
284 1708179744936
285 1708179744996
286 1708179745058
287 1708179745120
288 1708179745177
289 1708179745238
290 1708179745297
291 1708179745358
292 1708179745420
293 1708179745479
294 1708179745539
295 1708179745601
296 1708179745661
297 1708179745719
298 1708179745780
299 1708179745840
300 1708179745904
301 1708179745965
302 1708179746024
303 1708179746084
304 1708179746147
305 1708179746204
306 1708179746264
307 1708179746325
308 1708179746387
309 1708179746448
310 1708179746509
311 1708179746568
312 1708179746631
313 1708179746690
314 1708179746747
315 1708179746809
316 1708179746868
317 1708179746930
318 1708179746992
319 1708179747051
320 1708179747112
321 1708179747175
322 1708179747235
323 1708179747292
324 1708179747352
325 1708179747414
326 1708179747476
327 1708179747536
328 1708179747597
329 1708179747659
330 1708179747716
331 1708179747776
332 1708179747837
333 1708179747897
334 1708179747958
335 1708179748020
336 1708179748081
337 1708179748142
338 1708179748203
339 1708179748269
340 1708179748327
341 1708179748384
342 1708179748449
343 1708179748505
344 1708179748565
345 1708179748626
346 1708179748686
347 1708179748745
348 1708179748807
349 1708179748866
350 1708179748928
351 1708179748988
352 1708179749050
353 1708179749110
354 1708179749171
355 1708179749228
356 1708179749289
357 1708179749351
358 1708179749411
359 1708179749470
360 1708179749531
361 1708179749594
362 1708179749656
363 1708179749715
364 1708179749774
365 1708179749836
366 1708179749894
367 1708179749951
368 1708179750014
369 1708179750079
370 1708179750139
371 1708179750196
372 1708179750258
373 1708179750319
374 1708179750378
375 1708179750439
376 1708179750498
377 1708179750559
378 1708179750627
379 1708179750684
380 1708179750742
381 1708179750802
382 1708179750862
383 1708179750921
384 1708179750981
385 1708179751044
386 1708179751107
387 1708179751167
388 1708179751225
389 1708179751285
390 1708179751345
391 1708179751405
392 1708179751466
393 1708179751527
394 1708179751587
395 1708179751649
396 1708179751709
397 1708179751771
398 1708179751831
399 1708179751892
400 1708179751949
401 1708179752012
402 1708179752072
403 1708179752128
404 1708179752193
405 1708179752255
406 1708179752315
407 1708179752378
408 1708179752435
409 1708179752494
410 1708179752555
411 1708179752611
412 1708179752679
413 1708179752746
414 1708179752816
415 1708179752870
416 1708179752926
417 1708179752981
418 1708179753042
419 1708179753107
420 1708179753161
421 1708179753223
422 1708179753283
423 1708179753342
424 1708179753400
425 1708179753464
426 1708179753523
427 1708179753584
428 1708179753639
429 1708179753701
430 1708179753775
431 1708179753831
432 1708179753885
433 1708179753946
434 1708179754008
435 1708179754065
436 1708179754128
437 1708179754187
438 1708179754250
439 1708179754311
440 1708179754370
441 1708179754431
442 1708179754493
443 1708179754551
444 1708179754611
445 1708179754670
446 1708179754731
447 1708179754792
448 1708179754852
449 1708179754913
450 1708179754974
451 1708179755032
452 1708179755094
453 1708179755154
454 1708179755214
455 1708179755277
456 1708179755336
457 1708179755396
458 1708179755456
459 1708179755516
460 1708179755576
461 1708179755637
462 1708179755695
463 1708179755756
464 1708179755823
465 1708179755879
466 1708179755939
467 1708179755999
468 1708179756060
469 1708179756120
470 1708179756179
471 1708179756239
472 1708179756303
473 1708179756364
474 1708179756424
475 1708179756483
476 1708179756543
477 1708179756604
478 1708179756663
479 1708179756724
480 1708179756783
481 1708179756848
482 1708179756911
483 1708179756968
484 1708179757027
485 1708179757087
486 1708179757150
487 1708179757211
488 1708179757268
489 1708179757328
490 1708179757394
491 1708179757454
492 1708179757511
493 1708179757572
494 1708179757633
495 1708179757694
496 1708179757754
497 1708179757814
498 1708179757878
499 1708179757935
500 1708179757995
501 1708179758059
502 1708179758116
503 1708179758175
504 1708179758235
505 1708179758298
506 1708179758356
507 1708179758419
508 1708179758479
509 1708179758543
510 1708179758601
511 1708179758660
512 1708179758720
513 1708179758780
514 1708179758842
515 1708179758902
516 1708179758963
517 1708179759026
518 1708179759085
519 1708179759144
520 1708179759203
521 1708179759265
522 1708179759325
523 1708179759385
524 1708179759449
525 1708179759509
526 1708179759568
527 1708179759629
528 1708179759688
529 1708179759749
530 1708179759809
531 1708179759867
532 1708179759927
533 1708179759994
534 1708179760052
535 1708179760111
536 1708179760171
537 1708179760231
538 1708179760291
539 1708179760351
540 1708179760414
541 1708179760478
542 1708179760537
543 1708179760595
544 1708179760655
545 1708179760716
546 1708179760779
547 1708179760836
548 1708179760895
549 1708179760958
550 1708179761020
551 1708179761080
552 1708179761139
553 1708179761201
554 1708179761261
555 1708179761320
556 1708179761380
557 1708179761440
558 1708179761505
559 1708179761564
560 1708179761623
561 1708179761683
562 1708179761746
563 1708179761804
564 1708179761864
565 1708179761925
566 1708179761984
567 1708179762048
568 1708179762107
569 1708179762168
570 1708179762228
571 1708179762289
572 1708179762347
573 1708179762408
574 1708179762468
575 1708179762528
576 1708179762591
577 1708179762652
578 1708179762712
579 1708179762773
580 1708179762831
581 1708179762892
582 1708179762954
583 1708179763011
584 1708179763076
585 1708179763136
586 1708179763197
587 1708179763256
588 1708179763316
589 1708179763376
590 1708179763438
591 1708179763497
592 1708179763556
593 1708179763620
594 1708179763680
595 1708179763741
596 1708179763800
597 1708179763860
598 1708179763920
599 1708179763980
600 1708179764040
601 1708179764099
602 1708179764165
603 1708179764225
604 1708179764283
605 1708179764343
606 1708179764406
607 1708179764464
608 1708179764524
609 1708179764584
610 1708179764648
611 1708179764711
612 1708179764771
613 1708179764828
614 1708179764890
615 1708179764949
616 1708179765012
617 1708179765068
618 1708179765128
619 1708179765193
620 1708179765253
621 1708179765312
622 1708179765372
623 1708179765435
624 1708179765497
625 1708179765553
626 1708179765611
627 1708179765679
628 1708179765740
629 1708179765801
630 1708179765856
631 1708179765918
632 1708179765980
633 1708179766039
634 1708179766095
635 1708179766157
636 1708179766222
637 1708179766280
638 1708179766340
639 1708179766401
640 1708179766464
641 1708179766523
642 1708179766580
643 1708179766643
644 1708179766708
645 1708179766767
646 1708179766827
647 1708179766884
648 1708179766945
649 1708179767005
650 1708179767064
651 1708179767125
652 1708179767184
653 1708179767247
654 1708179767308
655 1708179767368
656 1708179767429
657 1708179767487
658 1708179767548
659 1708179767608
660 1708179767669
661 1708179767727
662 1708179767792
663 1708179767853
664 1708179767915
665 1708179767971
666 1708179768031
667 1708179768093
668 1708179768153
669 1708179768211
670 1708179768276
671 1708179768337
672 1708179768395
673 1708179768455
674 1708179768516
675 1708179768576
676 1708179768635
677 1708179768695
678 1708179768757
679 1708179768819
680 1708179768879
681 1708179768939
682 1708179769002
683 1708179769060
684 1708179769119
685 1708179769181
686 1708179769240
687 1708179769306
688 1708179769367
689 1708179769424
690 1708179769484
691 1708179769546
692 1708179769607
693 1708179769664
694 1708179769724
695 1708179769785
696 1708179769850
697 1708179769910
698 1708179769969
699 1708179770029
700 1708179770088
701 1708179770148
702 1708179770211
703 1708179770270
704 1708179770329
705 1708179770391
706 1708179770452
707 1708179770512
708 1708179770572
709 1708179770632
710 1708179770694
711 1708179770752
712 1708179770811
713 1708179770873
714 1708179770937
715 1708179770997
716 1708179771056
717 1708179771117
718 1708179771178
719 1708179771237
720 1708179771295
721 1708179771356
722 1708179771427
723 1708179771481
724 1708179771539
725 1708179771599
726 1708179771660
727 1708179771721
728 1708179771779
729 1708179771840
730 1708179771903
731 1708179771963
732 1708179772024
733 1708179772085
734 1708179772144
735 1708179772204
736 1708179772263
737 1708179772324
738 1708179772387
739 1708179772448
740 1708179772508
741 1708179772568
742 1708179772630
743 1708179772691
744 1708179772754
745 1708179772808
746 1708179772870
747 1708179772930
748 1708179772995
749 1708179773053
750 1708179773112
751 1708179773175
752 1708179773234
753 1708179773294
754 1708179773354
755 1708179773415
756 1708179773476
757 1708179773536
758 1708179773596
759 1708179773659
760 1708179773719
761 1708179773778
762 1708179773836
763 1708179773898
764 1708179773959
765 1708179774023
766 1708179774082
767 1708179774143
768 1708179774203
769 1708179774260
770 1708179774322
771 1708179774382
772 1708179774441
773 1708179774500
774 1708179774565
775 1708179774627
776 1708179774690
777 1708179774746
778 1708179774804
779 1708179774866
780 1708179774926
781 1708179774988
782 1708179775051
783 1708179775110
784 1708179775171
785 1708179775231
786 1708179775290
787 1708179775351
788 1708179775411
789 1708179775468
790 1708179775528
791 1708179775594
792 1708179775667
793 1708179775726
794 1708179775779
795 1708179775835
796 1708179775894
797 1708179775954
798 1708179776012
799 1708179776072
800 1708179776139
801 1708179776198
802 1708179776256
803 1708179776315
804 1708179776377
805 1708179776438
806 1708179776498
807 1708179776558
808 1708179776622
809 1708179776682
810 1708179776742
811 1708179776802
812 1708179776862
813 1708179776922
814 1708179776980
815 1708179777040
816 1708179777103
817 1708179777166
818 1708179777228
819 1708179777284
820 1708179777344
821 1708179777408
822 1708179777467
823 1708179777526
824 1708179777587
825 1708179777650
826 1708179777713
827 1708179777774
828 1708179777829
829 1708179777890
830 1708179777951
831 1708179778011
832 1708179778068
833 1708179778130
834 1708179778196
835 1708179778262
836 1708179778321
837 1708179778379
838 1708179778443
839 1708179778499
840 1708179778553
841 1708179778614
842 1708179778675
843 1708179778738
844 1708179778798
845 1708179778859
846 1708179778918
847 1708179778976
848 1708179779039
849 1708179779099
850 1708179779158
851 1708179779220
852 1708179779282
853 1708179779343
854 1708179779402
855 1708179779461
856 1708179779523
857 1708179779582
858 1708179779642
859 1708179779702
860 1708179779765
861 1708179779826
862 1708179779885
863 1708179779943
864 1708179780007
865 1708179780064
866 1708179780125
867 1708179780184
868 1708179780249
869 1708179780309
870 1708179780369
871 1708179780429
872 1708179780489
873 1708179780549
874 1708179780607
875 1708179780668
876 1708179780730
877 1708179780793
878 1708179780852
879 1708179780913
880 1708179780973
881 1708179781032
882 1708179781092
883 1708179781152
884 1708179781212
885 1708179781274
886 1708179781341
887 1708179781396
888 1708179781460
889 1708179781518
890 1708179781577
891 1708179781636
892 1708179781697
893 1708179781758
894 1708179781823
895 1708179781880
896 1708179781943
897 1708179782002
898 1708179782063
899 1708179782120
900 1708179782182
901 1708179782242
902 1708179782303
903 1708179782364
904 1708179782424
905 1708179782487
906 1708179782548
907 1708179782609
908 1708179782664
909 1708179782726
910 1708179782796
911 1708179782855
912 1708179782911
913 1708179782970
914 1708179783032
915 1708179783089
916 1708179783149
917 1708179783211
918 1708179783270
919 1708179783328
920 1708179783394
921 1708179783454
922 1708179783519
923 1708179783585
924 1708179783645
925 1708179783703
926 1708179783763
927 1708179783834
928 1708179783893
929 1708179783951
930 1708179784014
931 1708179784071
932 1708179784126
933 1708179784182
934 1708179784248
935 1708179784314
936 1708179784374
937 1708179784431
938 1708179784491
939 1708179784549
940 1708179784606
941 1708179784662
942 1708179784721
943 1708179784781
944 1708179784841
945 1708179784901
946 1708179784965
947 1708179785024
948 1708179785085
949 1708179785145
950 1708179785206
951 1708179785264
952 1708179785326
953 1708179785388
954 1708179785447
955 1708179785509
956 1708179785569
957 1708179785628
958 1708179785689
959 1708179785749
960 1708179785809
961 1708179785869
962 1708179785929
963 1708179785993
964 1708179786053
965 1708179786114
966 1708179786176
967 1708179786234
968 1708179786293
969 1708179786354
970 1708179786414
971 1708179786473
972 1708179786538
973 1708179786599
974 1708179786659
975 1708179786717
976 1708179786777
977 1708179786840
978 1708179786897
979 1708179786957
980 1708179787022
981 1708179787081
982 1708179787140
983 1708179787200
984 1708179787263
985 1708179787323
986 1708179787382
987 1708179787441
988 1708179787503
989 1708179787567
990 1708179787626
991 1708179787685
992 1708179787745
993 1708179787810
994 1708179787876
995 1708179787931
996 1708179787987
997 1708179788049
998 1708179788111
999 1708179788169
1000 1708179788230
1001 1708179788290
1002 1708179788357
1003 1708179788412
1004 1708179788469
1005 1708179788531
1006 1708179788595
1007 1708179788652
1008 1708179788712
1009 1708179788775
1010 1708179788837
1011 1708179788896
1012 1708179788954
1013 1708179789015
1014 1708179789076
1015 1708179789139
1016 1708179789196
1017 1708179789259
1018 1708179789318
1019 1708179789376
1020 1708179789436
1021 1708179789498
1022 1708179789560
1023 1708179789626
1024 1708179789683
1025 1708179789743
1026 1708179789804
1027 1708179789870
1028 1708179789926
1029 1708179789992
1030 1708179790054
1031 1708179790114
1032 1708179790168
1033 1708179790227
1034 1708179790289
1035 1708179790348
1036 1708179790408
1037 1708179790467
1038 1708179790526
1039 1708179790586
1040 1708179790644
1041 1708179790711
1042 1708179790772
1043 1708179790829
1044 1708179790892
1045 1708179790949
1046 1708179791007
1047 1708179791067
1048 1708179791129
1049 1708179791194
1050 1708179791254
1051 1708179791315
1052 1708179791375
1053 1708179791432
1054 1708179791493
1055 1708179791555
1056 1708179791617
1057 1708179791676
1058 1708179791738
1059 1708179791799
1060 1708179791858
1061 1708179791916
1062 1708179791976
1063 1708179792039
1064 1708179792101
1065 1708179792163
1066 1708179792220
1067 1708179792282
1068 1708179792342
1069 1708179792401
1070 1708179792460
1071 1708179792523
1072 1708179792584
1073 1708179792643
1074 1708179792700
1075 1708179792766
1076 1708179792831
1077 1708179792889
1078 1708179792945
1079 1708179793007
1080 1708179793068
1081 1708179793126
1082 1708179793186
1083 1708179793247
1084 1708179793311
1085 1708179793369
1086 1708179793430
1087 1708179793491
1088 1708179793554
1089 1708179793609
1090 1708179793670
1091 1708179793731
1092 1708179793795
1093 1708179793852
1094 1708179793915
1095 1708179793975
1096 1708179794034
1097 1708179794093
1098 1708179794154
1099 1708179794214
1100 1708179794275
1101 1708179794336
1102 1708179794396
1103 1708179794459
1104 1708179794517
1105 1708179794576
1106 1708179794637
1107 1708179794698
1108 1708179794759
1109 1708179794820
1110 1708179794880
1111 1708179794942
1112 1708179795000
1113 1708179795059
1114 1708179795123
1115 1708179795180
1116 1708179795240
1117 1708179795300
1118 1708179795366
1119 1708179795425
1120 1708179795484
1121 1708179795546
1122 1708179795604
1123 1708179795666
1124 1708179795724
1125 1708179795784
1126 1708179795846
1127 1708179795910
1128 1708179795972
1129 1708179796028
1130 1708179796091
1131 1708179796151
1132 1708179796211
1133 1708179796268
1134 1708179796328
1135 1708179796394
1136 1708179796466
1137 1708179796526
1138 1708179796581
1139 1708179796638
1140 1708179796698
1141 1708179796755
1142 1708179796812
1143 1708179796875
1144 1708179796942
1145 1708179797001
1146 1708179797058
1147 1708179797119
1148 1708179797178
1149 1708179797236
1150 1708179797297
1151 1708179797363
1152 1708179797425
1153 1708179797482
1154 1708179797540
1155 1708179797603
1156 1708179797663
1157 1708179797723
1158 1708179797780
1159 1708179797843
1160 1708179797903
1161 1708179797964
1162 1708179798024
1163 1708179798087
1164 1708179798149
1165 1708179798206
1166 1708179798265
1167 1708179798327
1168 1708179798387
1169 1708179798444
1170 1708179798508
1171 1708179798570
1172 1708179798632
1173 1708179798689
1174 1708179798748
1175 1708179798811
1176 1708179798871
1177 1708179798930
1178 1708179798994
1179 1708179799054
1180 1708179799113
1181 1708179799174
1182 1708179799234
1183 1708179799294
1184 1708179799357
1185 1708179799413
1186 1708179799474
1187 1708179799538
1188 1708179799597
1189 1708179799656
1190 1708179799719
1191 1708179799778
1192 1708179799838
1193 1708179799896
1194 1708179799958
1195 1708179800022
1196 1708179800083
1197 1708179800141
1198 1708179800201
1199 1708179800260
1200 1708179800323
1201 1708179800382
1202 1708179800443
1203 1708179800503
1204 1708179800566
1205 1708179800624
1206 1708179800688
1207 1708179800747
1208 1708179800812
1209 1708179800871
1210 1708179800924
1211 1708179800987
1212 1708179801046
1213 1708179801110
1214 1708179801170
1215 1708179801229
1216 1708179801289
1217 1708179801348
1218 1708179801409
1219 1708179801469
1220 1708179801527
1221 1708179801592
1222 1708179801653
1223 1708179801713
1224 1708179801772
1225 1708179801831
1226 1708179801893
1227 1708179801955
1228 1708179802013
1229 1708179802072
1230 1708179802138
1231 1708179802199
1232 1708179802259
1233 1708179802316
1234 1708179802377
1235 1708179802437
1236 1708179802499
1237 1708179802556
1238 1708179802617
1239 1708179802683
1240 1708179802743
1241 1708179802806
1242 1708179802862
1243 1708179802923
1244 1708179802984
1245 1708179803042
1246 1708179803101
1247 1708179803165
1248 1708179803226
1249 1708179803284
1250 1708179803344
1251 1708179803406
1252 1708179803465
1253 1708179803524
1254 1708179803584
1255 1708179803647
1256 1708179803711
1257 1708179803772
1258 1708179803829
1259 1708179803889
1260 1708179803949
1261 1708179804009
1262 1708179804069
1263 1708179804129
1264 1708179804192
1265 1708179804252
1266 1708179804313
1267 1708179804374
1268 1708179804435
1269 1708179804492
1270 1708179804555
1271 1708179804614
1272 1708179804680
1273 1708179804740
1274 1708179804799
1275 1708179804859
1276 1708179804919
1277 1708179804976
1278 1708179805036
1279 1708179805098
1280 1708179805159
1281 1708179805221
1282 1708179805281
1283 1708179805341
1284 1708179805401
1285 1708179805461
1286 1708179805522
1287 1708179805583
1288 1708179805643
1289 1708179805702
1290 1708179805765
1291 1708179805826
1292 1708179805885
1293 1708179805945
1294 1708179806004
1295 1708179806067
1296 1708179806127
1297 1708179806185
1298 1708179806244
1299 1708179806310
1300 1708179806370
1301 1708179806433
1302 1708179806492
1303 1708179806548
1304 1708179806608
1305 1708179806672
1306 1708179806732
1307 1708179806792
1308 1708179806852
1309 1708179806913
1310 1708179806976
1311 1708179807041
1312 1708179807097
1313 1708179807154
1314 1708179807221
1315 1708179807276
1316 1708179807338
1317 1708179807399
1318 1708179807459
1319 1708179807527
1320 1708179807582
1321 1708179807642
1322 1708179807702
1323 1708179807764
1324 1708179807819
1325 1708179807882
1326 1708179807943
1327 1708179808000
1328 1708179808060
1329 1708179808121
1330 1708179808181
1331 1708179808241
1332 1708179808300
1333 1708179808365
1334 1708179808424
1335 1708179808485
1336 1708179808548
1337 1708179808605
1338 1708179808664
1339 1708179808725
1340 1708179808786
1341 1708179808847
1342 1708179808911
1343 1708179808968
1344 1708179809031
1345 1708179809091
1346 1708179809149
1347 1708179809208
1348 1708179809269
1349 1708179809331
1350 1708179809394
1351 1708179809452
1352 1708179809513
1353 1708179809575
1354 1708179809635
1355 1708179809693
1356 1708179809753
1357 1708179809814
1358 1708179809875
1359 1708179809938
1360 1708179809998
1361 1708179810059
1362 1708179810119
1363 1708179810178
1364 1708179810238
1365 1708179810298
1366 1708179810359
1367 1708179810416
1368 1708179810483
1369 1708179810542
1370 1708179810606
1371 1708179810660
1372 1708179810721
1373 1708179810782
1374 1708179810847
1375 1708179810901
1376 1708179810965
1377 1708179811024
1378 1708179811085
1379 1708179811145
1380 1708179811206
1381 1708179811267
1382 1708179811326
1383 1708179811384
1384 1708179811446
1385 1708179811511
1386 1708179811569
1387 1708179811628
1388 1708179811690
1389 1708179811751
1390 1708179811811
1391 1708179811869
1392 1708179811929
1393 1708179811994
1394 1708179812053
1395 1708179812111
1396 1708179812174
1397 1708179812235
1398 1708179812294
1399 1708179812352
1400 1708179812416
1401 1708179812474
1402 1708179812540
1403 1708179812596
1404 1708179812657
1405 1708179812719
1406 1708179812778
1407 1708179812836
1408 1708179812896
1409 1708179812960
1410 1708179813025
1411 1708179813082
1412 1708179813155
1413 1708179813215
1414 1708179813276
1415 1708179813339
1416 1708179813395
1417 1708179813455
1418 1708179813517
1419 1708179813572
1420 1708179813626
1421 1708179813688
1422 1708179813747
1423 1708179813805
1424 1708179813864
1425 1708179813926
1426 1708179813987
1427 1708179814047
1428 1708179814109
1429 1708179814171
1430 1708179814231
1431 1708179814290
1432 1708179814351
1433 1708179814410
1434 1708179814470
1435 1708179814528
1436 1708179814593
1437 1708179814654
1438 1708179814714
1439 1708179814772
1440 1708179814832
1441 1708179814894
1442 1708179814951
1443 1708179815012
1444 1708179815071
1445 1708179815136
1446 1708179815197
1447 1708179815259
1448 1708179815318
1449 1708179815378
1450 1708179815440
1451 1708179815498
1452 1708179815556
1453 1708179815619
1454 1708179815684
1455 1708179815740
1456 1708179815801
1457 1708179815861
1458 1708179815924
1459 1708179815980
1460 1708179816042
1461 1708179816102
1462 1708179816164
1463 1708179816224
1464 1708179816286
1465 1708179816347
1466 1708179816405
1467 1708179816464
1468 1708179816525
1469 1708179816588
1470 1708179816644
1471 1708179816708
1472 1708179816770
1473 1708179816830
1474 1708179816890
1475 1708179816948
1476 1708179817009
1477 1708179817071
1478 1708179817130
1479 1708179817192
1480 1708179817253
1481 1708179817314
1482 1708179817375
1483 1708179817435
1484 1708179817494
1485 1708179817555
1486 1708179817614
1487 1708179817672
1488 1708179817739
1489 1708179817803
1490 1708179817864
1491 1708179817924
1492 1708179817979
1493 1708179818037
1494 1708179818097
1495 1708179818157
1496 1708179818219
1497 1708179818283
1498 1708179818342
1499 1708179818401
1500 1708179818463
1501 1708179818523
1502 1708179818586
1503 1708179818641
1504 1708179818702
1505 1708179818766
1506 1708179818830
1507 1708179818884
1508 1708179818947
1509 1708179819008
1510 1708179819070
1511 1708179819128
1512 1708179819185
1513 1708179819246
1514 1708179819309
1515 1708179819370
1516 1708179819430
1517 1708179819489
1518 1708179819550
1519 1708179819609
1520 1708179819670
1521 1708179819731
1522 1708179819795
1523 1708179819856
1524 1708179819915
1525 1708179819975
1526 1708179820039
1527 1708179820100
1528 1708179820156
1529 1708179820215
1530 1708179820275
1531 1708179820337
1532 1708179820398
1533 1708179820459
1534 1708179820519
1535 1708179820577
1536 1708179820637
1537 1708179820699
1538 1708179820761
1539 1708179820820
1540 1708179820883
1541 1708179820942
1542 1708179821003
1543 1708179821061
1544 1708179821120
1545 1708179821182
1546 1708179821243
1547 1708179821303
1548 1708179821365
1549 1708179821425
1550 1708179821487
1551 1708179821550
1552 1708179821606
1553 1708179821664
1554 1708179821724
1555 1708179821785
1556 1708179821848
1557 1708179821908
1558 1708179821970
1559 1708179822030
1560 1708179822093
1561 1708179822153
1562 1708179822210
1563 1708179822270
1564 1708179822330
1565 1708179822390
1566 1708179822454
1567 1708179822515
1568 1708179822573
1569 1708179822633
1570 1708179822695
1571 1708179822755
1572 1708179822814
1573 1708179822872
1574 1708179822936
1575 1708179823000
1576 1708179823060
1577 1708179823116
1578 1708179823176
1579 1708179823238
1580 1708179823297
1581 1708179823357
1582 1708179823419
1583 1708179823483
1584 1708179823543
1585 1708179823600
1586 1708179823662
1587 1708179823722
1588 1708179823781
1589 1708179823840
1590 1708179823904
1591 1708179823967
1592 1708179824028
1593 1708179824097
1594 1708179824152
1595 1708179824212
1596 1708179824274
1597 1708179824329
1598 1708179824387
1599 1708179824447
1600 1708179824512
1601 1708179824569
1602 1708179824628
1603 1708179824691
1604 1708179824751
1605 1708179824809
1606 1708179824869
1607 1708179824931
1608 1708179824990
1609 1708179825053
1610 1708179825114
1611 1708179825175
1612 1708179825242
1613 1708179825305
1614 1708179825362
1615 1708179825419
1616 1708179825479
1617 1708179825539
1618 1708179825598
1619 1708179825658
1620 1708179825719
1621 1708179825781
1622 1708179825837
1623 1708179825899
1624 1708179825960
1625 1708179826021
1626 1708179826081
1627 1708179826143
1628 1708179826206
1629 1708179826260
1630 1708179826321
1631 1708179826384
1632 1708179826444
1633 1708179826511
1634 1708179826567
1635 1708179826627
1636 1708179826686
1637 1708179826745
1638 1708179826805
1639 1708179826867
1640 1708179826930
1641 1708179826986
1642 1708179827044
1643 1708179827111
1644 1708179827171
1645 1708179827229
1646 1708179827289
1647 1708179827350
1648 1708179827414
1649 1708179827470
1650 1708179827531
1651 1708179827590
1652 1708179827656
1653 1708179827722
1654 1708179827778
1655 1708179827836
1656 1708179827897
1657 1708179827955
1658 1708179828015
1659 1708179828076
1660 1708179828140
1661 1708179828196
1662 1708179828257
1663 1708179828319
1664 1708179828379
1665 1708179828438
1666 1708179828498
1667 1708179828559
1668 1708179828620
1669 1708179828680
1670 1708179828741
1671 1708179828806
1672 1708179828865
1673 1708179828924
1674 1708179828981
1675 1708179829042
1676 1708179829105
1677 1708179829164
1678 1708179829224
1679 1708179829286
1680 1708179829345
1681 1708179829406
1682 1708179829466
1683 1708179829526
1684 1708179829585
1685 1708179829644
1686 1708179829709
1687 1708179829769
1688 1708179829829
1689 1708179829889
1690 1708179829949
1691 1708179830009
1692 1708179830069
1693 1708179830129
1694 1708179830189
1695 1708179830253
1696 1708179830313
1697 1708179830372
1698 1708179830433
1699 1708179830495
1700 1708179830558
1701 1708179830616
1702 1708179830674
1703 1708179830739
1704 1708179830799
1705 1708179830862
1706 1708179830918
1707 1708179830979
1708 1708179831038
1709 1708179831096
1710 1708179831159
1711 1708179831219
1712 1708179831281
1713 1708179831341
1714 1708179831402
1715 1708179831463
1716 1708179831521
1717 1708179831580
1718 1708179831642
1719 1708179831702
1720 1708179831764
1721 1708179831824
1722 1708179831887
1723 1708179831944
1724 1708179832004
1725 1708179832065
1726 1708179832126
1727 1708179832184
1728 1708179832244
1729 1708179832308
1730 1708179832369
1731 1708179832428
1732 1708179832487
1733 1708179832548
1734 1708179832611
1735 1708179832668
1736 1708179832728
1737 1708179832789
1738 1708179832854
1739 1708179832912
1740 1708179832972
1741 1708179833032
1742 1708179833093
1743 1708179833153
1744 1708179833212
1745 1708179833272
1746 1708179833338
1747 1708179833397
1748 1708179833456
1749 1708179833517
1750 1708179833578
1751 1708179833637
1752 1708179833696
1753 1708179833756
1754 1708179833819
1755 1708179833880
1756 1708179833940
1757 1708179834002
1758 1708179834061
1759 1708179834121
1760 1708179834179
1761 1708179834241
1762 1708179834303
1763 1708179834364
1764 1708179834424
1765 1708179834485
1766 1708179834544
1767 1708179834605
1768 1708179834664
1769 1708179834724
1770 1708179834787
1771 1708179834844
1772 1708179834908
1773 1708179834969
1774 1708179835028
1775 1708179835089
1776 1708179835149
1777 1708179835209
1778 1708179835270
1779 1708179835330
1780 1708179835389
1781 1708179835452
1782 1708179835513
1783 1708179835573
1784 1708179835632
1785 1708179835692
1786 1708179835752
1787 1708179835816
1788 1708179835873
1789 1708179835936
1790 1708179835998
1791 1708179836059
1792 1708179836120
1793 1708179836178
1794 1708179836236
1795 1708179836296
1796 1708179836359
1797 1708179836423
1798 1708179836489
1799 1708179836543
1800 1708179836603
1801 1708179836663
1802 1708179836723
1803 1708179836782
1804 1708179836842
1805 1708179836902
1806 1708179836968
1807 1708179837025
1808 1708179837085
1809 1708179837147
1810 1708179837206
1811 1708179837265
1812 1708179837324
1813 1708179837386
1814 1708179837447
1815 1708179837509
1816 1708179837569
1817 1708179837630
1818 1708179837692
1819 1708179837749
1820 1708179837809
1821 1708179837870
1822 1708179837931
1823 1708179837989
1824 1708179838055
1825 1708179838115
1826 1708179838176
1827 1708179838235
1828 1708179838292
1829 1708179838355
1830 1708179838416
1831 1708179838473
1832 1708179838538
1833 1708179838598
1834 1708179838658
1835 1708179838716
1836 1708179838777
1837 1708179838837
1838 1708179838899
1839 1708179838958
1840 1708179839017
1841 1708179839082
1842 1708179839147
1843 1708179839200
1844 1708179839260
1845 1708179839323
1846 1708179839382
1847 1708179839441
1848 1708179839502
1849 1708179839563
1850 1708179839627
1851 1708179839685
1852 1708179839746
1853 1708179839807
1854 1708179839868
1855 1708179839924
1856 1708179839985
1857 1708179840047
1858 1708179840111
1859 1708179840168
1860 1708179840229
1861 1708179840291
1862 1708179840353
1863 1708179840408
1864 1708179840470
1865 1708179840531
1866 1708179840592
1867 1708179840652
1868 1708179840714
1869 1708179840776
1870 1708179840836
1871 1708179840892
1872 1708179840953
1873 1708179841016
1874 1708179841075
1875 1708179841143
1876 1708179841197
1877 1708179841259
1878 1708179841319
1879 1708179841388
1880 1708179841445
1881 1708179841501
1882 1708179841560
1883 1708179841616
1884 1708179841681
1885 1708179841743
1886 1708179841804
1887 1708179841861
1888 1708179841922
1889 1708179841984
1890 1708179842045
1891 1708179842127
1892 1708179842184
1893 1708179842242
1894 1708179842310
1895 1708179842372
1896 1708179842429
1897 1708179842487
1898 1708179842546
1899 1708179842606
1900 1708179842659
1901 1708179842716
1902 1708179842775
1903 1708179842836
1904 1708179842890
1905 1708179842952
1906 1708179843011
1907 1708179843069
1908 1708179843129
1909 1708179843191
1910 1708179843256
1911 1708179843318
1912 1708179843374
1913 1708179843434
1914 1708179843496
1915 1708179843553
1916 1708179843615
1917 1708179843674
1918 1708179843740
1919 1708179843796
1920 1708179843856
1921 1708179843920
1922 1708179843978
1923 1708179844037
1924 1708179844097
1925 1708179844159
1926 1708179844223
1927 1708179844281
1928 1708179844342
1929 1708179844402
1930 1708179844465
1931 1708179844522
1932 1708179844584
1933 1708179844642
1934 1708179844703
1935 1708179844761
1936 1708179844827
1937 1708179844887
1938 1708179844952
1939 1708179845005
1940 1708179845066
1941 1708179845127
1942 1708179845190
1943 1708179845255
1944 1708179845309
1945 1708179845372
1946 1708179845431
1947 1708179845488
1948 1708179845550
1949 1708179845611
1950 1708179845673
1951 1708179845730
1952 1708179845789
1953 1708179845854
1954 1708179845915
1955 1708179845974
1956 1708179846035
1957 1708179846094
1958 1708179846154
1959 1708179846214
1960 1708179846274
1961 1708179846337
1962 1708179846401
1963 1708179846460
1964 1708179846518
1965 1708179846578
1966 1708179846640
1967 1708179846700
1968 1708179846757
1969 1708179846818
1970 1708179846885
1971 1708179846941
1972 1708179847002
1973 1708179847061
1974 1708179847120
1975 1708179847180
1976 1708179847240
1977 1708179847302
1978 1708179847363
1979 1708179847425
1980 1708179847487
1981 1708179847550
1982 1708179847610
1983 1708179847671
1984 1708179847727
1985 1708179847787
1986 1708179847848
1987 1708179847908
1988 1708179847969
1989 1708179848032
1990 1708179848093
1991 1708179848163
1992 1708179848221
1993 1708179848276
1994 1708179848335
1995 1708179848395
1996 1708179848453
1997 1708179848516
1998 1708179848577
1999 1708179848636
2000 1708179848693
2001 1708179848755
2002 1708179848814
2003 1708179848873
2004 1708179848938
2005 1708179848999
2006 1708179849059
2007 1708179849119
2008 1708179849178
2009 1708179849238
2010 1708179849296
2011 1708179849358
2012 1708179849417
2013 1708179849483
2014 1708179849544
2015 1708179849602
2016 1708179849661
2017 1708179849721
2018 1708179849780
2019 1708179849840
2020 1708179849903
2021 1708179849961
2022 1708179850024
2023 1708179850085
2024 1708179850145
2025 1708179850205
2026 1708179850265
2027 1708179850325
2028 1708179850385
2029 1708179850445
2030 1708179850509
2031 1708179850568
2032 1708179850631
2033 1708179850688
2034 1708179850748
2035 1708179850811
2036 1708179850868
2037 1708179850931
2038 1708179850990
2039 1708179851052
2040 1708179851113
2041 1708179851175
2042 1708179851235
2043 1708179851294
2044 1708179851352
2045 1708179851414
2046 1708179851475
2047 1708179851537
2048 1708179851596
2049 1708179851658
2050 1708179851718
2051 1708179851779
2052 1708179851840
2053 1708179851897
2054 1708179851958
2055 1708179852019
2056 1708179852084
2057 1708179852141
2058 1708179852203
2059 1708179852262
2060 1708179852328
2061 1708179852382
2062 1708179852443
2063 1708179852504
2064 1708179852574
2065 1708179852638
2066 1708179852696
2067 1708179852758
2068 1708179852821
2069 1708179852875
2070 1708179852929
2071 1708179852987
2072 1708179853048
2073 1708179853113
2074 1708179853169
2075 1708179853230
2076 1708179853291
2077 1708179853350
2078 1708179853409
2079 1708179853469
2080 1708179853528
2081 1708179853588
2082 1708179853653
2083 1708179853713
2084 1708179853772
2085 1708179853833
2086 1708179853893
2087 1708179853954
2088 1708179854013
2089 1708179854072
2090 1708179854139
2091 1708179854203
2092 1708179854269
2093 1708179854327
2094 1708179854382
2095 1708179854440
2096 1708179854507
2097 1708179854566
2098 1708179854621
2099 1708179854683
2100 1708179854743
2101 1708179854800
2102 1708179854863
2103 1708179854924
2104 1708179854987
2105 1708179855041
2106 1708179855100
2107 1708179855165
2108 1708179855230
2109 1708179855287
2110 1708179855347
2111 1708179855408
2112 1708179855468
2113 1708179855524
2114 1708179855585
2115 1708179855645
2116 1708179855709
2117 1708179855770
2118 1708179855830
2119 1708179855890
2120 1708179855950
2121 1708179856010
2122 1708179856070
2123 1708179856130
2124 1708179856190
2125 1708179856252
2126 1708179856314
2127 1708179856374
2128 1708179856432
2129 1708179856493
2130 1708179856555
2131 1708179856616
2132 1708179856691
2133 1708179856748
2134 1708179856804
2135 1708179856863
2136 1708179856922
2137 1708179856981
2138 1708179857037
2139 1708179857100
2140 1708179857160
2141 1708179857223
2142 1708179857281
2143 1708179857342
2144 1708179857403
2145 1708179857461
2146 1708179857522
2147 1708179857583
2148 1708179857642
2149 1708179857701
2150 1708179857763
2151 1708179857827
2152 1708179857887
2153 1708179857945
2154 1708179858005
2155 1708179858067
2156 1708179858125
2157 1708179858185
2158 1708179858245
2159 1708179858311
2160 1708179858379
2161 1708179858439
2162 1708179858492
2163 1708179858551
2164 1708179858611
2165 1708179858670
2166 1708179858730
2167 1708179858790
2168 1708179858855
2169 1708179858912
2170 1708179858972
2171 1708179859035
2172 1708179859095
2173 1708179859152
2174 1708179859213
2175 1708179859273
2176 1708179859333
2177 1708179859396
2178 1708179859459
2179 1708179859518
2180 1708179859581
2181 1708179859643
2182 1708179859700
2183 1708179859758
2184 1708179859820
2185 1708179859880
2186 1708179859940
2187 1708179860003
2188 1708179860063
2189 1708179860121
2190 1708179860181
2191 1708179860243
2192 1708179860306
2193 1708179860360
2194 1708179860429
2195 1708179860486
2196 1708179860548
2197 1708179860604
2198 1708179860666
2199 1708179860726
2200 1708179860786
2201 1708179860845
2202 1708179860910
2203 1708179860972
2204 1708179861032
2205 1708179861092
2206 1708179861149
2207 1708179861212
2208 1708179861272
2209 1708179861330
2210 1708179861389
2211 1708179861456
2212 1708179861514
2213 1708179861573
2214 1708179861633
2215 1708179861696
2216 1708179861763
2217 1708179861820
2218 1708179861877
2219 1708179861937
2220 1708179861999
2221 1708179862059
2222 1708179862117
2223 1708179862180
2224 1708179862238
2225 1708179862296
2226 1708179862358
2227 1708179862419
2228 1708179862484
2229 1708179862541
2230 1708179862601
2231 1708179862664
2232 1708179862724
2233 1708179862783
2234 1708179862842
2235 1708179862903
2236 1708179862966
2237 1708179863027
2238 1708179863086
2239 1708179863148
2240 1708179863209
2241 1708179863274
2242 1708179863330
2243 1708179863386
2244 1708179863447
2245 1708179863510
2246 1708179863570
2247 1708179863630
2248 1708179863690
2249 1708179863749
2250 1708179863809
2251 1708179863871
2252 1708179863930
2253 1708179864001
2254 1708179864057
2255 1708179864116
2256 1708179864176
2257 1708179864235
2258 1708179864294
2259 1708179864356
2260 1708179864415
2261 1708179864472
2262 1708179864535
2263 1708179864600
2264 1708179864660
2265 1708179864718
2266 1708179864778
2267 1708179864839
2268 1708179864899
2269 1708179864957
2270 1708179865019
2271 1708179865083
2272 1708179865143
2273 1708179865200
2274 1708179865262
2275 1708179865323
2276 1708179865381
2277 1708179865440
2278 1708179865502
2279 1708179865563
2280 1708179865625
2281 1708179865684
2282 1708179865746
2283 1708179865806
2284 1708179865866
2285 1708179865924
2286 1708179865986
2287 1708179866046
2288 1708179866110
2289 1708179866169
2290 1708179866230
2291 1708179866290
2292 1708179866352
2293 1708179866409
2294 1708179866468
2295 1708179866529
2296 1708179866592
2297 1708179866655
2298 1708179866723
2299 1708179866777
2300 1708179866834
2301 1708179866896
2302 1708179866954
2303 1708179867016
2304 1708179867074
2305 1708179867136
2306 1708179867196
2307 1708179867256
2308 1708179867318
2309 1708179867379
2310 1708179867442
2311 1708179867499
2312 1708179867557
2313 1708179867619
2314 1708179867681
2315 1708179867741
2316 1708179867803
2317 1708179867863
2318 1708179867931
2319 1708179867986
2320 1708179868043
2321 1708179868104
2322 1708179868166
2323 1708179868225
2324 1708179868286
2325 1708179868347
2326 1708179868406
2327 1708179868464
2328 1708179868525
2329 1708179868594
2330 1708179868656
2331 1708179868710
2332 1708179868769
2333 1708179868832
2334 1708179868891
2335 1708179868950
2336 1708179869011
2337 1708179869072
2338 1708179869133
2339 1708179869190
2340 1708179869253
2341 1708179869319
2342 1708179869382
2343 1708179869437
2344 1708179869493
2345 1708179869555
2346 1708179869616
2347 1708179869673
2348 1708179869735
2349 1708179869800
2350 1708179869860
2351 1708179869918
2352 1708179869978
2353 1708179870040
2354 1708179870100
2355 1708179870157
2356 1708179870217
2357 1708179870283
2358 1708179870344
2359 1708179870405
2360 1708179870463
2361 1708179870524
2362 1708179870586
2363 1708179870646
2364 1708179870701
2365 1708179870764
2366 1708179870831
2367 1708179870886
2368 1708179870945
2369 1708179871008
2370 1708179871069
2371 1708179871125
2372 1708179871185
2373 1708179871246
2374 1708179871311
2375 1708179871368
2376 1708179871430
2377 1708179871491
2378 1708179871548
2379 1708179871608
2380 1708179871671
2381 1708179871731
2382 1708179871793
2383 1708179871852
2384 1708179871914
2385 1708179871975
2386 1708179872036
2387 1708179872093
2388 1708179872155
2389 1708179872215
2390 1708179872276
2391 1708179872334
2392 1708179872398
2393 1708179872460
2394 1708179872519
2395 1708179872578
2396 1708179872637
2397 1708179872701
2398 1708179872762
2399 1708179872818
2400 1708179872881
2401 1708179872944
2402 1708179873005
2403 1708179873065
2404 1708179873121
2405 1708179873183
2406 1708179873244
2407 1708179873300
2408 1708179873360
2409 1708179873425
2410 1708179873485
2411 1708179873545
2412 1708179873606
2413 1708179873666
2414 1708179873724
2415 1708179873791
2416 1708179873847
2417 1708179873908
2418 1708179873969
2419 1708179874029
2420 1708179874089
2421 1708179874151
2422 1708179874217
2423 1708179874271
2424 1708179874329
2425 1708179874392
2426 1708179874456
2427 1708179874516
2428 1708179874573
2429 1708179874634
2430 1708179874694
2431 1708179874754
2432 1708179874814
2433 1708179874875
2434 1708179874934
2435 1708179874998
2436 1708179875059
2437 1708179875118
2438 1708179875179
2439 1708179875241
2440 1708179875298
2441 1708179875358
2442 1708179875420
2443 1708179875481
2444 1708179875542
2445 1708179875603
2446 1708179875665
2447 1708179875720
2448 1708179875781
2449 1708179875844
2450 1708179875905
2451 1708179875961
2452 1708179876026
2453 1708179876087
2454 1708179876149
2455 1708179876204
2456 1708179876266
2457 1708179876328
2458 1708179876386
2459 1708179876447
2460 1708179876504
2461 1708179876571
2462 1708179876631
2463 1708179876689
2464 1708179876749
2465 1708179876812
2466 1708179876893
2467 1708179876951
2468 1708179877007
2469 1708179877065
2470 1708179877125
2471 1708179877183
2472 1708179877237
2473 1708179877296
2474 1708179877357
2475 1708179877417
2476 1708179877474
2477 1708179877535
2478 1708179877601
2479 1708179877659
2480 1708179877717
2481 1708179877779
2482 1708179877842
2483 1708179877897
2484 1708179877958
2485 1708179878019
2486 1708179878083
2487 1708179878143
2488 1708179878201
2489 1708179878264
2490 1708179878324
2491 1708179878385
2492 1708179878440
2493 1708179878503
2494 1708179878564
2495 1708179878631
2496 1708179878690
2497 1708179878746
2498 1708179878808
2499 1708179878872
2500 1708179878928
2501 1708179878986
2502 1708179879047
2503 1708179879105
2504 1708179879169
2505 1708179879231
2506 1708179879293
2507 1708179879352
2508 1708179879410
2509 1708179879470
2510 1708179879532
2511 1708179879589
2512 1708179879653
2513 1708179879715
2514 1708179879775
2515 1708179879833
2516 1708179879895
2517 1708179879955
2518 1708179880015
2519 1708179880073
2520 1708179880133
2521 1708179880198
2522 1708179880259
2523 1708179880317
2524 1708179880380
2525 1708179880438
2526 1708179880499
2527 1708179880560
2528 1708179880618
2529 1708179880683
2530 1708179880744
2531 1708179880801
2532 1708179880864
2533 1708179880923
2534 1708179880982
2535 1708179881046
2536 1708179881102
2537 1708179881167
2538 1708179881228
2539 1708179881286
2540 1708179881345
2541 1708179881407
2542 1708179881466
2543 1708179881530
2544 1708179881584
2545 1708179881645
2546 1708179881708
2547 1708179881771
2548 1708179881829
2549 1708179881892
2550 1708179881952
2551 1708179882012
2552 1708179882075
2553 1708179882131
2554 1708179882192
2555 1708179882256
2556 1708179882316
2557 1708179882372
2558 1708179882433
2559 1708179882496
2560 1708179882556
2561 1708179882618
2562 1708179882677
2563 1708179882735
2564 1708179882801
2565 1708179882858
2566 1708179882918
2567 1708179882979
2568 1708179883040
2569 1708179883099
2570 1708179883157
2571 1708179883218
2572 1708179883284
2573 1708179883343
2574 1708179883401
2575 1708179883463
2576 1708179883524
2577 1708179883585
2578 1708179883642
2579 1708179883703
2580 1708179883763
2581 1708179883825
2582 1708179883886
2583 1708179883947
2584 1708179884006
2585 1708179884064
2586 1708179884127
2587 1708179884186
2588 1708179884244
2589 1708179884305
2590 1708179884369
2591 1708179884429
2592 1708179884488
2593 1708179884550
2594 1708179884609
2595 1708179884671
2596 1708179884730
2597 1708179884789
2598 1708179884855
2599 1708179884913
2600 1708179884973
2601 1708179885033
2602 1708179885093
2603 1708179885153
2604 1708179885213
2605 1708179885276
2606 1708179885335
2607 1708179885399
2608 1708179885456
2609 1708179885516
2610 1708179885579
2611 1708179885638
2612 1708179885696
2613 1708179885757
2614 1708179885819
2615 1708179885882
2616 1708179885942
2617 1708179886001
2618 1708179886062
2619 1708179886121
2620 1708179886180
2621 1708179886242
2622 1708179886303
2623 1708179886361
2624 1708179886424
2625 1708179886487
2626 1708179886547
2627 1708179886607
2628 1708179886668
2629 1708179886726
2630 1708179886787
2631 1708179886847
2632 1708179886909
2633 1708179886969
2634 1708179887031
2635 1708179887092
2636 1708179887152
2637 1708179887209
2638 1708179887270
2639 1708179887330
2640 1708179887390
2641 1708179887454
2642 1708179887515
2643 1708179887575
2644 1708179887633
2645 1708179887692
2646 1708179887753
2647 1708179887816
2648 1708179887874
2649 1708179887932
2650 1708179887999
2651 1708179888059
2652 1708179888117
2653 1708179888176
2654 1708179888237
2655 1708179888298
2656 1708179888358
2657 1708179888417
2658 1708179888483
2659 1708179888544
2660 1708179888605
2661 1708179888662
2662 1708179888722
2663 1708179888783
2664 1708179888844
2665 1708179888904
2666 1708179888963
2667 1708179889027
2668 1708179889088
2669 1708179889145
2670 1708179889207
2671 1708179889267
2672 1708179889329
2673 1708179889385
2674 1708179889446
2675 1708179889506
2676 1708179889569
2677 1708179889629
2678 1708179889689
2679 1708179889750
2680 1708179889808
2681 1708179889869
2682 1708179889931
2683 1708179889989
2684 1708179890052
2685 1708179890113
2686 1708179890175
2687 1708179890233
2688 1708179890292
2689 1708179890353
2690 1708179890414
2691 1708179890473
2692 1708179890532
2693 1708179890597
2694 1708179890657
2695 1708179890720
2696 1708179890779
2697 1708179890836
2698 1708179890898
2699 1708179890959
2700 1708179891021
2701 1708179891083
2702 1708179891142
2703 1708179891203
2704 1708179891263
2705 1708179891321
2706 1708179891381
2707 1708179891444
2708 1708179891503
2709 1708179891565
2710 1708179891626
2711 1708179891688
2712 1708179891750
2713 1708179891806
2714 1708179891867
2715 1708179891929
2716 1708179891988
2717 1708179892045
2718 1708179892107
2719 1708179892171
2720 1708179892238
2721 1708179892296
2722 1708179892350
2723 1708179892412
2724 1708179892472
2725 1708179892529
2726 1708179892589
2727 1708179892656
2728 1708179892716
2729 1708179892778
2730 1708179892832
2731 1708179892897
2732 1708179892957
2733 1708179893024
2734 1708179893077
2735 1708179893136
2736 1708179893199
2737 1708179893260
2738 1708179893317
2739 1708179893378
2740 1708179893438
2741 1708179893497
2742 1708179893558
2743 1708179893617
2744 1708179893678
2745 1708179893741
2746 1708179893801
2747 1708179893861
2748 1708179893920
2749 1708179893981
2750 1708179894043
2751 1708179894100
2752 1708179894160
2753 1708179894225
2754 1708179894286
2755 1708179894345
2756 1708179894405
2757 1708179894467
2758 1708179894524
2759 1708179894586
2760 1708179894644
2761 1708179894704
2762 1708179894769
2763 1708179894829
2764 1708179894888
2765 1708179894948
2766 1708179895010
2767 1708179895069
2768 1708179895128
2769 1708179895190
2770 1708179895255
2771 1708179895312
2772 1708179895373
2773 1708179895433
2774 1708179895495
2775 1708179895552
2776 1708179895612
2777 1708179895672
2778 1708179895735
2779 1708179895796
2780 1708179895856
2781 1708179895917
2782 1708179895977
2783 1708179896038
2784 1708179896097
2785 1708179896156
2786 1708179896219
2787 1708179896277
2788 1708179896344
2789 1708179896401
2790 1708179896461
2791 1708179896524
2792 1708179896583
2793 1708179896642
2794 1708179896700
2795 1708179896760
2796 1708179896828
2797 1708179896889
2798 1708179896948
2799 1708179897005
2800 1708179897065
2801 1708179897125
2802 1708179897185
2803 1708179897245
2804 1708179897306
2805 1708179897369
2806 1708179897430
2807 1708179897488
2808 1708179897549
2809 1708179897610
2810 1708179897668
2811 1708179897731
2812 1708179897789
2813 1708179897853
2814 1708179897912
2815 1708179897973
2816 1708179898036
2817 1708179898093
2818 1708179898152
2819 1708179898213
2820 1708179898274
2821 1708179898333
2822 1708179898396
2823 1708179898457
2824 1708179898517
2825 1708179898577
2826 1708179898636
2827 1708179898696
2828 1708179898759
2829 1708179898817
2830 1708179898876
2831 1708179898942
2832 1708179899001
2833 1708179899063
2834 1708179899126
2835 1708179899180
2836 1708179899242
2837 1708179899303
2838 1708179899363
2839 1708179899425
2840 1708179899485
2841 1708179899546
2842 1708179899606
2843 1708179899664
2844 1708179899726
2845 1708179899785
2846 1708179899844
2847 1708179899904
2848 1708179899970
2849 1708179900030
2850 1708179900088
2851 1708179900149
2852 1708179900210
2853 1708179900268
2854 1708179900328
2855 1708179900389
2856 1708179900453
2857 1708179900513
2858 1708179900573
2859 1708179900633
2860 1708179900693
2861 1708179900753
2862 1708179900813
2863 1708179900873
2864 1708179900933
2865 1708179900998
2866 1708179901057
2867 1708179901116
2868 1708179901180
2869 1708179901236
2870 1708179901296
2871 1708179901357
2872 1708179901419
2873 1708179901477
2874 1708179901540
2875 1708179901603
2876 1708179901660
2877 1708179901724
2878 1708179901782
2879 1708179901840
2880 1708179901902
2881 1708179901962
2882 1708179902025
2883 1708179902084
2884 1708179902145
2885 1708179902207
2886 1708179902267
2887 1708179902333
2888 1708179902387
2889 1708179902447
2890 1708179902512
2891 1708179902570
2892 1708179902628
2893 1708179902690
2894 1708179902751
2895 1708179902812
2896 1708179902869
2897 1708179902932
2898 1708179902992
2899 1708179903054
2900 1708179903113
2901 1708179903176
2902 1708179903234
2903 1708179903293
2904 1708179903355
2905 1708179903415
2906 1708179903476
2907 1708179903539
2908 1708179903599
2909 1708179903659
2910 1708179903718
2911 1708179903777
2912 1708179903839
2913 1708179903899
2914 1708179903960
2915 1708179904017
2916 1708179904079
2917 1708179904144
2918 1708179904228
2919 1708179904293
2920 1708179904344
2921 1708179904397
2922 1708179904450
2923 1708179904504
2924 1708179904563
2925 1708179904628
2926 1708179904688
2927 1708179904745
2928 1708179904807
2929 1708179904868
2930 1708179904927
2931 1708179904985
2932 1708179905046
2933 1708179905107
2934 1708179905172
2935 1708179905229
2936 1708179905290
2937 1708179905351
2938 1708179905413
2939 1708179905468
2940 1708179905529
2941 1708179905592
2942 1708179905660
2943 1708179905716
2944 1708179905773
2945 1708179905834
2946 1708179905896
2947 1708179905954
2948 1708179906014
2949 1708179906075
2950 1708179906136
2951 1708179906197
2952 1708179906257
2953 1708179906319
2954 1708179906382
2955 1708179906444
2956 1708179906499
2957 1708179906560
2958 1708179906620
2959 1708179906677
2960 1708179906743
2961 1708179906803
2962 1708179906864
2963 1708179906922
2964 1708179906982
2965 1708179907042
2966 1708179907102
2967 1708179907161
2968 1708179907227
2969 1708179907287
2970 1708179907348
2971 1708179907408
2972 1708179907466
2973 1708179907526
2974 1708179907586
2975 1708179907645
2976 1708179907705
2977 1708179907770
2978 1708179907828
2979 1708179907888
2980 1708179907949
2981 1708179908009
2982 1708179908068
2983 1708179908128
2984 1708179908190
2985 1708179908254
2986 1708179908313
2987 1708179908373
2988 1708179908435
2989 1708179908493
2990 1708179908552
2991 1708179908612
2992 1708179908673
2993 1708179908735
2994 1708179908796
2995 1708179908856
2996 1708179908920
2997 1708179908977
2998 1708179909036
2999 1708179909097
3000 1708179909158
3001 1708179909217
3002 1708179909276
3003 1708179909341
3004 1708179909401
3005 1708179909464
3006 1708179909521
3007 1708179909580
3008 1708179909643
3009 1708179909700
3010 1708179909760
3011 1708179909826
3012 1708179909885
3013 1708179909946
3014 1708179910004
3015 1708179910065
3016 1708179910128
3017 1708179910184
3018 1708179910244
3019 1708179910305
3020 1708179910372
3021 1708179910429
3022 1708179910488
3023 1708179910550
3024 1708179910608
3025 1708179910668
3026 1708179910728
3027 1708179910789
3028 1708179910856
3029 1708179910912
3030 1708179910973
3031 1708179911033
3032 1708179911094
3033 1708179911153
3034 1708179911213
3035 1708179911274
3036 1708179911335
3037 1708179911396
3038 1708179911456
3039 1708179911517
3040 1708179911579
3041 1708179911636
3042 1708179911696
3043 1708179911756
3044 1708179911820
3045 1708179911877
3046 1708179911943
3047 1708179912000
3048 1708179912061
3049 1708179912123
3050 1708179912180
3051 1708179912243
3052 1708179912300
3053 1708179912361
3054 1708179912427
3055 1708179912484
3056 1708179912544
3057 1708179912606
3058 1708179912665
3059 1708179912726
3060 1708179912790
3061 1708179912848
3062 1708179912907
3063 1708179912974
3064 1708179913032
3065 1708179913094
3066 1708179913149
3067 1708179913211
3068 1708179913292
3069 1708179913353
3070 1708179913409
3071 1708179913466
3072 1708179913528
3073 1708179913591
3074 1708179913647
3075 1708179913704
3076 1708179913766
3077 1708179913825
3078 1708179913880
3079 1708179913937
3080 1708179914001
3081 1708179914057
3082 1708179914119
3083 1708179914180
3084 1708179914239
3085 1708179914297
3086 1708179914361
3087 1708179914420
3088 1708179914481
3089 1708179914540
3090 1708179914602
3091 1708179914663
3092 1708179914726
3093 1708179914786
3094 1708179914842
3095 1708179914904
3096 1708179914964
3097 1708179915025
3098 1708179915087
3099 1708179915147
3100 1708179915207
3101 1708179915265
3102 1708179915324
3103 1708179915388
3104 1708179915450
3105 1708179915509
3106 1708179915569
3107 1708179915630
3108 1708179915694
3109 1708179915761
3110 1708179915816
3111 1708179915873
3112 1708179915932
3113 1708179915989
3114 1708179916049
3115 1708179916117
3116 1708179916176
3117 1708179916233
3118 1708179916294
3119 1708179916354
3120 1708179916414
3121 1708179916474
3122 1708179916534
3123 1708179916598
3124 1708179916656
3125 1708179916716
3126 1708179916777
3127 1708179916837
3128 1708179916897
3129 1708179916956
3130 1708179917018
3131 1708179917077
3132 1708179917140
3133 1708179917201
3134 1708179917261
3135 1708179917321
3136 1708179917380
3137 1708179917441
3138 1708179917501
3139 1708179917561
3140 1708179917624
3141 1708179917685
3142 1708179917746
3143 1708179917806
3144 1708179917864
3145 1708179917925
3146 1708179917985
3147 1708179918046
3148 1708179918105
3149 1708179918168
3150 1708179918230
3151 1708179918289
3152 1708179918348
3153 1708179918409
3154 1708179918471
3155 1708179918528
3156 1708179918588
3157 1708179918649
3158 1708179918713
3159 1708179918774
3160 1708179918832
3161 1708179918892
3162 1708179918953
3163 1708179919013
3164 1708179919073
3165 1708179919132
3166 1708179919197
3167 1708179919258
3168 1708179919316
3169 1708179919376
3170 1708179919438
3171 1708179919499
3172 1708179919556
3173 1708179919616
3174 1708179919679
3175 1708179919741
3176 1708179919800
3177 1708179919861
3178 1708179919922
3179 1708179919981
3180 1708179920040
3181 1708179920101
3182 1708179920161
3183 1708179920224
3184 1708179920285
3185 1708179920344
3186 1708179920407
3187 1708179920465
3188 1708179920525
3189 1708179920586
3190 1708179920645
3191 1708179920708
3192 1708179920770
3193 1708179920828
3194 1708179920890
3195 1708179920951
3196 1708179921012
3197 1708179921069
3198 1708179921129
3199 1708179921190
3200 1708179921249
3201 1708179921312
3202 1708179921373
3203 1708179921435
3204 1708179921493
3205 1708179921552
3206 1708179921613
3207 1708179921676
3208 1708179921742
3209 1708179921799
3210 1708179921857
3211 1708179921919
3212 1708179921982
3213 1708179922043
3214 1708179922098
3215 1708179922158
3216 1708179922222
3217 1708179922280
3218 1708179922342
3219 1708179922403
3220 1708179922463
3221 1708179922521
3222 1708179922584
3223 1708179922644
3224 1708179922704
3225 1708179922763
3226 1708179922826
3227 1708179922887
3228 1708179922949
3229 1708179923013
3230 1708179923067
3231 1708179923129
3232 1708179923192
3233 1708179923248
3234 1708179923305
3235 1708179923374
3236 1708179923440
3237 1708179923496
3238 1708179923556
3239 1708179923613
3240 1708179923682
3241 1708179923741
3242 1708179923797
3243 1708179923855
3244 1708179923914
3245 1708179923973
3246 1708179924035
3247 1708179924095
3248 1708179924156
3249 1708179924213
3250 1708179924274
3251 1708179924335
3252 1708179924405
3253 1708179924458
3254 1708179924516
3255 1708179924580
3256 1708179924639
3257 1708179924698
3258 1708179924756
3259 1708179924820
3260 1708179924879
3261 1708179924941
3262 1708179925001
3263 1708179925062
3264 1708179925126
3265 1708179925183
3266 1708179925242
3267 1708179925304
3268 1708179925365
3269 1708179925425
3270 1708179925485
3271 1708179925547
3272 1708179925609
3273 1708179925673
3274 1708179925728
3275 1708179925786
3276 1708179925847
3277 1708179925905
3278 1708179925971
3279 1708179926031
3280 1708179926100
3281 1708179926153
3282 1708179926209
3283 1708179926271
3284 1708179926330
3285 1708179926389
3286 1708179926450
3287 1708179926514
3288 1708179926572
3289 1708179926632
3290 1708179926693
3291 1708179926755
3292 1708179926812
3293 1708179926872
3294 1708179926934
3295 1708179926998
3296 1708179927059
3297 1708179927116
3298 1708179927177
3299 1708179927240
3300 1708179927297
3301 1708179927359
3302 1708179927416
3303 1708179927477
3304 1708179927543
3305 1708179927601
3306 1708179927660
3307 1708179927721
3308 1708179927783
3309 1708179927841
3310 1708179927900
3311 1708179927961
3312 1708179928026
3313 1708179928087
3314 1708179928144
3315 1708179928205
3316 1708179928265
3317 1708179928326
3318 1708179928385
3319 1708179928445
3320 1708179928507
3321 1708179928569
3322 1708179928628
3323 1708179928691
3324 1708179928749
3325 1708179928811
3326 1708179928870
3327 1708179928929
3328 1708179928992
3329 1708179929051
3330 1708179929115
3331 1708179929174
3332 1708179929234
3333 1708179929293
3334 1708179929354
3335 1708179929414
3336 1708179929475
3337 1708179929535
3338 1708179929598
3339 1708179929657
3340 1708179929719
3341 1708179929780
3342 1708179929852
3343 1708179929913
3344 1708179929968
3345 1708179930025
3346 1708179930084
3347 1708179930141
3348 1708179930203
3349 1708179930263
3350 1708179930326
3351 1708179930393
3352 1708179930450
3353 1708179930509
3354 1708179930567
3355 1708179930626
3356 1708179930685
3357 1708179930748
3358 1708179930808
3359 1708179930865
3360 1708179930924
3361 1708179930986
3362 1708179931047
3363 1708179931105
3364 1708179931172
3365 1708179931231
3366 1708179931290
3367 1708179931349
3368 1708179931410
3369 1708179931472
3370 1708179931532
3371 1708179931589
3372 1708179931649
3373 1708179931715
3374 1708179931776
3375 1708179931840
3376 1708179931895
3377 1708179931955
3378 1708179932035
3379 1708179932088
3380 1708179932145
3381 1708179932202
3382 1708179932262
3383 1708179932320
3384 1708179932377
3385 1708179932441
3386 1708179932506
3387 1708179932563
3388 1708179932617
3389 1708179932678
3390 1708179932744
3391 1708179932802
3392 1708179932861
3393 1708179932927
3394 1708179932984
3395 1708179933042
3396 1708179933102
3397 1708179933163
3398 1708179933225
3399 1708179933285
3400 1708179933345
3401 1708179933409
3402 1708179933469
3403 1708179933526
3404 1708179933586
3405 1708179933646
3406 1708179933708
3407 1708179933773
3408 1708179933831
3409 1708179933900
3410 1708179933962
3411 1708179934016
3412 1708179934071
3413 1708179934132
3414 1708179934193
3415 1708179934251
3416 1708179934313
3417 1708179934374
3418 1708179934433
3419 1708179934493
3420 1708179934557
3421 1708179934616
3422 1708179934673
3423 1708179934733
3424 1708179934800
3425 1708179934864
3426 1708179934923
3427 1708179934989
3428 1708179935042
3429 1708179935099
3430 1708179935161
3431 1708179935219
3432 1708179935279
3433 1708179935344
3434 1708179935406
3435 1708179935465
3436 1708179935522
3437 1708179935584
3438 1708179935642
3439 1708179935701
3440 1708179935761
3441 1708179935824
3442 1708179935896
3443 1708179935950
3444 1708179936007
3445 1708179936068
3446 1708179936128
3447 1708179936187
3448 1708179936245
3449 1708179936307
3450 1708179936370
3451 1708179936429
3452 1708179936491
3453 1708179936552
3454 1708179936611
3455 1708179936669
3456 1708179936730
3457 1708179936792
3458 1708179936854
3459 1708179936913
3460 1708179936976
3461 1708179937037
3462 1708179937098
3463 1708179937154
3464 1708179937213
3465 1708179937275
3466 1708179937346
3467 1708179937402
3468 1708179937457
3469 1708179937521
3470 1708179937580
3471 1708179937641
3472 1708179937697
3473 1708179937760
3474 1708179937821
3475 1708179937879
3476 1708179937941
3477 1708179938004
3478 1708179938074
3479 1708179938135
3480 1708179938189
3481 1708179938245
3482 1708179938305
3483 1708179938362
3484 1708179938421
3485 1708179938486
3486 1708179938548
3487 1708179938610
3488 1708179938666
3489 1708179938728
3490 1708179938789
3491 1708179938847
3492 1708179938905
3493 1708179938970
3494 1708179939030
3495 1708179939091
3496 1708179939150
3497 1708179939209
3498 1708179939270
3499 1708179939329
3500 1708179939390
3501 1708179939451
3502 1708179939513
3503 1708179939573
3504 1708179939635
3505 1708179939694
3506 1708179939753
3507 1708179939812
3508 1708179939875
3509 1708179939933
3510 1708179939997
3511 1708179940057
3512 1708179940118
3513 1708179940177
3514 1708179940236
3515 1708179940299
3516 1708179940357
3517 1708179940418
3518 1708179940477
3519 1708179940540
3520 1708179940602
3521 1708179940662
3522 1708179940720
3523 1708179940780
3524 1708179940842
3525 1708179940904
3526 1708179940961
3527 1708179941021
3528 1708179941086
3529 1708179941145
3530 1708179941205
3531 1708179941264
3532 1708179941326
3533 1708179941388
3534 1708179941452
3535 1708179941506
3536 1708179941571
3537 1708179941629
3538 1708179941689
3539 1708179941749
3540 1708179941812
3541 1708179941872
3542 1708179941929
3543 1708179941988
3544 1708179942050
3545 1708179942115
3546 1708179942175
3547 1708179942233
3548 1708179942293
3549 1708179942356
3550 1708179942413
3551 1708179942475
3552 1708179942534
3553 1708179942596
3554 1708179942658
3555 1708179942720
3556 1708179942779
3557 1708179942839
3558 1708179942898
3559 1708179942958
3560 1708179943018
3561 1708179943077
3562 1708179943144
3563 1708179943203
3564 1708179943261
3565 1708179943321
3566 1708179943384
3567 1708179943443
3568 1708179943502
3569 1708179943560
3570 1708179943623
3571 1708179943686
3572 1708179943751
3573 1708179943807
3574 1708179943865
3575 1708179943928
3576 1708179943989
3577 1708179944045
3578 1708179944105
3579 1708179944171
3580 1708179944230
3581 1708179944288
3582 1708179944350
3583 1708179944411
3584 1708179944471
3585 1708179944529
3586 1708179944589
3587 1708179944652
3588 1708179944717
3589 1708179944777
3590 1708179944834
3591 1708179944896
3592 1708179944957
3593 1708179945014
3594 1708179945073
3595 1708179945134
3596 1708179945199
3597 1708179945259
3598 1708179945319
3599 1708179945380
3600 1708179945440
3601 1708179945497
3602 1708179945558
3603 1708179945620
3604 1708179945679
3605 1708179945741
3606 1708179945802
3607 1708179945865
3608 1708179945925
3609 1708179945981
3610 1708179946042
3611 1708179946103
3612 1708179946160
3613 1708179946220
3614 1708179946285
3615 1708179946351
3616 1708179946409
3617 1708179946473
3618 1708179946529
3619 1708179946588
3620 1708179946648
3621 1708179946706
3622 1708179946771
3623 1708179946831
3624 1708179946902
3625 1708179946960
3626 1708179947014
3627 1708179947070
3628 1708179947131
3629 1708179947191
3630 1708179947251
3631 1708179947315
3632 1708179947375
3633 1708179947433
3634 1708179947494
3635 1708179947553
3636 1708179947613
3637 1708179947673
3638 1708179947734
3639 1708179947797
3640 1708179947856
3641 1708179947916
3642 1708179947980
3643 1708179948037
3644 1708179948096
3645 1708179948158
3646 1708179948218
3647 1708179948278
3648 1708179948340
3649 1708179948401
3650 1708179948464
3651 1708179948521
3652 1708179948581
3653 1708179948641
3654 1708179948704
3655 1708179948761
3656 1708179948821
3657 1708179948886
3658 1708179948948
3659 1708179949005
3660 1708179949065
3661 1708179949126
3662 1708179949187
3663 1708179949246
3664 1708179949305
3665 1708179949369
3666 1708179949430
3667 1708179949491
3668 1708179949550
3669 1708179949609
3670 1708179949671
3671 1708179949730
3672 1708179949790
3673 1708179949849
3674 1708179949915
3675 1708179949974
3676 1708179950033
3677 1708179950093
3678 1708179950156
3679 1708179950213
3680 1708179950272
3681 1708179950334
3682 1708179950398
3683 1708179950459
3684 1708179950527
3685 1708179950582
3686 1708179950638
3687 1708179950698
3688 1708179950757
3689 1708179950816
3690 1708179950880
3691 1708179950944
3692 1708179951004
3693 1708179951061
3694 1708179951124
3695 1708179951184
3696 1708179951244
3697 1708179951301
3698 1708179951363
3699 1708179951424
3700 1708179951488
3701 1708179951547
3702 1708179951608
3703 1708179951668
3704 1708179951726
3705 1708179951785
3706 1708179951844
3707 1708179951905
3708 1708179951968
3709 1708179952029
3710 1708179952092
3711 1708179952153
3712 1708179952217
3713 1708179952276
3714 1708179952330
3715 1708179952392
3716 1708179952452
3717 1708179952514
3718 1708179952574
3719 1708179952635
3720 1708179952702
3721 1708179952761
3722 1708179952816
3723 1708179952876
3724 1708179952936
3725 1708179952995
3726 1708179953057
3727 1708179953120
3728 1708179953181
3729 1708179953245
3730 1708179953301
3731 1708179953360
3732 1708179953419
3733 1708179953477
3734 1708179953541
3735 1708179953604
3736 1708179953665
3737 1708179953724
3738 1708179953781
3739 1708179953844
3740 1708179953905
3741 1708179953963
3742 1708179954021
3743 1708179954088
3744 1708179954150
3745 1708179954208
3746 1708179954265
3747 1708179954327
3748 1708179954389
3749 1708179954445
3750 1708179954507
3751 1708179954570
3752 1708179954634
3753 1708179954691
3754 1708179954749
3755 1708179954811
3756 1708179954873
3757 1708179954930
3758 1708179954989
3759 1708179955051
3760 1708179955116
3761 1708179955173
3762 1708179955233
3763 1708179955296
3764 1708179955363
3765 1708179955420
3766 1708179955474
3767 1708179955536
3768 1708179955597
3769 1708179955661
3770 1708179955718
3771 1708179955779
3772 1708179955838
3773 1708179955898
3774 1708179955957
3775 1708179956020
3776 1708179956081
3777 1708179956141
3778 1708179956201
3779 1708179956264
3780 1708179956326
3781 1708179956387
3782 1708179956441
3783 1708179956505
3784 1708179956564
3785 1708179956621
3786 1708179956686
3787 1708179956748
3788 1708179956808
3789 1708179956867
3790 1708179956925
3791 1708179956987
3792 1708179957052
3793 1708179957107
3794 1708179957168
3795 1708179957229
3796 1708179957292
3797 1708179957351
3798 1708179957410
3799 1708179957469
3800 1708179957530
3801 1708179957590
3802 1708179957650
3803 1708179957712
3804 1708179957774
3805 1708179957834
3806 1708179957893
3807 1708179957954
3808 1708179958015
3809 1708179958073
3810 1708179958133
3811 1708179958193
3812 1708179958260
3813 1708179958317
3814 1708179958376
3815 1708179958437
3816 1708179958499
3817 1708179958559
3818 1708179958617
3819 1708179958677
3820 1708179958744
3821 1708179958801
3822 1708179958861
3823 1708179958922
3824 1708179958984
3825 1708179959041
3826 1708179959101
3827 1708179959163
3828 1708179959221
3829 1708179959287
3830 1708179959353
3831 1708179959406
3832 1708179959468
3833 1708179959528
3834 1708179959586
3835 1708179959645
3836 1708179959707
3837 1708179959773
3838 1708179959837
3839 1708179959894
3840 1708179959951
3841 1708179960012
3842 1708179960071
3843 1708179960131
3844 1708179960189
3845 1708179960252
3846 1708179960318
3847 1708179960382
3848 1708179960436
3849 1708179960495
3850 1708179960558
3851 1708179960617
3852 1708179960674
3853 1708179960736
3854 1708179960797
3855 1708179960858
3856 1708179960919
3857 1708179960979
3858 1708179961040
3859 1708179961099
3860 1708179961158
3861 1708179961218
3862 1708179961278
3863 1708179961342
3864 1708179961403
3865 1708179961462
3866 1708179961521
3867 1708179961582
3868 1708179961643
3869 1708179961703
3870 1708179961768
3871 1708179961822
3872 1708179961888
3873 1708179961949
3874 1708179962009
3875 1708179962068
3876 1708179962125
3877 1708179962189
3878 1708179962252
3879 1708179962310
3880 1708179962370
3881 1708179962431
3882 1708179962491
3883 1708179962550
3884 1708179962609
3885 1708179962671
3886 1708179962734
3887 1708179962790
3888 1708179962850
3889 1708179962917
3890 1708179962977
3891 1708179963036
3892 1708179963094
3893 1708179963157
3894 1708179963216
3895 1708179963274
3896 1708179963333
3897 1708179963395
3898 1708179963461
3899 1708179963523
3900 1708179963578
3901 1708179963640
3902 1708179963700
3903 1708179963758
3904 1708179963817
3905 1708179963881
3906 1708179963947
3907 1708179964004
3908 1708179964062
3909 1708179964124
3910 1708179964184
3911 1708179964243
3912 1708179964304
3913 1708179964363
3914 1708179964424
3915 1708179964486
3916 1708179964549
3917 1708179964608
3918 1708179964668
3919 1708179964729
3920 1708179964786
3921 1708179964848
3922 1708179964909
3923 1708179964970
3924 1708179965030
3925 1708179965091
3926 1708179965152
3927 1708179965209
3928 1708179965270
3929 1708179965332
3930 1708179965391
3931 1708179965453
3932 1708179965514
3933 1708179965574
3934 1708179965635
3935 1708179965693
3936 1708179965754
3937 1708179965816
3938 1708179965875
3939 1708179965933
3940 1708179965996
3941 1708179966060
3942 1708179966120
3943 1708179966192
3944 1708179966247
3945 1708179966305
3946 1708179966370
3947 1708179966428
3948 1708179966483
3949 1708179966547
3950 1708179966606
3951 1708179966665
3952 1708179966723
3953 1708179966785
3954 1708179966845
3955 1708179966906
3956 1708179966963
3957 1708179967024
3958 1708179967088
3959 1708179967146
3960 1708179967206
3961 1708179967268
3962 1708179967327
3963 1708179967389
3964 1708179967449
3965 1708179967507
3966 1708179967572
3967 1708179967631
3968 1708179967692
3969 1708179967752
3970 1708179967815
3971 1708179967872
3972 1708179967933
3973 1708179967992
3974 1708179968051
3975 1708179968113
3976 1708179968175
3977 1708179968236
3978 1708179968294
3979 1708179968353
3980 1708179968415
3981 1708179968476
3982 1708179968536
3983 1708179968593
3984 1708179968660
3985 1708179968721
3986 1708179968779
3987 1708179968837
3988 1708179968901
3989 1708179968960
3990 1708179969021
3991 1708179969078
3992 1708179969143
3993 1708179969203
3994 1708179969265
3995 1708179969321
3996 1708179969384
3997 1708179969444
3998 1708179969505
3999 1708179969563
4000 1708179969622
4001 1708179969688
4002 1708179969749
4003 1708179969806
4004 1708179969869
4005 1708179969928
4006 1708179969993
4007 1708179970052
4008 1708179970109
4009 1708179970172
4010 1708179970231
4011 1708179970290
4012 1708179970352
4013 1708179970412
4014 1708179970471
4015 1708179970541
4016 1708179970598
4017 1708179970662
4018 1708179970719
4019 1708179970774
4020 1708179970836
4021 1708179970896
4022 1708179970956
4023 1708179971014
4024 1708179971075
4025 1708179971136
4026 1708179971196
4027 1708179971257
4028 1708179971317
4029 1708179971380
4030 1708179971440
4031 1708179971499
4032 1708179971558
4033 1708179971620
4034 1708179971684
4035 1708179971743
4036 1708179971803
4037 1708179971864
4038 1708179971926
4039 1708179971983
4040 1708179972042
4041 1708179972104
4042 1708179972164
4043 1708179972221
4044 1708179972284
4045 1708179972345
4046 1708179972408
4047 1708179972467
4048 1708179972526
4049 1708179972586
4050 1708179972646
4051 1708179972707
4052 1708179972769
4053 1708179972831
4054 1708179972891
4055 1708179972951
4056 1708179973011
4057 1708179973069
4058 1708179973130
4059 1708179973192
4060 1708179973251
4061 1708179973314
4062 1708179973373
4063 1708179973435
4064 1708179973494
4065 1708179973553
4066 1708179973616
4067 1708179973677
4068 1708179973737
4069 1708179973793
4070 1708179973860
4071 1708179973920
4072 1708179973977
4073 1708179974037
4074 1708179974100
4075 1708179974160
4076 1708179974219
4077 1708179974277
4078 1708179974341
4079 1708179974402
4080 1708179974463
4081 1708179974521
4082 1708179974581
4083 1708179974643
4084 1708179974704
4085 1708179974763
4086 1708179974823
4087 1708179974887
4088 1708179974946
4089 1708179975005
4090 1708179975067
4091 1708179975127
4092 1708179975187
4093 1708179975245
4094 1708179975307
4095 1708179975368
4096 1708179975429
4097 1708179975489
4098 1708179975552
4099 1708179975611
4100 1708179975676
4101 1708179975734
4102 1708179975790
4103 1708179975853
4104 1708179975917
4105 1708179975978
4106 1708179976035
4107 1708179976096
4108 1708179976155
4109 1708179976213
4110 1708179976274
4111 1708179976336
4112 1708179976396
4113 1708179976457
4114 1708179976519
4115 1708179976579
4116 1708179976639
4117 1708179976697
4118 1708179976759
4119 1708179976820
4120 1708179976880
4121 1708179976941
4122 1708179977003
4123 1708179977064
4124 1708179977126
4125 1708179977182
4126 1708179977243
4127 1708179977304
4128 1708179977366
4129 1708179977426
4130 1708179977487
4131 1708179977549
4132 1708179977608
4133 1708179977673
4134 1708179977727
4135 1708179977788
4136 1708179977848
4137 1708179977905
4138 1708179977966
4139 1708179978032
4140 1708179978106
4141 1708179978161
4142 1708179978219
4143 1708179978273
4144 1708179978338
4145 1708179978402
4146 1708179978456
4147 1708179978515
4148 1708179978576
4149 1708179978645
4150 1708179978699
4151 1708179978755
4152 1708179978818
4153 1708179978875
4154 1708179978933
4155 1708179978995
4156 1708179979059
4157 1708179979118
4158 1708179979179
4159 1708179979238
4160 1708179979299
4161 1708179979357
4162 1708179979420
4163 1708179979480
4164 1708179979545
4165 1708179979602
4166 1708179979663
4167 1708179979727
4168 1708179979789
4169 1708179979851
4170 1708179979906
4171 1708179979964
4172 1708179980025
4173 1708179980085
4174 1708179980149
4175 1708179980208
4176 1708179980271
4177 1708179980326
4178 1708179980385
4179 1708179980453
4180 1708179980515
4181 1708179980573
4182 1708179980629
4183 1708179980692
4184 1708179980752
4185 1708179980812
4186 1708179980870
4187 1708179980932
4188 1708179980992
4189 1708179981051
4190 1708179981116
4191 1708179981176
4192 1708179981236
4193 1708179981296
4194 1708179981354
4195 1708179981416
4196 1708179981479
4197 1708179981535
4198 1708179981594
4199 1708179981660
4200 1708179981723
4201 1708179981784
4202 1708179981838
4203 1708179981900
4204 1708179981964
4205 1708179982021
4206 1708179982078
4207 1708179982143
4208 1708179982204
4209 1708179982268
4210 1708179982321
4211 1708179982383
4212 1708179982446
4213 1708179982501
4214 1708179982561
4215 1708179982623
4216 1708179982688
4217 1708179982748
4218 1708179982806
4219 1708179982868
4220 1708179982928
4221 1708179982989
4222 1708179983046
4223 1708179983106
4224 1708179983166
4225 1708179983229
4226 1708179983289
4227 1708179983349
4228 1708179983408
4229 1708179983469
4230 1708179983532
4231 1708179983592
4232 1708179983654
4233 1708179983713
4234 1708179983774
4235 1708179983836
4236 1708179983901
4237 1708179983957
4238 1708179984013
4239 1708179984075
4240 1708179984137
4241 1708179984199
4242 1708179984257
4243 1708179984319
4244 1708179984381
4245 1708179984439
4246 1708179984497
4247 1708179984559
4248 1708179984619
4249 1708179984683
4250 1708179984742
4251 1708179984804
4252 1708179984864
4253 1708179984922
4254 1708179984983
4255 1708179985043
4256 1708179985103
4257 1708179985161
4258 1708179985221
4259 1708179985288
4260 1708179985360
4261 1708179985419
4262 1708179985474
4263 1708179985531
4264 1708179985589
4265 1708179985651
4266 1708179985705
4267 1708179985769
4268 1708179985833
4269 1708179985889
4270 1708179985950
4271 1708179986013
4272 1708179986075
4273 1708179986130
4274 1708179986189
4275 1708179986250
4276 1708179986318
4277 1708179986373
4278 1708179986434
4279 1708179986496
4280 1708179986556
4281 1708179986614
4282 1708179986674
4283 1708179986736
4284 1708179986798
4285 1708179986857
4286 1708179986918
4287 1708179986980
4288 1708179987043
4289 1708179987097
4290 1708179987157
4291 1708179987219
4292 1708179987280
4293 1708179987341
4294 1708179987400
4295 1708179987461
4296 1708179987523
4297 1708179987585
4298 1708179987649
4299 1708179987702
4300 1708179987762
4301 1708179987822
4302 1708179987886
4303 1708179987945
4304 1708179988006
4305 1708179988067
4306 1708179988126
4307 1708179988185
4308 1708179988246
4309 1708179988305
4310 1708179988365
4311 1708179988430
4312 1708179988492
4313 1708179988550
4314 1708179988609
4315 1708179988671
4316 1708179988729
4317 1708179988789
4318 1708179988849
4319 1708179988913
4320 1708179988975
4321 1708179989033
4322 1708179989093
4323 1708179989155
4324 1708179989214
4325 1708179989274
4326 1708179989333
4327 1708179989393
4328 1708179989460
4329 1708179989518
4330 1708179989580
4331 1708179989637
4332 1708179989698
4333 1708179989757
4334 1708179989816
4335 1708179989877
4336 1708179989941
4337 1708179990001
4338 1708179990060
4339 1708179990121
4340 1708179990182
4341 1708179990241
4342 1708179990301
4343 1708179990361
4344 1708179990424
4345 1708179990485
4346 1708179990545
4347 1708179990605
4348 1708179990666
4349 1708179990725
4350 1708179990785
4351 1708179990845
4352 1708179990907
4353 1708179990965
4354 1708179991029
4355 1708179991092
4356 1708179991149
4357 1708179991211
4358 1708179991269
4359 1708179991329
4360 1708179991390
4361 1708179991449
4362 1708179991513
4363 1708179991573
4364 1708179991636
4365 1708179991694
4366 1708179991753
4367 1708179991813
4368 1708179991874
4369 1708179991933
4370 1708179991993
4371 1708179992058
4372 1708179992118
4373 1708179992177
4374 1708179992237
4375 1708179992298
4376 1708179992358
4377 1708179992417
4378 1708179992477
4379 1708179992537
4380 1708179992604
4381 1708179992664
4382 1708179992721
4383 1708179992781
4384 1708179992843
4385 1708179992901
4386 1708179992961
4387 1708179993024
4388 1708179993085
4389 1708179993145
4390 1708179993205
4391 1708179993265
4392 1708179993326
4393 1708179993385
4394 1708179993445
4395 1708179993505
4396 1708179993568
4397 1708179993630
4398 1708179993689
4399 1708179993749
4400 1708179993809
4401 1708179993870
4402 1708179993930
4403 1708179993989
4404 1708179994050
4405 1708179994114
4406 1708179994173
4407 1708179994233
4408 1708179994294
4409 1708179994354
4410 1708179994413
4411 1708179994476
4412 1708179994533
4413 1708179994595
4414 1708179994657
4415 1708179994717
4416 1708179994780
4417 1708179994837
4418 1708179994897
4419 1708179994957
4420 1708179995018
4421 1708179995077
4422 1708179995137
4423 1708179995202
4424 1708179995263
4425 1708179995321
4426 1708179995381
4427 1708179995442
4428 1708179995501
4429 1708179995562
4430 1708179995621
4431 1708179995685
4432 1708179995748
4433 1708179995805
4434 1708179995865
4435 1708179995925
4436 1708179995985
4437 1708179996047
4438 1708179996105
4439 1708179996165
4440 1708179996231
4441 1708179996289
4442 1708179996349
4443 1708179996409
4444 1708179996469
4445 1708179996531
4446 1708179996589
4447 1708179996649
4448 1708179996713
4449 1708179996776
4450 1708179996833
4451 1708179996893
4452 1708179996956
4453 1708179997019
4454 1708179997073
4455 1708179997134
4456 1708179997196
4457 1708179997257
4458 1708179997317
4459 1708179997377
4460 1708179997439
4461 1708179997497
4462 1708179997557
4463 1708179997619
4464 1708179997677
4465 1708179997738
4466 1708179997801
4467 1708179997861
4468 1708179997922
4469 1708179997982
4470 1708179998041
4471 1708179998101
4472 1708179998163
4473 1708179998221
4474 1708179998285
4475 1708179998346
4476 1708179998409
4477 1708179998465
4478 1708179998526
4479 1708179998586
4480 1708179998646
4481 1708179998707
4482 1708179998765
4483 1708179998829
4484 1708179998891
4485 1708179998949
4486 1708179999009
4487 1708179999072
4488 1708179999129
4489 1708179999193
4490 1708179999253
4491 1708179999313
4492 1708179999374
4493 1708179999436
4494 1708179999497
4495 1708179999554
4496 1708179999614
4497 1708179999676
4498 1708179999736
4499 1708179999795
4500 1708179999857
4501 1708179999922
4502 1708179999988
4503 1708180000048
4504 1708180000102
4505 1708180000160
4506 1708180000221
4507 1708180000285
4508 1708180000339
4509 1708180000403
4510 1708180000465
4511 1708180000523
4512 1708180000582
4513 1708180000642
4514 1708180000702
4515 1708180000761
4516 1708180000822
4517 1708180000887
4518 1708180000945
4519 1708180001005
4520 1708180001066
4521 1708180001126
4522 1708180001185
4523 1708180001246
4524 1708180001308
4525 1708180001365
4526 1708180001429
4527 1708180001489
4528 1708180001550
4529 1708180001609
4530 1708180001669
4531 1708180001729
4532 1708180001790
4533 1708180001849
4534 1708180001913
4535 1708180001975
4536 1708180002033
4537 1708180002095
4538 1708180002161
4539 1708180002215
4540 1708180002277
4541 1708180002333
4542 1708180002394
4543 1708180002459
4544 1708180002518
4545 1708180002579
4546 1708180002639
4547 1708180002698
4548 1708180002758
4549 1708180002818
4550 1708180002878
4551 1708180002955
4552 1708180003018
4553 1708180003072
4554 1708180003128
4555 1708180003190
4556 1708180003252
4557 1708180003310
4558 1708180003363
4559 1708180003424
4560 1708180003493
4561 1708180003556
4562 1708180003609
4563 1708180003668
4564 1708180003730
4565 1708180003785
4566 1708180003846
4567 1708180003908
4568 1708180003969
4569 1708180004030
4570 1708180004090
4571 1708180004152
4572 1708180004212
4573 1708180004270
4574 1708180004330
4575 1708180004392
4576 1708180004454
4577 1708180004517
4578 1708180004575
4579 1708180004635
4580 1708180004699
4581 1708180004770
4582 1708180004826
4583 1708180004885
4584 1708180004946
4585 1708180005005
4586 1708180005059
4587 1708180005121
4588 1708180005179
4589 1708180005237
4590 1708180005298
4591 1708180005360
4592 1708180005420
4593 1708180005477
4594 1708180005538
4595 1708180005603
4596 1708180005665
4597 1708180005722
4598 1708180005782
4599 1708180005845
4600 1708180005906
4601 1708180005967
4602 1708180006022
4603 1708180006087
4604 1708180006149
4605 1708180006205
4606 1708180006266
4607 1708180006328
4608 1708180006386
4609 1708180006445
4610 1708180006507
4611 1708180006567
4612 1708180006630
4613 1708180006689
4614 1708180006751
4615 1708180006812
4616 1708180006872
4617 1708180006929
4618 1708180006991
4619 1708180007052
4620 1708180007117
4621 1708180007181
4622 1708180007236
4623 1708180007296
4624 1708180007357
4625 1708180007415
4626 1708180007474
4627 1708180007536
4628 1708180007596
4629 1708180007658
4630 1708180007718
4631 1708180007781
4632 1708180007840
4633 1708180007897
4634 1708180007959
4635 1708180008019
4636 1708180008081
4637 1708180008138
4638 1708180008203
4639 1708180008263
4640 1708180008321
4641 1708180008381
4642 1708180008442
4643 1708180008505
4644 1708180008564
4645 1708180008622
4646 1708180008686
4647 1708180008747
4648 1708180008807
4649 1708180008867
4650 1708180008927
4651 1708180008986
4652 1708180009045
4653 1708180009105
4654 1708180009167
4655 1708180009229
4656 1708180009289
4657 1708180009352
4658 1708180009409
4659 1708180009472
4660 1708180009530
4661 1708180009589
4662 1708180009652
4663 1708180009713
4664 1708180009775
4665 1708180009834
4666 1708180009896
4667 1708180009956
4668 1708180010016
4669 1708180010076
4670 1708180010135
4671 1708180010196
4672 1708180010261
4673 1708180010318
4674 1708180010381
4675 1708180010440
4676 1708180010498
4677 1708180010557
4678 1708180010619
4679 1708180010680
4680 1708180010740
4681 1708180010803
4682 1708180010862
4683 1708180010924
4684 1708180010984
4685 1708180011042
4686 1708180011105
4687 1708180011164
4688 1708180011229
4689 1708180011287
4690 1708180011347
4691 1708180011409
4692 1708180011469
4693 1708180011526
4694 1708180011587
4695 1708180011648
4696 1708180011709
4697 1708180011783
4698 1708180011838
4699 1708180011895
4700 1708180011956
4701 1708180012020
4702 1708180012076
4703 1708180012132
4704 1708180012192
4705 1708180012252
4706 1708180012310
4707 1708180012376
4708 1708180012436
4709 1708180012494
4710 1708180012555
4711 1708180012615
4712 1708180012673
4713 1708180012733
4714 1708180012794
4715 1708180012859
4716 1708180012917
4717 1708180012978
4718 1708180013041
4719 1708180013102
4720 1708180013158
4721 1708180013220
4722 1708180013280
4723 1708180013355
4724 1708180013409
4725 1708180013461
4726 1708180013521
4727 1708180013581
4728 1708180013642
4729 1708180013705
4730 1708180013768
4731 1708180013825
4732 1708180013888
4733 1708180013946
4734 1708180014007
4735 1708180014068
4736 1708180014128
4737 1708180014185
4738 1708180014247
4739 1708180014307
4740 1708180014369
4741 1708180014431
4742 1708180014489
4743 1708180014550
4744 1708180014613
4745 1708180014671
4746 1708180014730
4747 1708180014792
4748 1708180014853
4749 1708180014913
4750 1708180014974
4751 1708180015036
4752 1708180015097
4753 1708180015155
4754 1708180015215
4755 1708180015277
4756 1708180015337
4757 1708180015396
4758 1708180015459
4759 1708180015521
4760 1708180015580
4761 1708180015639
4762 1708180015698
4763 1708180015763
4764 1708180015824
4765 1708180015890
4766 1708180015948
4767 1708180016007
4768 1708180016069
4769 1708180016130
4770 1708180016187
4771 1708180016242
4772 1708180016304
4773 1708180016362
4774 1708180016423
4775 1708180016488
4776 1708180016548
4777 1708180016606
4778 1708180016666
4779 1708180016727
4780 1708180016786
4781 1708180016846
4782 1708180016906
4783 1708180016968
4784 1708180017032
4785 1708180017094
4786 1708180017155
4787 1708180017213
4788 1708180017274
4789 1708180017332
4790 1708180017390
4791 1708180017452
4792 1708180017513
4793 1708180017574
4794 1708180017633
4795 1708180017696
4796 1708180017756
4797 1708180017816
4798 1708180017881
4799 1708180017939
4800 1708180017997
4801 1708180018061
4802 1708180018120
4803 1708180018181
4804 1708180018241
4805 1708180018302
4806 1708180018364
4807 1708180018426
4808 1708180018481
4809 1708180018539
4810 1708180018603
4811 1708180018662
4812 1708180018722
4813 1708180018783
4814 1708180018843
4815 1708180018901
4816 1708180018962
4817 1708180019025
4818 1708180019088
4819 1708180019146
4820 1708180019208
4821 1708180019268
4822 1708180019329
4823 1708180019387
4824 1708180019448
4825 1708180019509
4826 1708180019571
4827 1708180019630
4828 1708180019692
4829 1708180019753
4830 1708180019811
4831 1708180019870
4832 1708180019932
4833 1708180019992
4834 1708180020052
4835 1708180020112
4836 1708180020175
4837 1708180020235
4838 1708180020296
4839 1708180020358
4840 1708180020416
4841 1708180020476
4842 1708180020536
4843 1708180020594
4844 1708180020661
4845 1708180020720
4846 1708180020781
4847 1708180020838
4848 1708180020898
4849 1708180020961
4850 1708180021022
4851 1708180021080
4852 1708180021139
4853 1708180021204
4854 1708180021269
4855 1708180021335
4856 1708180021393
4857 1708180021450
4858 1708180021509
4859 1708180021566
4860 1708180021624
4861 1708180021688
4862 1708180021748
4863 1708180021807
4864 1708180021869
4865 1708180021928
4866 1708180021993
4867 1708180022057
4868 1708180022115
4869 1708180022172
4870 1708180022234
4871 1708180022291
4872 1708180022351
4873 1708180022413
4874 1708180022475
4875 1708180022534
4876 1708180022594
4877 1708180022652
4878 1708180022716
4879 1708180022774
4880 1708180022835
4881 1708180022896
4882 1708180022959
4883 1708180023017
4884 1708180023077
4885 1708180023136
4886 1708180023198
4887 1708180023259
4888 1708180023320
4889 1708180023402
4890 1708180023467
4891 1708180023519
4892 1708180023572
4893 1708180023630
4894 1708180023689
4895 1708180023746
4896 1708180023804
4897 1708180023865
4898 1708180023930
4899 1708180023987
4900 1708180024045
4901 1708180024103
4902 1708180024164
4903 1708180024222
4904 1708180024288
4905 1708180024348
4906 1708180024410
4907 1708180024466
4908 1708180024526
4909 1708180024588
4910 1708180024656
4911 1708180024716
4912 1708180024773
4913 1708180024831
4914 1708180024891
4915 1708180024952
4916 1708180025010
4917 1708180025071
4918 1708180025132
4919 1708180025191
4920 1708180025251
4921 1708180025313
4922 1708180025376
4923 1708180025434
4924 1708180025498
4925 1708180025556
4926 1708180025617
4927 1708180025674
4928 1708180025734
4929 1708180025797
4930 1708180025868
4931 1708180025927
4932 1708180025981
4933 1708180026040
4934 1708180026102
4935 1708180026159
4936 1708180026219
4937 1708180026279
4938 1708180026343
4939 1708180026403
4940 1708180026465
4941 1708180026525
4942 1708180026586
4943 1708180026650
4944 1708180026707
4945 1708180026765
4946 1708180026825
4947 1708180026889
4948 1708180026946
4949 1708180027009
4950 1708180027068
4951 1708180027126
4952 1708180027186
4953 1708180027248
4954 1708180027308
4955 1708180027366
4956 1708180027431
4957 1708180027492
4958 1708180027553
4959 1708180027611
4960 1708180027672
4961 1708180027733
4962 1708180027791
4963 1708180027850
4964 1708180027912
4965 1708180027976
4966 1708180028035
4967 1708180028094
4968 1708180028156
4969 1708180028217
4970 1708180028276
4971 1708180028336
4972 1708180028396
4973 1708180028461
4974 1708180028518
4975 1708180028577
4976 1708180028639
4977 1708180028700
4978 1708180028763
4979 1708180028818
4980 1708180028878
4981 1708180028940
4982 1708180029005
4983 1708180029062
4984 1708180029122
4985 1708180029185
4986 1708180029246
4987 1708180029314
4988 1708180029369
4989 1708180029424
4990 1708180029486
4991 1708180029546
4992 1708180029607
4993 1708180029667
4994 1708180029728
4995 1708180029787
4996 1708180029849
4997 1708180029907
4998 1708180029974
4999 1708180030031
5000 1708180030091
5001 1708180030152
5002 1708180030212
5003 1708180030271
5004 1708180030331
5005 1708180030391
5006 1708180030450
5007 1708180030510
5008 1708180030575
5009 1708180030635
5010 1708180030696
5011 1708180030754
5012 1708180030814
5013 1708180030875
5014 1708180030934
5015 1708180030993
5016 1708180031058
5017 1708180031119
5018 1708180031177
5019 1708180031237
5020 1708180031299
5021 1708180031359
5022 1708180031418
5023 1708180031478
5024 1708180031539
5025 1708180031603
5026 1708180031661
5027 1708180031721
5028 1708180031784
5029 1708180031843
5030 1708180031902
5031 1708180031961
5032 1708180032024
5033 1708180032084
5034 1708180032149
5035 1708180032207
5036 1708180032266
5037 1708180032329
5038 1708180032389
5039 1708180032446
5040 1708180032510
5041 1708180032569
5042 1708180032631
5043 1708180032690
5044 1708180032749
5045 1708180032813
5046 1708180032872
5047 1708180032933
5048 1708180032990
5049 1708180033050
5050 1708180033112
5051 1708180033177
5052 1708180033237
5053 1708180033305
5054 1708180033358
5055 1708180033416
5056 1708180033477
5057 1708180033534
5058 1708180033593
5059 1708180033662
5060 1708180033724
5061 1708180033780
5062 1708180033838
5063 1708180033900
5064 1708180033961
5065 1708180034019
5066 1708180034078
5067 1708180034140
5068 1708180034205
5069 1708180034262
5070 1708180034324
5071 1708180034384
5072 1708180034445
5073 1708180034501
5074 1708180034562
5075 1708180034626
5076 1708180034685
5077 1708180034746
5078 1708180034806
5079 1708180034869
5080 1708180034928
5081 1708180034986
5082 1708180035046
5083 1708180035110
5084 1708180035169
5085 1708180035230
5086 1708180035290
5087 1708180035352
5088 1708180035415
5089 1708180035471
5090 1708180035530
5091 1708180035592
5092 1708180035653
5093 1708180035711
5094 1708180035774
5095 1708180035837
5096 1708180035895
5097 1708180035953
5098 1708180036015
5099 1708180036076
5100 1708180036133
5101 1708180036197
5102 1708180036258
5103 1708180036321
5104 1708180036382
5105 1708180036448
5106 1708180036505
5107 1708180036564
5108 1708180036623
5109 1708180036679
5110 1708180036741
5111 1708180036805
5112 1708180036862
5113 1708180036921
5114 1708180036984
5115 1708180037044
5116 1708180037104
5117 1708180037161
5118 1708180037222
5119 1708180037285
5120 1708180037350
5121 1708180037412
5122 1708180037471
5123 1708180037528
5124 1708180037587
5125 1708180037646
5126 1708180037711
5127 1708180037772
5128 1708180037832
5129 1708180037890
5130 1708180037949
5131 1708180038012
5132 1708180038075
5133 1708180038135
5134 1708180038190
5135 1708180038252
5136 1708180038313
5137 1708180038373
5138 1708180038436
5139 1708180038496
5140 1708180038559
5141 1708180038613
5142 1708180038676
5143 1708180038737
5144 1708180038814
5145 1708180038869
5146 1708180038929
5147 1708180038987
5148 1708180039047
5149 1708180039104
5150 1708180039158
5151 1708180039219
5152 1708180039280
5153 1708180039337
5154 1708180039401
5155 1708180039462
5156 1708180039523
5157 1708180039583
5158 1708180039643
5159 1708180039703
5160 1708180039762
5161 1708180039821
5162 1708180039883
5163 1708180039947
5164 1708180040005
5165 1708180040065
