1 1703949275342 1 101 5.057721 1 102 5.175015
2 1703949276057 3 101 5.207858 3 102 5.038954
3 1703949276302 2 101 5.095255 2 102 5.029571
4 1703949276547 1 101 5.010804 1 102 5.160940
5 1703949276792 3 101 5.245392 3 102 5.067105
6 1703949277043 2 101 5.118714 2 102 5.067105
7 1703949277291 1 101 5.062413 1 102 5.151556
8 1703949277535 3 101 5.221933 3 102 5.024879
9 1703949277780 2 101 5.109331 2 102 5.024879
10 1703949278025 1 101 5.015495 1 102 5.175015
11 1703949278272 3 101 5.212550 3 102 5.048338
12 1703949278516 2 101 5.114023 2 102 5.024879
13 1703949278759 1 101 5.048338 1 102 5.165632
14 1703949279004 3 101 5.212550 3 102 5.043646
15 1703949279254 2 101 5.085872 2 102 5.081180
16 1703949279500 1 101 5.071796 1 102 5.165632
17 1703949279748 3 101 5.231317 3 102 5.024879
18 1703949280003 2 101 5.057721 2 102 5.048338
19 1703949280248 1 101 5.067105 1 102 5.142173
20 1703949280493 3 101 5.217241 3 102 5.020187
21 1703949280740 2 101 5.076488 2 102 5.057721
22 1703949280984 1 101 5.029571 1 102 5.151556
23 1703949281231 3 101 5.245392 3 102 5.057721
24 1703949281474 2 101 5.090564 2 102 5.034263
25 1703949281718 1 101 5.067105 1 102 5.137481
26 1703949281964 3 101 5.226625 3 102 5.043646
27 1703949282206 2 101 5.062413 2 102 5.020187
28 1703949282452 1 101 5.038954 1 102 5.151556
29 1703949282699 3 101 5.212550 3 102 5.020187
30 1703949282946 2 101 5.085872 2 102 5.048338
31 1703949283192 1 101 5.043646 1 102 5.160940
32 1703949284007 3 101 5.221933 3 102 5.057721
33 1703949284251 2 101 5.095255 2 102 5.081180
34 1703949284495 1 101 5.034263 1 102 5.156249
35 1703949284740 3 101 5.240700 3 102 5.062413
36 1703949284983 2 101 5.081180 2 102 5.024879
37 1703949285230 1 101 5.067105 1 102 5.156249
38 1703949285474 3 101 5.217241 3 102 5.067105
39 1703949285716 2 101 5.081180 2 102 5.076488
40 1703949285963 1 101 5.076488 1 102 5.142173
41 1703949286207 3 101 5.203166 3 102 5.020187
42 1703949286450 2 101 5.104639 2 102 5.038954
43 1703949286697 1 101 5.048338 1 102 5.160940
44 1703949286941 3 101 5.193782 3 102 5.006112
45 1703949287188 2 101 5.114023 2 102 5.001420
46 1703949287431 1 101 5.043646 1 102 5.179707
47 1703949287679 3 101 5.221933 3 102 5.057721
48 1703949287926 2 101 5.085872 2 102 5.038954
49 1703949288174 1 101 5.038954 1 102 5.160940
50 1703949288417 3 101 5.240700 3 102 5.062413
51 1703949288658 2 101 5.081180 2 102 5.038954
52 1703949288902 1 101 5.085872 1 102 5.165632
53 1703949289150 3 101 5.217241 3 102 5.038954
54 1703949289398 2 101 5.071796 2 102 5.062413
55 1703949289643 1 101 5.048338 1 102 5.156249
56 1703949289888 3 101 5.236008 3 102 5.029571
57 1703949290134 2 101 5.104639 2 102 5.085872
58 1703949290375 1 101 5.062413 1 102 5.175015
59 1703949290621 3 101 5.189091 3 102 5.034263
60 1703949290866 2 101 5.085872 2 102 5.067105
61 1703949291113 1 101 5.029571 1 102 5.132790
62 1703949291358 3 101 5.221933 3 102 5.038954
63 1703949291605 2 101 5.090564 2 102 5.085872
64 1703949291852 1 101 5.067105 1 102 5.175015
65 1703949292096 3 101 5.198474 3 102 5.043646
66 1703949292341 2 101 5.067105 2 102 5.057721
67 1703949292586 1 101 5.038954 1 102 5.146865
68 1703949292835 3 101 5.179707 3 102 5.010804
69 1703949293079 2 101 5.071796 2 102 5.024879
70 1703949293325 1 101 5.034263 1 102 5.156249
71 1703949293569 3 101 5.198474 3 102 5.020187
72 1703949293811 2 101 5.081180 2 102 5.048338
73 1703949294058 1 101 5.038954 1 102 5.165632
74 1703949294303 3 101 5.221933 3 102 5.024879
75 1703949294553 2 101 5.090564 2 102 5.071796
76 1703949294799 1 101 5.038954 1 102 5.165632
77 1703949295041 3 101 5.240700 3 102 5.034263
78 1703949295286 2 101 5.085872 2 102 5.048338
79 1703949295533 1 101 5.053030 1 102 5.156249
80 1703949295781 3 101 5.240700 3 102 5.024879
81 1703949296027 2 101 5.085872 2 102 5.029571
82 1703949296273 1 101 5.053030 1 102 5.175015
83 1703949296521 3 101 5.231317 3 102 5.024879
84 1703949296767 2 101 5.053030 2 102 5.071796
85 1703949297012 1 101 5.053030 1 102 5.142173
86 1703949297256 3 101 5.212550 3 102 5.053030
87 1703949297502 2 101 5.090564 2 102 5.038954
88 1703949297747 1 101 5.038954 1 102 5.170324
89 1703949297995 3 101 5.240700 3 102 5.071796
90 1703949298240 2 101 5.095255 2 102 5.057721
91 1703949298486 1 101 5.053030 1 102 5.165632
92 1703949298730 3 101 5.221933 3 102 5.024879
93 1703949298975 2 101 5.099947 2 102 5.057721
94 1703949299222 1 101 5.029571 1 102 5.179707
95 1703949299468 3 101 5.179707 3 102 5.038954
96 1703949299713 2 101 5.085872 2 102 5.015495
97 1703949300980 1 101 5.048338 1 102 5.165632
98 1703949301229 3 101 5.236008 3 102 5.029571
99 1703949301475 2 101 5.076488 2 102 5.038954
100 1703949301722 1 101 5.048338 1 102 5.207858
101 1703949301967 3 101 5.193782 3 102 5.029571
102 1703949302210 2 101 5.071796 2 102 5.038954
103 1703949302457 1 101 5.053030 1 102 5.189091
104 1703949302704 3 101 5.221933 3 102 5.024879
105 1703949302950 2 101 5.095255 2 102 5.071796
106 1703949303195 1 101 5.043646 1 102 5.170324
107 1703949303440 3 101 5.207858 3 102 5.048338
108 1703949303685 2 101 5.109331 2 102 5.057721
109 1703949303933 1 101 5.024879 1 102 5.160940
110 1703949304179 3 101 5.203166 3 102 5.062413
111 1703949304424 2 101 5.090564 2 102 5.048338
112 1703949304667 1 101 5.057721 1 102 5.151556
113 1703949304914 3 101 5.254776 3 102 5.048338
114 1703949305162 2 101 5.071796 2 102 5.024879
115 1703949305408 1 101 5.053030 1 102 5.160940
116 1703949305653 3 101 5.212550 3 102 5.001420
117 1703949305896 2 101 5.104639 2 102 5.067105
118 1703949306141 1 101 5.085872 1 102 5.165632
119 1703949306384 3 101 5.184399 3 102 5.057721
120 1703949306629 2 101 5.104639 2 102 5.067105
121 1703949306875 1 101 5.085872 1 102 5.156249
122 1703949307118 3 101 5.240700 3 102 5.048338
123 1703949307366 2 101 5.067105 2 102 5.024879
124 1703949307612 1 101 5.048338 1 102 5.179707
125 1703949307855 3 101 5.207858 3 102 5.029571
126 1703949308099 2 101 5.104639 2 102 5.006112
127 1703949308342 1 101 5.048338 1 102 5.156249
128 1703949308589 3 101 5.203166 3 102 5.057721
129 1703949308845 2 101 5.099947 2 102 5.071796
130 1703949309090 1 101 5.067105 1 102 5.156249
131 1703949309342 3 101 5.236008 3 102 5.034263
132 1703949309587 2 101 5.104639 2 102 5.053030
133 1703949309834 1 101 5.062413 1 102 5.189091
134 1703949310080 3 101 5.221933 3 102 5.053030
135 1703949310327 2 101 5.071796 2 102 5.053030
136 1703949310571 1 101 5.081180 1 102 5.170324
137 1703949310818 3 101 5.221933 3 102 5.015495
138 1703949311064 2 101 5.067105 2 102 5.034263
139 1703949311310 1 101 5.048338 1 102 5.160940
140 1703949311557 3 101 5.236008 3 102 5.038954
141 1703949311802 2 101 5.071796 2 102 5.034263
142 1703949312049 1 101 5.038954 1 102 5.156249
143 1703949312295 3 101 5.240700 3 102 5.034263
144 1703949312542 2 101 5.067105 2 102 5.034263
145 1703949312792 1 101 5.038954 1 102 5.151556
146 1703949313048 3 101 5.175015 3 102 5.048338
147 1703949313295 2 101 5.081180 2 102 5.057721
148 1703949313541 1 101 5.081180 1 102 5.175015
149 1703949313788 3 101 5.212550 3 102 5.024879
150 1703949314034 2 101 5.081180 2 102 5.043646
151 1703949314280 1 101 5.057721 1 102 5.184399
152 1703949314528 3 101 5.212550 3 102 5.034263
153 1703949314772 2 101 5.057721 2 102 5.043646
154 1703949315023 1 101 5.034263 1 102 5.151556
155 1703949315268 3 101 5.212550 3 102 5.024879
156 1703949315515 2 101 5.067105 2 102 5.043646
157 1703949315761 1 101 5.029571 1 102 5.151556
158 1703949316007 3 101 5.226625 3 102 5.038954
159 1703949316250 2 101 5.099947 2 102 5.038954
160 1703949316498 1 101 5.038954 1 102 5.175015
161 1703949316743 3 101 5.207858 3 102 5.034263
162 1703949316990 2 101 5.095255 2 102 5.029571
163 1703949317246 1 101 5.043646 1 102 5.151556
164 1703949317491 3 101 5.212550 3 102 5.062413
165 1703949317740 2 101 5.038954 2 102 5.053030
166 1703949317989 1 101 5.048338 1 102 5.151556
167 1703949318247 3 101 5.203166 3 102 5.024879
168 1703949318497 2 101 5.081180 2 102 5.081180
169 1703949318741 1 101 5.076488 1 102 5.179707
170 1703949318989 3 101 5.226625 3 102 5.053030
171 1703949319233 2 101 5.095255 2 102 5.090564
172 1703949319479 1 101 5.057721 1 102 5.156249
173 1703949319725 3 101 5.221933 3 102 5.034263
174 1703949319972 2 101 5.081180 2 102 5.071796
175 1703949320220 1 101 5.053030 1 102 5.175015
176 1703949320464 3 101 5.226625 3 102 5.024879
177 1703949320711 2 101 5.062413 2 102 5.043646
178 1703949320956 1 101 5.048338 1 102 5.175015
179 1703949321202 3 101 5.203166 3 102 5.081180
180 1703949321448 2 101 5.095255 2 102 5.043646
181 1703949321694 1 101 5.038954 1 102 5.151556
182 1703949321943 3 101 5.184399 3 102 5.029571
183 1703949322187 2 101 5.085872 2 102 5.057721
184 1703949322433 1 101 5.062413 1 102 5.170324
185 1703949322679 3 101 5.189091 3 102 5.038954
186 1703949322925 2 101 5.071796 2 102 5.081180
187 1703949323165 1 101 5.038954 1 102 5.156249
188 1703949323410 3 101 5.226625 3 102 5.006112
189 1703949323654 2 101 5.081180 2 102 5.062413
190 1703949323901 1 101 5.057721 1 102 5.165632
191 1703949324147 3 101 5.198474 3 102 5.010804
192 1703949324393 2 101 5.081180 2 102 5.043646
193 1703949324636 1 101 5.053030 1 102 5.156249
194 1703949324881 3 101 5.250083 3 102 5.048338
195 1703949325123 2 101 5.081180 2 102 5.076488
196 1703949325364 1 101 5.048338 1 102 5.165632
197 1703949325608 3 101 5.221933 3 102 5.038954
198 1703949325854 2 101 5.071796 2 102 5.053030
199 1703949326099 1 101 5.034263 1 102 5.193782
200 1703949326346 3 101 5.212550 3 102 5.029571
201 1703949326591 2 101 5.048338 2 102 5.048338
202 1703949327946 1 101 5.029571 1 102 5.175015
203 1703949328194 3 101 5.203166 3 102 5.057721
204 1703949328439 2 101 5.062413 2 102 5.057721
205 1703949328685 1 101 5.062413 1 102 5.165632
206 1703949328930 3 101 5.226625 3 102 5.024879
207 1703949329174 2 101 5.118714 2 102 5.029571
208 1703949329418 1 101 5.076488 1 102 5.142173
209 1703949329662 3 101 5.212550 3 102 5.043646
210 1703949329909 2 101 5.071796 2 102 5.053030
211 1703949330158 1 101 5.085872 1 102 5.137481
212 1703949330406 3 101 5.236008 3 102 5.062413
213 1703949330653 2 101 5.081180 2 102 5.048338
214 1703949330902 1 101 5.029571 1 102 5.165632
215 1703949331151 3 101 5.240700 3 102 5.020187
216 1703949331398 2 101 5.104639 2 102 5.029571
217 1703949331644 1 101 5.048338 1 102 5.179707
218 1703949331890 3 101 5.221933 3 102 5.029571
219 1703949332138 2 101 5.057721 2 102 5.034263
220 1703949332383 1 101 5.038954 1 102 5.146865
221 1703949332629 3 101 5.221933 3 102 5.038954
222 1703949332877 2 101 5.090564 2 102 5.053030
223 1703949333124 1 101 5.053030 1 102 5.151556
224 1703949333382 3 101 5.203166 3 102 5.043646
225 1703949333632 2 101 5.076488 2 102 5.053030
226 1703949333880 1 101 5.053030 1 102 5.175015
227 1703949334127 3 101 5.203166 3 102 5.024879
228 1703949334376 2 101 5.081180 2 102 5.043646
229 1703949334625 1 101 5.029571 1 102 5.175015
230 1703949334870 3 101 5.217241 3 102 5.053030
231 1703949335114 2 101 5.095255 2 102 5.043646
232 1703949335360 1 101 5.053030 1 102 5.156249
233 1703949335609 3 101 5.198474 3 102 5.029571
234 1703949335858 2 101 5.090564 2 102 5.067105
235 1703949336101 1 101 5.062413 1 102 5.170324
236 1703949336345 3 101 5.179707 3 102 5.048338
237 1703949336591 2 101 5.099947 2 102 5.015495
238 1703949336835 1 101 5.020187 1 102 5.175015
239 1703949337079 3 101 5.212550 3 102 5.053030
240 1703949337327 2 101 5.104639 2 102 5.062413
241 1703949337573 1 101 5.029571 1 102 5.156249
242 1703949337817 3 101 5.203166 3 102 5.038954
243 1703949338063 2 101 5.090564 2 102 5.067105
244 1703949338307 1 101 5.053030 1 102 5.151556
245 1703949338550 3 101 5.212550 3 102 5.024879
246 1703949338797 2 101 5.114023 2 102 5.024879
247 1703949339040 1 101 5.048338 1 102 5.175015
248 1703949339289 3 101 5.226625 3 102 5.048338
249 1703949339537 2 101 5.095255 2 102 5.048338
250 1703949339784 1 101 5.034263 1 102 5.179707
251 1703949340025 3 101 5.203166 3 102 5.057721
252 1703949340268 2 101 5.104639 2 102 5.057721
253 1703949340512 1 101 5.057721 1 102 5.165632
254 1703949340758 3 101 5.207858 3 102 5.043646
255 1703949341005 2 101 5.062413 2 102 5.015495
256 1703949341250 1 101 5.043646 1 102 5.170324
257 1703949341491 3 101 5.231317 3 102 5.029571
258 1703949341734 2 101 5.104639 2 102 5.071796
259 1703949341978 1 101 5.043646 1 102 5.179707
260 1703949342225 3 101 5.221933 3 102 5.043646
261 1703949342479 2 101 5.081180 2 102 5.043646
262 1703949342727 1 101 5.071796 1 102 5.179707
263 1703949342973 3 101 5.184399 3 102 5.034263
264 1703949343219 2 101 5.076488 2 102 5.048338
265 1703949343465 1 101 5.024879 1 102 5.137481
266 1703949343712 3 101 5.198474 3 102 5.029571
267 1703949343963 2 101 5.090564 2 102 5.034263
268 1703949344208 1 101 5.067105 1 102 5.132790
269 1703949344455 3 101 5.217241 3 102 5.043646
270 1703949344701 2 101 5.081180 2 102 5.043646
271 1703949344947 1 101 5.071796 1 102 5.193782
272 1703949345194 3 101 5.231317 3 102 5.024879
273 1703949345439 2 101 5.067105 2 102 5.048338
274 1703949345683 1 101 5.038954 1 102 5.165632
275 1703949345929 3 101 5.203166 3 102 5.034263
276 1703949346174 2 101 5.081180 2 102 5.038954
277 1703949346419 1 101 5.053030 1 102 5.160940
278 1703949346666 3 101 5.217241 3 102 5.043646
279 1703949346914 2 101 5.085872 2 102 5.034263
280 1703949347158 1 101 5.076488 1 102 5.170324
281 1703949347406 3 101 5.236008 3 102 5.015495
282 1703949347658 2 101 5.071796 2 102 5.015495
283 1703949347903 1 101 5.071796 1 102 5.170324
284 1703949348149 3 101 5.207858 3 102 5.038954
285 1703949348396 2 101 5.071796 2 102 5.062413
286 1703949348640 1 101 5.020187 1 102 5.179707
287 1703949348889 3 101 5.203166 3 102 5.048338
288 1703949349135 2 101 5.076488 2 102 5.043646
289 1703949349378 1 101 5.048338 1 102 5.179707
290 1703949349623 3 101 5.189091 3 102 5.020187
291 1703949349867 2 101 5.109331 2 102 5.024879
292 1703949350116 1 101 5.053030 1 102 5.151556
293 1703949350362 3 101 5.207858 3 102 5.062413
294 1703949350606 2 101 5.081180 2 102 5.043646
295 1703949350852 1 101 5.053030 1 102 5.156249
296 1703949351097 3 101 5.189091 3 102 5.057721
297 1703949351341 2 101 5.085872 2 102 5.062413
298 1703949351592 1 101 5.057721 1 102 5.165632
299 1703949351841 3 101 5.212550 3 102 5.043646
300 1703949352090 2 101 5.095255 2 102 5.057721
301 1703949352334 1 101 5.029571 1 102 5.165632
302 1703949352581 3 101 5.198474 3 102 5.020187
303 1703949352837 2 101 5.071796 2 102 5.020187
304 1703949353081 1 101 5.020187 1 102 5.170324
305 1703949353328 3 101 5.240700 3 102 5.029571
306 1703949353581 2 101 5.057721 2 102 5.006112
307 1703949353823 1 101 5.062413 1 102 5.146865
308 1703949354066 3 101 5.236008 3 102 5.015495
309 1703949354309 2 101 5.034263 2 102 5.062413
310 1703949354552 1 101 5.020187 1 102 5.170324
311 1703949354795 3 101 5.193782 3 102 5.038954
312 1703949355038 2 101 5.095255 2 102 5.038954
313 1703949355281 1 101 5.048338 1 102 5.151556
314 1703949355526 3 101 5.212550 3 102 5.048338
315 1703949355771 2 101 5.085872 2 102 5.053030
316 1703949356014 1 101 5.043646 1 102 5.165632
317 1703949356260 3 101 5.231317 3 102 5.015495
318 1703949356508 2 101 5.095255 2 102 5.057721
319 1703949356754 1 101 5.048338 1 102 5.142173
320 1703949357000 3 101 5.207858 3 102 5.053030
321 1703949357242 2 101 5.071796 2 102 5.043646
322 1703949357485 1 101 5.099947 1 102 5.189091
323 1703949357728 3 101 5.203166 3 102 5.001420
324 1703949357982 2 101 5.081180 2 102 5.024879
325 1703949358227 1 101 5.071796 1 102 5.151556
326 1703949358469 3 101 5.198474 3 102 5.029571
327 1703949358711 2 101 5.085872 2 102 5.057721
328 1703949358956 1 101 5.076488 1 102 5.170324
329 1703949359202 3 101 5.221933 3 102 5.043646
330 1703949360464 2 101 5.081180 2 102 5.048338
331 1703949360707 1 101 5.048338 1 102 5.156249
332 1703949360952 3 101 5.203166 3 102 5.062413
333 1703949361198 2 101 5.043646 2 102 5.053030
334 1703949361442 1 101 5.062413 1 102 5.156249
335 1703949361687 3 101 5.179707 3 102 5.034263
336 1703949361935 2 101 5.081180 2 102 5.038954
337 1703949362182 1 101 5.043646 1 102 5.151556
338 1703949362424 3 101 5.198474 3 102 5.038954
339 1703949362673 2 101 5.085872 2 102 5.015495
340 1703949362916 1 101 5.038954 1 102 5.156249
341 1703949363164 3 101 5.231317 3 102 5.043646
342 1703949363410 2 101 5.085872 2 102 5.057721
343 1703949363652 1 101 5.057721 1 102 5.165632
344 1703949363896 3 101 5.217241 3 102 5.043646
345 1703949364140 2 101 5.099947 2 102 5.038954
346 1703949364388 1 101 5.034263 1 102 5.151556
347 1703949364634 3 101 5.236008 3 102 5.038954
348 1703949364879 2 101 5.099947 2 102 5.038954
349 1703949365126 1 101 5.038954 1 102 5.175015
350 1703949366392 3 101 5.207858 3 102 5.034263