1 1703949276463
2 1703949276542
3 1703949276566
4 1703949276594
5 1703949276626
6 1703949276658
7 1703949276690
8 1703949276727
9 1703949276758
10 1703949276790
11 1703949276826
12 1703949276862
13 1703949276895
14 1703949276926
15 1703949276958
16 1703949276995
17 1703949277028
18 1703949277060
19 1703949277096
20 1703949277128
21 1703949277164
22 1703949277197
23 1703949277257
24 1703949277319
25 1703949277371
26 1703949277411
27 1703949277452
28 1703949277492
29 1703949277527
30 1703949277568
31 1703949277611
32 1703949277651
33 1703949277691
34 1703949277732
35 1703949277772
36 1703949277811
37 1703949277850
38 1703949277891
39 1703949277930
40 1703949277970
41 1703949278011
42 1703949278050
43 1703949278090
44 1703949278130
45 1703949278170
46 1703949278215
47 1703949278250
48 1703949278294
49 1703949278334
50 1703949278374
51 1703949278415
52 1703949278454
53 1703949278494
54 1703949278534
55 1703949278574
56 1703949278613
57 1703949278653
58 1703949278693
59 1703949278733
60 1703949278773
61 1703949278817
62 1703949278857
63 1703949278899
64 1703949278938
65 1703949278977
66 1703949279017
67 1703949279057
68 1703949279097
69 1703949279137
70 1703949279178
71 1703949279217
72 1703949279257
73 1703949279298
74 1703949279338
75 1703949279382
76 1703949279423
77 1703949279462
78 1703949279501
79 1703949279541
80 1703949279582
81 1703949279622
82 1703949279662
83 1703949279702
84 1703949279743
85 1703949279782
86 1703949279821
87 1703949279862
88 1703949279902
89 1703949279948
90 1703949279986
91 1703949280026
92 1703949280069
93 1703949280106
94 1703949280146
95 1703949280186
96 1703949280226
97 1703949280266
98 1703949280306
99 1703949280346
100 1703949280386
101 1703949280428
102 1703949280466
103 1703949280510
104 1703949280553
105 1703949280589
106 1703949280629
107 1703949280670
108 1703949280710
109 1703949280750
110 1703949280790
111 1703949280830
112 1703949280871
113 1703949280911
114 1703949280951
115 1703949280991
116 1703949281031
117 1703949281075
118 1703949281115
119 1703949281155
120 1703949281195
121 1703949281235
122 1703949281275
123 1703949281315
124 1703949281355
125 1703949281395
126 1703949281435
127 1703949281475
128 1703949281515
129 1703949281555
130 1703949281599
131 1703949281639
132 1703949281679
133 1703949281719
134 1703949281759
135 1703949281799
136 1703949281839
137 1703949281879
138 1703949281919
139 1703949281959
140 1703949281999
141 1703949282039
142 1703949282079
143 1703949282119
144 1703949282163
145 1703949282203
146 1703949282243
147 1703949282283
148 1703949282324
149 1703949282364
150 1703949282402
151 1703949282442
152 1703949282483
153 1703949282523
154 1703949282563
155 1703949282603
156 1703949282644
157 1703949282683
158 1703949282727
159 1703949282767
160 1703949282807
161 1703949282848
162 1703949282887
163 1703949282927
164 1703949282967
165 1703949283006
166 1703949283046
167 1703949283087
168 1703949283127
169 1703949283167
170 1703949283207
171 1703949283247
172 1703949283291
173 1703949283330
174 1703949283370
175 1703949283409
176 1703949283452
177 1703949283492
178 1703949283530
179 1703949283570
180 1703949283611
181 1703949283652
182 1703949283691
183 1703949283732
184 1703949283772
185 1703949283812
186 1703949283855
187 1703949283895
188 1703949283936
189 1703949283975
190 1703949284015
191 1703949284056
192 1703949284096
193 1703949284136
194 1703949284175
195 1703949284216
196 1703949284256
197 1703949284296
198 1703949284335
199 1703949284380
200 1703949284420
201 1703949284459
202 1703949284499
203 1703949284540
204 1703949284579
205 1703949284619
206 1703949284659
207 1703949284699
208 1703949284740
209 1703949284782
210 1703949284818
211 1703949284860
212 1703949284900
213 1703949284945
214 1703949284983
215 1703949285022
216 1703949285063
217 1703949285102
218 1703949285143
219 1703949285183
220 1703949285223
221 1703949285263
222 1703949285302
223 1703949285343
224 1703949285383
225 1703949285423
226 1703949285462
227 1703949285507
228 1703949285547
229 1703949285586
230 1703949285626
231 1703949285667
232 1703949285707
233 1703949285746
234 1703949285789
235 1703949285826
236 1703949285869
237 1703949285906
238 1703949285946
239 1703949285986
240 1703949286027
241 1703949286072
242 1703949286111
243 1703949286152
244 1703949286191
245 1703949286232
246 1703949286271
247 1703949286312
248 1703949286352
249 1703949286391
250 1703949286432
251 1703949286471
252 1703949286511
253 1703949286551
254 1703949286591
255 1703949286636
256 1703949286676
257 1703949286715
258 1703949286755
259 1703949286796
260 1703949286836
261 1703949286876
262 1703949286915
263 1703949286956
264 1703949286995
265 1703949287035
266 1703949287075
267 1703949287115
268 1703949287159
269 1703949287200
270 1703949287240
271 1703949287279
272 1703949287320
273 1703949287359
274 1703949287398
275 1703949287440
276 1703949287481
277 1703949287520
278 1703949287560
279 1703949287598
280 1703949287638
281 1703949287679
282 1703949287724
283 1703949287763
284 1703949287804
285 1703949287844
286 1703949287884
287 1703949287924
288 1703949287964
289 1703949288003
290 1703949288043
291 1703949288084
292 1703949288123
293 1703949288164
294 1703949288203
295 1703949288243
296 1703949288288
297 1703949288327
298 1703949288367
299 1703949288407
300 1703949288448
301 1703949288488
302 1703949288528
303 1703949288567
304 1703949288608
305 1703949288648
306 1703949288687
307 1703949288727
308 1703949288767
309 1703949288808
310 1703949288851
311 1703949288891
312 1703949288932
313 1703949288972
314 1703949289011
315 1703949289052
316 1703949289091
317 1703949289131
318 1703949289172
319 1703949289211
320 1703949289251
321 1703949289292
322 1703949289332
323 1703949289372
324 1703949289416
325 1703949289456
326 1703949289496
327 1703949289536
328 1703949289576
329 1703949289616
330 1703949289656
331 1703949289695
332 1703949289736
333 1703949289776
334 1703949289815
335 1703949289856
336 1703949289895
337 1703949289940
338 1703949289980
339 1703949290020
340 1703949290060
341 1703949290099
342 1703949290140
343 1703949290180
344 1703949290220
345 1703949290260
346 1703949290300
347 1703949290340
348 1703949290379
349 1703949290420
350 1703949290459
351 1703949290503
352 1703949290542
353 1703949290583
354 1703949290623
355 1703949290663
356 1703949290703
357 1703949290743
358 1703949290784
359 1703949290823
360 1703949290865
361 1703949290905
362 1703949290944
363 1703949290983
364 1703949291023
365 1703949291067
366 1703949291107
367 1703949291148
368 1703949291187
369 1703949291227
370 1703949291267
371 1703949291307
372 1703949291347
373 1703949291387
374 1703949291427
375 1703949291467
376 1703949291507
377 1703949291547
378 1703949291587
379 1703949291631
380 1703949291671
381 1703949291712
382 1703949291752
383 1703949291790
384 1703949291831
385 1703949291873
386 1703949291912
387 1703949291950
388 1703949291990
389 1703949292032
390 1703949292072
391 1703949292112
392 1703949292151
393 1703949292195
394 1703949292235
395 1703949292275
396 1703949292315
397 1703949292355
398 1703949292395
399 1703949292435
400 1703949292476
401 1703949292515
402 1703949292556
403 1703949292595
404 1703949292636
405 1703949292675
406 1703949292719
407 1703949292759
408 1703949292800
409 1703949292841
410 1703949292881
411 1703949292920
412 1703949292959
413 1703949292999
414 1703949293039
415 1703949293080
416 1703949293120
417 1703949293160
418 1703949293200
419 1703949293240
420 1703949293284
421 1703949293324
422 1703949293364
423 1703949293404
424 1703949293444
425 1703949293484
426 1703949293524
427 1703949293564
428 1703949293604
429 1703949293644
430 1703949293684
431 1703949293724
432 1703949293764
433 1703949293804
434 1703949293849
435 1703949293888
436 1703949293928
437 1703949293968
438 1703949294008
439 1703949294047
440 1703949294088
441 1703949294127
442 1703949294168
443 1703949294208
444 1703949294248
445 1703949294288
446 1703949294328
447 1703949294368
448 1703949294412
449 1703949294452
450 1703949294492
451 1703949294531
452 1703949294572
453 1703949294612
454 1703949294652
455 1703949294692
456 1703949294733
457 1703949294772
458 1703949294812
459 1703949294852
460 1703949294892
461 1703949294932
462 1703949294976
463 1703949295016
464 1703949295056
465 1703949295096
466 1703949295136
467 1703949295176
468 1703949295216
469 1703949295256
470 1703949295296
471 1703949295336
472 1703949295375
473 1703949295416
474 1703949295456
475 1703949295500
476 1703949295539
477 1703949295579
478 1703949295619
479 1703949295659
480 1703949295700
481 1703949295740
482 1703949295780
483 1703949295820
484 1703949295859
485 1703949295900
486 1703949295939
487 1703949295980
488 1703949296020
489 1703949296064
490 1703949296104
491 1703949296143
492 1703949296183
493 1703949296224
494 1703949296264
495 1703949296303
496 1703949296343
497 1703949296383
498 1703949296424
499 1703949296464
500 1703949296504
501 1703949296542
502 1703949296583
503 1703949296627
504 1703949296668
505 1703949296708
506 1703949296747
507 1703949296788
508 1703949296828
509 1703949296869
510 1703949296907
511 1703949296946
512 1703949296987
513 1703949297029
514 1703949297068
515 1703949297106
516 1703949297147
517 1703949297193
518 1703949297233
519 1703949297272
520 1703949297313
521 1703949297353
522 1703949297393
523 1703949297433
524 1703949297471
525 1703949297511
526 1703949297551
527 1703949297591
528 1703949297632
529 1703949297673
530 1703949297713
531 1703949297755
532 1703949297794
533 1703949297834
534 1703949297874
535 1703949297914
536 1703949297954
537 1703949297994
538 1703949298034
539 1703949298074
540 1703949298114
541 1703949298154
542 1703949298194
543 1703949298234
544 1703949298278
545 1703949298318
546 1703949298358
547 1703949298398
548 1703949298438
549 1703949298478
550 1703949298518
551 1703949298558
552 1703949298598
553 1703949298638
554 1703949298678
555 1703949298718
556 1703949298758
557 1703949298798
558 1703949298842
559 1703949298882
560 1703949298922
561 1703949298962
562 1703949299002
563 1703949299042
564 1703949299082
565 1703949299122
566 1703949299162
567 1703949299202
568 1703949299242
569 1703949299282
570 1703949299322
571 1703949299362
572 1703949299406
573 1703949299446
574 1703949299486
575 1703949299526
576 1703949299566
577 1703949299606
578 1703949299646
579 1703949299686
580 1703949299726
581 1703949299766
582 1703949299806
583 1703949299846
584 1703949299886
585 1703949299926
586 1703949299970
587 1703949300010
588 1703949300050
589 1703949300090
590 1703949300130
591 1703949300170
592 1703949300210
593 1703949300250
594 1703949300290
595 1703949300330
596 1703949300370
597 1703949300410
598 1703949300451
599 1703949300492
600 1703949300534
601 1703949300574
602 1703949300614
603 1703949300654
604 1703949300695
605 1703949300736
606 1703949300776
607 1703949300816
608 1703949300855
609 1703949300896
610 1703949300936
611 1703949300976
612 1703949301016
613 1703949301059
614 1703949301100
615 1703949301140
616 1703949301180
617 1703949301220
618 1703949301260
619 1703949301300
620 1703949301340
621 1703949301380
622 1703949301420
623 1703949301460
624 1703949301500
625 1703949301540
626 1703949301580
627 1703949301624
628 1703949301664
629 1703949301704
630 1703949301744
631 1703949301784
632 1703949301824
633 1703949301864
634 1703949301904
635 1703949301944
636 1703949301984
637 1703949302024
638 1703949302064
639 1703949302104
640 1703949302144
641 1703949302188
642 1703949302228
643 1703949302268
644 1703949302308
645 1703949302348
646 1703949302389
647 1703949302429
648 1703949302469
649 1703949302508
650 1703949302548
651 1703949302588
652 1703949302628
653 1703949302668
654 1703949302708
655 1703949302752
656 1703949302792
657 1703949302832
658 1703949302872
659 1703949302912
660 1703949302952
661 1703949302992
662 1703949303032
663 1703949303073
664 1703949303112
665 1703949303152
666 1703949303192
667 1703949303232
668 1703949303272
669 1703949303316
670 1703949303356
671 1703949303397
672 1703949303436
673 1703949303477
674 1703949303516
675 1703949303556
676 1703949303596
677 1703949303636
678 1703949303676
679 1703949303716
680 1703949303756
681 1703949303796
682 1703949303840
683 1703949303881
684 1703949303920
685 1703949303959
686 1703949303999
687 1703949304038
688 1703949304078
689 1703949304118
690 1703949304159
691 1703949304202
692 1703949304241
693 1703949304279
694 1703949304318
695 1703949304358
696 1703949304402
697 1703949304442
698 1703949304482
699 1703949304525
700 1703949304564
701 1703949304605
702 1703949304644
703 1703949304685
704 1703949304724
705 1703949304764
706 1703949304804
707 1703949304844
708 1703949304884
709 1703949304924
710 1703949304968
711 1703949305008
712 1703949305048
713 1703949305088
714 1703949305128
715 1703949305168
716 1703949305208
717 1703949305249
718 1703949305288
719 1703949305328
720 1703949305369
721 1703949305408
722 1703949305448
723 1703949305488
724 1703949305533
725 1703949305574
726 1703949305612
727 1703949305653
728 1703949305693
729 1703949305732
730 1703949305772
731 1703949305813
732 1703949305853
733 1703949305892
734 1703949305933
735 1703949305972
736 1703949306013
737 1703949306053
738 1703949306097
739 1703949306137
740 1703949306177
741 1703949306217
742 1703949306256
743 1703949306296
744 1703949306337
745 1703949306377
746 1703949306417
747 1703949306457
748 1703949306497
749 1703949306537
750 1703949306575
751 1703949306619
752 1703949306659
753 1703949306699
754 1703949306742
755 1703949306781
756 1703949306821
757 1703949306861
758 1703949306901
759 1703949306941
760 1703949306981
761 1703949307021
762 1703949307061
763 1703949307101
764 1703949307141
765 1703949307184
766 1703949307224
767 1703949307265
768 1703949307305
769 1703949307344
770 1703949307385
771 1703949307424
772 1703949307465
773 1703949307505
774 1703949307544
775 1703949307585
776 1703949307625
777 1703949307663
778 1703949307703
779 1703949307749
780 1703949307790
781 1703949307828
782 1703949307869
783 1703949307909
784 1703949307949
785 1703949307989
786 1703949308029
787 1703949308069
788 1703949308109
789 1703949308149
790 1703949308189
791 1703949308229
792 1703949308269
793 1703949308313
794 1703949308351
795 1703949308390
796 1703949308432
797 1703949308473
798 1703949308513
799 1703949308553
800 1703949308594
801 1703949308631
802 1703949308670
803 1703949308713
804 1703949308754
805 1703949308793
806 1703949308833
807 1703949308875
808 1703949308915
809 1703949308956
810 1703949308998
811 1703949309037
812 1703949309077
813 1703949309118
814 1703949309157
815 1703949309197
816 1703949309237
817 1703949309277
818 1703949309317
819 1703949309357
820 1703949309401
821 1703949309441
822 1703949309481
823 1703949309521
824 1703949309561
825 1703949309602
826 1703949309641
827 1703949309681
828 1703949309721
829 1703949309761
830 1703949309801
831 1703949309841
832 1703949309880
833 1703949309920
834 1703949309965
835 1703949310005
836 1703949310045
837 1703949310085
838 1703949310125
839 1703949310165
840 1703949310205
841 1703949310245
842 1703949310285
843 1703949310325
844 1703949310365
845 1703949310405
846 1703949310445
847 1703949310485
848 1703949310528
849 1703949310569
850 1703949310610
851 1703949310648
852 1703949310688
853 1703949310729
854 1703949310769
855 1703949310808
856 1703949310847
857 1703949310887
858 1703949310927
859 1703949310967
860 1703949311008
861 1703949311048
862 1703949311091
863 1703949311131
864 1703949311171
865 1703949311212
866 1703949311253
867 1703949311292
868 1703949311333
869 1703949311372
870 1703949311412
871 1703949311453
872 1703949311492
873 1703949311532
874 1703949311572
875 1703949311612
876 1703949311656
877 1703949311696
878 1703949311736
879 1703949311776
880 1703949311816
881 1703949311856
882 1703949311896
883 1703949311936
884 1703949311977
885 1703949312016
886 1703949312056
887 1703949312097
888 1703949312136
889 1703949312180
890 1703949312220
891 1703949312260
892 1703949312300
893 1703949312340
894 1703949312380
895 1703949312420
896 1703949312460
897 1703949312501
898 1703949312540
899 1703949312580
900 1703949312620
901 1703949312660
902 1703949312701
903 1703949312745
904 1703949312785
905 1703949312825
906 1703949312865
907 1703949312905
908 1703949312945
909 1703949312985
910 1703949313025
911 1703949313065
912 1703949313105
913 1703949313145
914 1703949313185
915 1703949313225
916 1703949313265
917 1703949313309
918 1703949313349
919 1703949313389
920 1703949313429
921 1703949313468
922 1703949313508
923 1703949313548
924 1703949313588
925 1703949313628
926 1703949313668
927 1703949313708
928 1703949313748
929 1703949313789
930 1703949313829
931 1703949313871
932 1703949313912
933 1703949313952
934 1703949313991
935 1703949314033
936 1703949314072
937 1703949314113
938 1703949314152
939 1703949314192
940 1703949314232
941 1703949314273
942 1703949314314
943 1703949314352
944 1703949314392
945 1703949314438
946 1703949314477
947 1703949314518
948 1703949314557
949 1703949314598
950 1703949314637
951 1703949314676
952 1703949314716
953 1703949314756
954 1703949314796
955 1703949314836
956 1703949314876
957 1703949314917
958 1703949314961
959 1703949315001
960 1703949315040
961 1703949315081
962 1703949315121
963 1703949315161
964 1703949315201
965 1703949315241
966 1703949315281
967 1703949315321
968 1703949315361
969 1703949315401
970 1703949315441
971 1703949315481
972 1703949315525
973 1703949315565
974 1703949315605
975 1703949315645
976 1703949315685
977 1703949315725
978 1703949315765
979 1703949315805
980 1703949315845
981 1703949315885
982 1703949315925
983 1703949315963
984 1703949316004
985 1703949316045
986 1703949316088
987 1703949316128
988 1703949316169
989 1703949316208
990 1703949316248
991 1703949316288
992 1703949316328
993 1703949316369
994 1703949316408
995 1703949316449
996 1703949316488
997 1703949316529
998 1703949316568
999 1703949316608
1000 1703949316652
1001 1703949316692
1002 1703949316733
1003 1703949316773
1004 1703949316812
1005 1703949316853
1006 1703949316892
1007 1703949316932
1008 1703949316972
1009 1703949317012
1010 1703949317052
1011 1703949317092
1012 1703949317133
1013 1703949317172
1014 1703949317216
1015 1703949317256
1016 1703949317296
1017 1703949317336
1018 1703949317376
1019 1703949317416
1020 1703949317456
1021 1703949317496
1022 1703949317536
1023 1703949317576
1024 1703949317617
1025 1703949317656
1026 1703949317697
1027 1703949317740
1028 1703949317780
1029 1703949317820
1030 1703949317860
1031 1703949317901
1032 1703949317941
1033 1703949317980
1034 1703949318020
1035 1703949318060
1036 1703949318100
1037 1703949318140
1038 1703949318180
1039 1703949318220
1040 1703949318260
1041 1703949318304
1042 1703949318344
1043 1703949318383
1044 1703949318423
1045 1703949318464
1046 1703949318505
1047 1703949318545
1048 1703949318583
1049 1703949318624
1050 1703949318664
1051 1703949318705
1052 1703949318743
1053 1703949318783
1054 1703949318823
1055 1703949318869
1056 1703949318907
1057 1703949318947
1058 1703949318989
1059 1703949319029
1060 1703949319067
1061 1703949319107
1062 1703949319148
1063 1703949319189
1064 1703949319227
1065 1703949319267
1066 1703949319308
1067 1703949319348
1068 1703949319388
1069 1703949319433
1070 1703949319473
1071 1703949319513
1072 1703949319552
1073 1703949319592
1074 1703949319632
1075 1703949319674
1076 1703949319714
1077 1703949319751
1078 1703949319791
1079 1703949319833
1080 1703949319872
1081 1703949319912
1082 1703949319952
1083 1703949319997
1084 1703949320036
1085 1703949320076
1086 1703949320116
1087 1703949320156
1088 1703949320197
1089 1703949320237
1090 1703949320276
1091 1703949320316
1092 1703949320356
1093 1703949320397
1094 1703949320437
1095 1703949320477
1096 1703949320520
1097 1703949320561
1098 1703949320601
1099 1703949320640
1100 1703949320680
1101 1703949320721
1102 1703949320760
1103 1703949320800
1104 1703949320839
1105 1703949320880
1106 1703949320920
1107 1703949320960
1108 1703949321001
1109 1703949321040
1110 1703949321085
1111 1703949321125
1112 1703949321165
1113 1703949321204
1114 1703949321244
1115 1703949321284
1116 1703949321324
1117 1703949321364
1118 1703949321404
1119 1703949321445
1120 1703949321486
1121 1703949321524
1122 1703949321564
1123 1703949321604
1124 1703949321649
1125 1703949321688
1126 1703949321729
1127 1703949321768
1128 1703949321808
1129 1703949321848
1130 1703949321888
1131 1703949321928
1132 1703949321968
1133 1703949322008
1134 1703949322048
1135 1703949322089
1136 1703949322128
1137 1703949322168
1138 1703949322213
1139 1703949322252
1140 1703949322292
1141 1703949322332
1142 1703949322372
1143 1703949322413
1144 1703949322452
1145 1703949322491
1146 1703949322532
1147 1703949322573
1148 1703949322614
1149 1703949322652
1150 1703949322692
1151 1703949322732
1152 1703949322776
1153 1703949322816
1154 1703949322856
1155 1703949322896
1156 1703949322936
1157 1703949322976
1158 1703949323016
1159 1703949323056
1160 1703949323096
1161 1703949323136
1162 1703949323176
1163 1703949323217
1164 1703949323256
1165 1703949323301
1166 1703949323340
1167 1703949323379
1168 1703949323420
1169 1703949323460
1170 1703949323500
1171 1703949323540
1172 1703949323580
1173 1703949323621
1174 1703949323660
1175 1703949323700
1176 1703949323740
1177 1703949323780
1178 1703949323820
1179 1703949323866
1180 1703949323904
1181 1703949323943
1182 1703949323983
1183 1703949324025
1184 1703949324066
1185 1703949324104
1186 1703949324143
1187 1703949324186
1188 1703949324225
1189 1703949324264
1190 1703949324304
1191 1703949324344
1192 1703949324384
1193 1703949324428
1194 1703949324468
1195 1703949324508
1196 1703949324548
1197 1703949324588
1198 1703949324628
1199 1703949324669
1200 1703949324708
1201 1703949324748
1202 1703949324788
1203 1703949324830
1204 1703949324868
1205 1703949324907
1206 1703949324948
1207 1703949324992
1208 1703949325033
1209 1703949325073
1210 1703949325113
1211 1703949325153
1212 1703949325192
1213 1703949325232
1214 1703949325272
1215 1703949325312
1216 1703949325352
1217 1703949325392
1218 1703949325432
1219 1703949325472
1220 1703949325512
1221 1703949325555
1222 1703949325598
1223 1703949325636
1224 1703949325676
1225 1703949325716
1226 1703949325756
1227 1703949325796
1228 1703949325836
1229 1703949325878
1230 1703949325919
1231 1703949325958
1232 1703949325997
1233 1703949326036
1234 1703949326080
1235 1703949326121
1236 1703949326161
1237 1703949326201
1238 1703949326241
1239 1703949326281
1240 1703949326321
1241 1703949326361
1242 1703949326401
1243 1703949326441
1244 1703949326481
1245 1703949326521
1246 1703949326561
1247 1703949326601
1248 1703949326645
1249 1703949326685
1250 1703949326725
1251 1703949326765
1252 1703949326805
1253 1703949326845
1254 1703949326884
1255 1703949326925
1256 1703949326965
1257 1703949327005
1258 1703949327045
1259 1703949327085
1260 1703949327125
1261 1703949327165
1262 1703949327209
1263 1703949327249
1264 1703949327289
1265 1703949327329
1266 1703949327369
1267 1703949327409
1268 1703949327449
1269 1703949327489
1270 1703949327529
1271 1703949327569
1272 1703949327609
1273 1703949327649
1274 1703949327688
1275 1703949327729
1276 1703949327773
1277 1703949327813
1278 1703949327853
1279 1703949327893
1280 1703949327933
1281 1703949327973
1282 1703949328013
1283 1703949328053
1284 1703949328093
1285 1703949328133
1286 1703949328173
1287 1703949328213
1288 1703949328253
1289 1703949328293
1290 1703949328337
1291 1703949328377
1292 1703949328417
1293 1703949328457
1294 1703949328496
1295 1703949328535
1296 1703949328577
1297 1703949328619
1298 1703949328656
1299 1703949328696
1300 1703949328736
1301 1703949328777
1302 1703949328817
1303 1703949328861
1304 1703949328901
1305 1703949328941
1306 1703949328981
1307 1703949329021
1308 1703949329061
1309 1703949329101
1310 1703949329141
1311 1703949329180
1312 1703949329220
1313 1703949329261
1314 1703949329300
1315 1703949329340
1316 1703949329380
1317 1703949329424
1318 1703949329464
1319 1703949329504
1320 1703949329544
1321 1703949329585
1322 1703949329625
1323 1703949329664
1324 1703949329704
1325 1703949329745
1326 1703949329786
1327 1703949329824
1328 1703949329866
1329 1703949329906
1330 1703949329946
1331 1703949329988
1332 1703949330028
1333 1703949330068
1334 1703949330108
1335 1703949330148
1336 1703949330188
1337 1703949330229
1338 1703949330268
1339 1703949330308
1340 1703949330349
1341 1703949330388
1342 1703949330428
1343 1703949330468
1344 1703949330508
1345 1703949330554
1346 1703949330594
1347 1703949330634
1348 1703949330672
1349 1703949330712
1350 1703949330752
1351 1703949330793
1352 1703949330833
1353 1703949330873
1354 1703949330913
1355 1703949330953
1356 1703949330993
1357 1703949331033
1358 1703949331073
1359 1703949331117
1360 1703949331157
1361 1703949331197
1362 1703949331237
1363 1703949331277
1364 1703949331317
1365 1703949331357
1366 1703949331397
1367 1703949331437
1368 1703949331476
1369 1703949331517
1370 1703949331558
1371 1703949331598
1372 1703949331640
1373 1703949331681
1374 1703949331720
1375 1703949331761
1376 1703949331801
1377 1703949331840
1378 1703949331880
1379 1703949331921
1380 1703949331960
1381 1703949332001
1382 1703949332040
1383 1703949332080
1384 1703949332120
1385 1703949332161
1386 1703949332205
1387 1703949332245
1388 1703949332286
1389 1703949332325
1390 1703949332365
1391 1703949332405
1392 1703949332445
1393 1703949332485
1394 1703949332525
1395 1703949332565
1396 1703949332605
1397 1703949332645
1398 1703949332686
1399 1703949332725
1400 1703949332769
1401 1703949332809
1402 1703949332850
1403 1703949332889
1404 1703949332929
1405 1703949332969
1406 1703949333009
1407 1703949333049
1408 1703949333089
1409 1703949333130
1410 1703949333169
1411 1703949333209
1412 1703949333249
1413 1703949333290
1414 1703949333334
1415 1703949333373
1416 1703949333414
1417 1703949333454
1418 1703949333493
1419 1703949333533
1420 1703949333573
1421 1703949333613
1422 1703949333654
1423 1703949333693
1424 1703949333733
1425 1703949333773
1426 1703949333813
1427 1703949333854
1428 1703949333897
1429 1703949333937
1430 1703949333977
1431 1703949334017
1432 1703949334057
1433 1703949334098
1434 1703949334137
1435 1703949334178
1436 1703949334217
1437 1703949334257
1438 1703949334297
1439 1703949334337
1440 1703949334378
1441 1703949334421
1442 1703949334461
1443 1703949334501
1444 1703949334541
1445 1703949334582
1446 1703949334621
1447 1703949334661
1448 1703949334701
1449 1703949334741
1450 1703949334782
1451 1703949334821
1452 1703949334861
1453 1703949334902
1454 1703949334941
1455 1703949334985
1456 1703949335025
1457 1703949335066
1458 1703949335105
1459 1703949335146
1460 1703949335185
1461 1703949335225
1462 1703949335266
1463 1703949335306
1464 1703949335345
1465 1703949335386
1466 1703949335426
1467 1703949335466
1468 1703949335505
1469 1703949335550
1470 1703949335589
1471 1703949335629
1472 1703949335669
1473 1703949335709
1474 1703949335749
1475 1703949335789
1476 1703949335829
1477 1703949335869
1478 1703949335910
1479 1703949335949
1480 1703949335989
1481 1703949336030
1482 1703949336070
1483 1703949336114
1484 1703949336153
1485 1703949336193
1486 1703949336234
1487 1703949336273
1488 1703949336313
1489 1703949336353
1490 1703949336394
1491 1703949336434
1492 1703949336474
1493 1703949336514
1494 1703949336553
1495 1703949336594
1496 1703949336633
1497 1703949336677
1498 1703949336717
1499 1703949336758
1500 1703949336797
1501 1703949336838
1502 1703949336878
1503 1703949336917
1504 1703949336957
1505 1703949336998
1506 1703949337037
1507 1703949337077
1508 1703949337117
1509 1703949337157
1510 1703949337202
1511 1703949337241
1512 1703949337281
1513 1703949337321
1514 1703949337362
1515 1703949337401
1516 1703949337441
1517 1703949337482
1518 1703949337522
1519 1703949337561
1520 1703949337602
1521 1703949337641
1522 1703949337682
1523 1703949337721
1524 1703949337766
1525 1703949337806
1526 1703949337846
1527 1703949337885
1528 1703949337925
1529 1703949337966
1530 1703949338005
1531 1703949338046
1532 1703949338085
1533 1703949338125
1534 1703949338165
1535 1703949338205
1536 1703949338245
1537 1703949338286
1538 1703949338329
1539 1703949338369
1540 1703949338409
1541 1703949338450
1542 1703949338489
1543 1703949338529
1544 1703949338570
1545 1703949338608
1546 1703949338649
1547 1703949338691
1548 1703949338730
1549 1703949338768
1550 1703949338808
1551 1703949338849
1552 1703949338893
1553 1703949338934
1554 1703949338973
1555 1703949339013
1556 1703949339054
1557 1703949339094
1558 1703949339133
1559 1703949339173
1560 1703949339214
1561 1703949339253
1562 1703949339293
1563 1703949339333
1564 1703949339373
1565 1703949339412
1566 1703949339456
1567 1703949339497
1568 1703949339537
1569 1703949339577
1570 1703949339618
1571 1703949339657
1572 1703949339697
1573 1703949339737
1574 1703949339777
1575 1703949339818
1576 1703949339857
1577 1703949339897
1578 1703949339937
1579 1703949339981
1580 1703949340021
1581 1703949340062
1582 1703949340101
1583 1703949340142
1584 1703949340181
1585 1703949340221
1586 1703949340261
1587 1703949340302
1588 1703949340341
1589 1703949340381
1590 1703949340421
1591 1703949340461
1592 1703949340500
1593 1703949340544
1594 1703949340585
1595 1703949340625
1596 1703949340665
1597 1703949340705
1598 1703949340745
1599 1703949340785
1600 1703949340824
1601 1703949340866
1602 1703949340904
1603 1703949340945
1604 1703949340985
1605 1703949341025
1606 1703949341065
1607 1703949341109
1608 1703949341149
1609 1703949341190
1610 1703949341229
1611 1703949341269
1612 1703949341309
1613 1703949341349
1614 1703949341389
1615 1703949341429
1616 1703949341469
1617 1703949341509
1618 1703949341549
1619 1703949341589
1620 1703949341629
1621 1703949341673
1622 1703949341713
1623 1703949341753
1624 1703949341793
1625 1703949341833
1626 1703949341873
1627 1703949341913
1628 1703949341953
1629 1703949341993
1630 1703949342033
1631 1703949342073
1632 1703949342113
1633 1703949342153
1634 1703949342193
1635 1703949342237
1636 1703949342277
1637 1703949342317
1638 1703949342357
1639 1703949342397
1640 1703949342437
1641 1703949342477
1642 1703949342517
1643 1703949342557
1644 1703949342597
1645 1703949342637
1646 1703949342677
1647 1703949342717
1648 1703949342763
1649 1703949342801
1650 1703949342841
1651 1703949342881
1652 1703949342921
1653 1703949342961
1654 1703949343001
1655 1703949343041
1656 1703949343081
1657 1703949343121
1658 1703949343162
1659 1703949343201
1660 1703949343241
1661 1703949343281
1662 1703949343325
1663 1703949343366
1664 1703949343405
1665 1703949343446
1666 1703949343485
1667 1703949343525
1668 1703949343565
1669 1703949343605
1670 1703949343645
1671 1703949343685
1672 1703949343726
1673 1703949343765
1674 1703949343805
1675 1703949343845
1676 1703949343889
1677 1703949343929
1678 1703949343969
1679 1703949344010
1680 1703949344049
1681 1703949344089
1682 1703949344129
1683 1703949344169
1684 1703949344210
1685 1703949344249
1686 1703949344288
1687 1703949344328
1688 1703949344369
1689 1703949344409
1690 1703949344454
1691 1703949344492
1692 1703949344532
1693 1703949344572
1694 1703949344614
1695 1703949344652
1696 1703949344693
1697 1703949344733
1698 1703949344772
1699 1703949344812
1700 1703949344853
1701 1703949344893
1702 1703949344934
1703 1703949344973
1704 1703949345018
1705 1703949345057
1706 1703949345096
1707 1703949345137
1708 1703949345178
1709 1703949345217
1710 1703949345256
1711 1703949345298
1712 1703949345338
1713 1703949345376
1714 1703949345416
1715 1703949345457
1716 1703949345497
1717 1703949345541
1718 1703949345582
1719 1703949345621
1720 1703949345661
1721 1703949345701
1722 1703949345741
1723 1703949345781
1724 1703949345821
1725 1703949345861
1726 1703949345902
1727 1703949345942
1728 1703949345981
1729 1703949346021
1730 1703949346061
1731 1703949346106
1732 1703949346145
1733 1703949346186
1734 1703949346225
1735 1703949346266
1736 1703949346306
1737 1703949346346
1738 1703949346385
1739 1703949346426
1740 1703949346466
1741 1703949346505
1742 1703949346545
1743 1703949346586
1744 1703949346625
1745 1703949346670
1746 1703949346709
1747 1703949346749
1748 1703949346789
1749 1703949346829
1750 1703949346869
1751 1703949346909
1752 1703949346950
1753 1703949346989
1754 1703949347029
1755 1703949347069
1756 1703949347109
1757 1703949347149
1758 1703949347190
1759 1703949347233
1760 1703949347273
1761 1703949347313
1762 1703949347353
1763 1703949347394
1764 1703949347434
1765 1703949347474
1766 1703949347514
1767 1703949347554
1768 1703949347594
1769 1703949347634
1770 1703949347674
1771 1703949347712
1772 1703949347752
1773 1703949347797
1774 1703949347837
1775 1703949347877
1776 1703949347918
1777 1703949347958
1778 1703949347997
1779 1703949348037
1780 1703949348077
1781 1703949348117
1782 1703949348157
1783 1703949348198
1784 1703949348238
1785 1703949348278
1786 1703949348322
1787 1703949348362
1788 1703949348402
1789 1703949348442
1790 1703949348482
1791 1703949348522
1792 1703949348562
1793 1703949348602
1794 1703949348642
1795 1703949348680
1796 1703949348721
1797 1703949348764
1798 1703949348802
1799 1703949348842
1800 1703949348886
1801 1703949348927
1802 1703949348966
1803 1703949349004
1804 1703949349045
1805 1703949349086
1806 1703949349126
1807 1703949349166
1808 1703949349206
1809 1703949349246
1810 1703949349286
1811 1703949349326
1812 1703949349366
1813 1703949349406
1814 1703949349450
1815 1703949349490
1816 1703949349530
1817 1703949349570
1818 1703949349610
1819 1703949349651
1820 1703949349690
1821 1703949349730
1822 1703949349770
1823 1703949349810
1824 1703949349850
1825 1703949349890
1826 1703949349930
1827 1703949349970
1828 1703949350014
1829 1703949350054
1830 1703949350095
1831 1703949350134
1832 1703949350174
1833 1703949350214
1834 1703949350254
1835 1703949350294
1836 1703949350334
1837 1703949350374
1838 1703949350415
1839 1703949350454
1840 1703949350493
1841 1703949350533
1842 1703949350577
1843 1703949350618
1844 1703949350658
1845 1703949350698
1846 1703949350738
1847 1703949350778
1848 1703949350817
1849 1703949350858
1850 1703949350898
1851 1703949350938
1852 1703949350978
1853 1703949351018
1854 1703949351058
1855 1703949351102
1856 1703949351143
1857 1703949351182
1858 1703949351222
1859 1703949351262
1860 1703949351302
1861 1703949351342
1862 1703949351382
1863 1703949351422
1864 1703949351462
1865 1703949351502
1866 1703949351542
1867 1703949351582
1868 1703949351622
1869 1703949351666
1870 1703949351706
1871 1703949351746
1872 1703949351786
1873 1703949351826
1874 1703949351866
1875 1703949351906
1876 1703949351946
1877 1703949351986
1878 1703949352026
1879 1703949352066
1880 1703949352106
1881 1703949352147
1882 1703949352186
1883 1703949352230
1884 1703949352270
1885 1703949352310
1886 1703949352350
1887 1703949352390
1888 1703949352430
1889 1703949352470
1890 1703949352510
1891 1703949352550
1892 1703949352590
1893 1703949352630
1894 1703949352671
1895 1703949352710
1896 1703949352750
1897 1703949352794
1898 1703949352835
1899 1703949352875
1900 1703949352913
1901 1703949352953
1902 1703949352994
1903 1703949353034
1904 1703949353074
1905 1703949353114
1906 1703949353154
1907 1703949353194
1908 1703949353234
1909 1703949353274
1910 1703949353314
1911 1703949353358
1912 1703949353398
1913 1703949353438
1914 1703949353478
1915 1703949353518
1916 1703949353558
1917 1703949353598
1918 1703949353638
1919 1703949353678
1920 1703949353718
1921 1703949353758
1922 1703949353798
1923 1703949353838
1924 1703949353882
1925 1703949353922
1926 1703949353962
1927 1703949354002
1928 1703949354042
1929 1703949354082
1930 1703949354122
1931 1703949354162
1932 1703949354202
1933 1703949354243
1934 1703949354282
1935 1703949354322
1936 1703949354362
1937 1703949354402
1938 1703949354446
1939 1703949354486
1940 1703949354526
1941 1703949354566
1942 1703949354606
1943 1703949354646
1944 1703949354686
1945 1703949354726
1946 1703949354767
1947 1703949354806
1948 1703949354846
1949 1703949354886
1950 1703949354926
1951 1703949354966
1952 1703949355010
1953 1703949355051
1954 1703949355090
1955 1703949355130
1956 1703949355170
1957 1703949355210
1958 1703949355250
1959 1703949355290
1960 1703949355330
1961 1703949355370
1962 1703949355410
1963 1703949355450
1964 1703949355490
1965 1703949355530
1966 1703949355574
1967 1703949355614
1968 1703949355654
1969 1703949355694
1970 1703949355734
1971 1703949355774
1972 1703949355814
1973 1703949355854
1974 1703949355894
1975 1703949355934
1976 1703949355974
1977 1703949356014
1978 1703949356055
1979 1703949356094
1980 1703949356138
1981 1703949356178
1982 1703949356218
1983 1703949356258
1984 1703949356298
1985 1703949356338
1986 1703949356378
1987 1703949356418
1988 1703949356458
1989 1703949356498
1990 1703949356538
1991 1703949356578
1992 1703949356618
1993 1703949356663
1994 1703949356702
1995 1703949356742
1996 1703949356782
1997 1703949356822
1998 1703949356862
1999 1703949356902
2000 1703949356942
2001 1703949356982
2002 1703949357022
2003 1703949357062
2004 1703949357102
2005 1703949357142
2006 1703949357182
2007 1703949357226
2008 1703949357266
2009 1703949357306
2010 1703949357346
2011 1703949357387
2012 1703949357426
2013 1703949357466
2014 1703949357506
2015 1703949357546
2016 1703949357586
2017 1703949357626
2018 1703949357666
2019 1703949357706
2020 1703949357746
2021 1703949357790
2022 1703949357830
2023 1703949357870
2024 1703949357910
2025 1703949357950
2026 1703949357990
2027 1703949358030
2028 1703949358070
2029 1703949358110
2030 1703949358150
2031 1703949358190
2032 1703949358230
2033 1703949358270
2034 1703949358310
2035 1703949358354
2036 1703949358394
2037 1703949358435
2038 1703949358474
2039 1703949358514
2040 1703949358554
2041 1703949358594
2042 1703949358634
2043 1703949358675
2044 1703949358713
2045 1703949358752
2046 1703949358793
2047 1703949358834
2048 1703949358875
2049 1703949358918
2050 1703949358959
2051 1703949359002
2052 1703949359039
2053 1703949359076
2054 1703949359117
2055 1703949359158
2056 1703949359199
2057 1703949359239
2058 1703949359276
2059 1703949359317
2060 1703949359357
2061 1703949359398
2062 1703949359442
2063 1703949359482
2064 1703949359522
2065 1703949359562
2066 1703949359601
2067 1703949359642
2068 1703949359682
2069 1703949359722
2070 1703949359762
2071 1703949359802
2072 1703949359842
2073 1703949359881
2074 1703949359922
2075 1703949359962
2076 1703949360005
2077 1703949360044
2078 1703949360086
2079 1703949360127
2080 1703949360165
2081 1703949360204
2082 1703949360244
2083 1703949360287
2084 1703949360327
2085 1703949360365
2086 1703949360405
2087 1703949360444
2088 1703949360484
2089 1703949360524
2090 1703949360568
2091 1703949360608
2092 1703949360648
2093 1703949360688
2094 1703949360728
2095 1703949360768
2096 1703949360808
2097 1703949360848
2098 1703949360888
2099 1703949360928
2100 1703949360968
2101 1703949361008
2102 1703949361048
2103 1703949361088
2104 1703949361132
2105 1703949361172
2106 1703949361212
2107 1703949361252
2108 1703949361292
2109 1703949361332
2110 1703949361372
2111 1703949361412
2112 1703949361452
2113 1703949361492
2114 1703949361532
2115 1703949361572
2116 1703949361612
2117 1703949361652
2118 1703949361696
2119 1703949361736
2120 1703949361776
2121 1703949361816
2122 1703949361856
2123 1703949361896
2124 1703949361936
2125 1703949361976
2126 1703949362016
2127 1703949362056
2128 1703949362096
2129 1703949362136
2130 1703949362176
2131 1703949362220
2132 1703949362260
2133 1703949362300
2134 1703949362340
2135 1703949362380
2136 1703949362420
2137 1703949362460
2138 1703949362500
2139 1703949362540
2140 1703949362580
2141 1703949362620
2142 1703949362660
2143 1703949362700
2144 1703949362740
2145 1703949362784
2146 1703949362824
2147 1703949362864
2148 1703949362904
2149 1703949362944
2150 1703949362984
2151 1703949363026
2152 1703949363066
2153 1703949363105
2154 1703949363146
2155 1703949363186
2156 1703949363225
2157 1703949363265
2158 1703949363306
2159 1703949363349
2160 1703949363388
2161 1703949363428
2162 1703949363468
2163 1703949363508
2164 1703949363549
2165 1703949363589
2166 1703949363628
2167 1703949363671
2168 1703949363708
2169 1703949363748
2170 1703949363788
2171 1703949363828
2172 1703949363870
2173 1703949363914
2174 1703949363954
2175 1703949363994
2176 1703949364034
2177 1703949364074
2178 1703949364113
2179 1703949364154
2180 1703949364194
2181 1703949364234
2182 1703949364275
2183 1703949364314
2184 1703949364355
2185 1703949364393
2186 1703949364434
2187 1703949364478
2188 1703949364518
2189 1703949364558
2190 1703949364599
2191 1703949364638
2192 1703949364676
2193 1703949364716
2194 1703949364756
2195 1703949364796
2196 1703949364836
2197 1703949364876
2198 1703949364916
2199 1703949364956
2200 1703949365000
2201 1703949365040
2202 1703949365080
2203 1703949365120
2204 1703949365162
2205 1703949365200
2206 1703949365240
2207 1703949365280
2208 1703949365321
2209 1703949365361
2210 1703949365401
2211 1703949365440
2212 1703949365480
2213 1703949365520
2214 1703949365565
2215 1703949365605
2216 1703949365644
2217 1703949365684
2218 1703949365724
2219 1703949365767
2220 1703949365804
2221 1703949365844
2222 1703949365884
2223 1703949365924
2224 1703949365964
2225 1703949366004
2226 1703949366044
2227 1703949366084
2228 1703949366128
2229 1703949366168
2230 1703949366208
2231 1703949366250
2232 1703949366288
2233 1703949366328
2234 1703949366369
