1 1680362693
2 1680362693
3 1680362693
4 1680362693
5 1680362693
6 1680362693
7 1680362693
8 1680362693
9 1680362693
10 1680362693
11 1680362693
12 1680362693
13 1680362694
14 1680362694
15 1680362694
16 1680362694
17 1680362694
18 1680362694
19 1680362694
20 1680362694
21 1680362694
22 1680362694
23 1680362694
24 1680362694
25 1680362694
26 1680362694
27 1680362694
28 1680362694
29 1680362694
30 1680362694
31 1680362694
32 1680362694
33 1680362694
34 1680362694
35 1680362694
36 1680362694
37 1680362694
38 1680362694
39 1680362694
40 1680362694
41 1680362694
42 1680362694
43 1680362695
44 1680362695
45 1680362695
46 1680362695
47 1680362695
48 1680362695
49 1680362695
50 1680362695
51 1680362695
52 1680362695
53 1680362695
54 1680362695
55 1680362695
56 1680362695
57 1680362695
58 1680362695
59 1680362695
60 1680362695
61 1680362695
62 1680362695
63 1680362695
64 1680362695
65 1680362695
66 1680362695
67 1680362695
68 1680362695
69 1680362695
70 1680362695
71 1680362695
72 1680362695
73 1680362696
74 1680362696
75 1680362696
76 1680362696
77 1680362696
78 1680362696
79 1680362696
80 1680362696
81 1680362696
82 1680362696
83 1680362696
84 1680362696
85 1680362696
86 1680362696
87 1680362696
88 1680362696
89 1680362696
90 1680362696
91 1680362696
92 1680362696
93 1680362696
94 1680362696
95 1680362696
96 1680362696
97 1680362696
98 1680362696
99 1680362696
100 1680362696
101 1680362696
102 1680362697
103 1680362697
104 1680362697
105 1680362697
106 1680362697
107 1680362697
108 1680362697
109 1680362697
110 1680362697
111 1680362697
112 1680362697
113 1680362697
114 1680362697
115 1680362697
116 1680362697
117 1680362697
118 1680362697
119 1680362697
120 1680362697
121 1680362697
122 1680362697
123 1680362697
124 1680362697
125 1680362697
126 1680362697
127 1680362697
128 1680362697
129 1680362697
130 1680362697
131 1680362697
132 1680362698
133 1680362698
134 1680362698
135 1680362698
136 1680362698
137 1680362698
138 1680362698
139 1680362698
140 1680362698
141 1680362698
142 1680362698
143 1680362698
144 1680362698
145 1680362698
146 1680362698
147 1680362698
148 1680362698
149 1680362698
150 1680362698
151 1680362698
152 1680362698
153 1680362698
154 1680362698
155 1680362698
156 1680362698
157 1680362698
158 1680362698
159 1680362698
160 1680362698
161 1680362699
162 1680362699
163 1680362699
164 1680362699
165 1680362699
166 1680362699
167 1680362699
168 1680362699
169 1680362699
170 1680362699
171 1680362699
172 1680362699
173 1680362699
174 1680362699
175 1680362699
176 1680362699
177 1680362699
178 1680362699
179 1680362699
180 1680362699
181 1680362699
182 1680362699
183 1680362699
184 1680362699
185 1680362699
186 1680362699
187 1680362699
188 1680362699
189 1680362699
190 1680362699
191 1680362700
192 1680362700
193 1680362700
194 1680362700
195 1680362700
196 1680362700
197 1680362700
198 1680362700
199 1680362700
200 1680362700
201 1680362700
202 1680362700
203 1680362700
204 1680362700
205 1680362700
206 1680362700
207 1680362700
208 1680362700
209 1680362700
210 1680362700
211 1680362700
212 1680362700
213 1680362700
214 1680362700
215 1680362700
216 1680362700
217 1680362700
218 1680362700
219 1680362701
220 1680362701
221 1680362701
222 1680362701
223 1680362701
224 1680362701
225 1680362701
226 1680362701
227 1680362701
228 1680362701
229 1680362701
230 1680362701
231 1680362701
232 1680362701
233 1680362701
234 1680362701
235 1680362701
236 1680362701
237 1680362701
238 1680362701
239 1680362701
240 1680362701
241 1680362701
242 1680362701
243 1680362701
244 1680362701
245 1680362701
246 1680362701
247 1680362701
248 1680362701
249 1680362702
250 1680362702
251 1680362702
252 1680362702
253 1680362702
254 1680362702
255 1680362702
256 1680362702
257 1680362702
258 1680362702
259 1680362702
260 1680362702
261 1680362702
262 1680362702
263 1680362702
264 1680362702
265 1680362702
266 1680362702
267 1680362702
268 1680362702
269 1680362702
270 1680362702
271 1680362702
272 1680362702
273 1680362702
274 1680362702
275 1680362702
276 1680362702
277 1680362702
278 1680362703
279 1680362703
280 1680362703
281 1680362703
282 1680362703
283 1680362703
284 1680362703
285 1680362703
286 1680362703
287 1680362703
288 1680362703
289 1680362703
290 1680362703
291 1680362703
292 1680362703
293 1680362703
294 1680362703
295 1680362703
296 1680362703
297 1680362703
298 1680362703
299 1680362703
300 1680362703
301 1680362703
302 1680362703
303 1680362703
304 1680362703
305 1680362703
306 1680362703
307 1680362703
308 1680362704
309 1680362704
310 1680362704
311 1680362704
312 1680362704
313 1680362704
314 1680362704
315 1680362704
316 1680362704
317 1680362704
318 1680362704
319 1680362704
320 1680362704
321 1680362704
322 1680362704
323 1680362704
324 1680362704
325 1680362704
326 1680362704
327 1680362704
328 1680362704
329 1680362704
330 1680362704
331 1680362704
332 1680362704
333 1680362704
334 1680362704
335 1680362704
336 1680362704
337 1680362705
338 1680362705
339 1680362705
340 1680362705
341 1680362705
342 1680362705
343 1680362705
344 1680362705
345 1680362705
346 1680362705
347 1680362705
348 1680362705
349 1680362705
350 1680362705
351 1680362705
352 1680362705
353 1680362705
354 1680362705
355 1680362705
356 1680362705
357 1680362705
358 1680362705
359 1680362705
360 1680362705
361 1680362705
362 1680362705
363 1680362705
364 1680362705
365 1680362705
366 1680362705
367 1680362706
368 1680362706
369 1680362706
370 1680362706
371 1680362706
372 1680362706
373 1680362706
374 1680362706
375 1680362706
376 1680362706
377 1680362706
378 1680362706
379 1680362706
380 1680362706
381 1680362706
382 1680362706
383 1680362706
384 1680362706
385 1680362706
386 1680362706
387 1680362706
388 1680362706
389 1680362706
390 1680362706
391 1680362706
392 1680362706
393 1680362706
394 1680362706
395 1680362706
396 1680362707
397 1680362707
398 1680362707
399 1680362707
400 1680362707
401 1680362707
402 1680362707
403 1680362707
404 1680362707
405 1680362707
406 1680362707
407 1680362707
408 1680362707
409 1680362707
410 1680362707
411 1680362707
412 1680362707
413 1680362707
414 1680362707
415 1680362707
416 1680362707
417 1680362707
418 1680362707
419 1680362707
420 1680362707
421 1680362707
422 1680362707
423 1680362707
424 1680362708
425 1680362708
426 1680362708
427 1680362708
428 1680362708
429 1680362708
430 1680362708
431 1680362708
432 1680362708
433 1680362708
434 1680362708
435 1680362708
436 1680362708
437 1680362708
438 1680362708
439 1680362708
440 1680362708
441 1680362708
442 1680362708
443 1680362708
444 1680362708
445 1680362708
446 1680362708
447 1680362708
448 1680362708
449 1680362708
450 1680362708
451 1680362708
452 1680362709
453 1680362709
454 1680362709
455 1680362709
456 1680362709
457 1680362709
458 1680362709
459 1680362709
460 1680362709
461 1680362709
462 1680362709
463 1680362709
464 1680362709
465 1680362709
466 1680362709
467 1680362709
468 1680362709
469 1680362709
470 1680362709
471 1680362709
472 1680362709
473 1680362709
474 1680362709
475 1680362709
476 1680362709
477 1680362709
478 1680362709
479 1680362709
480 1680362709
481 1680362709
482 1680362710
483 1680362710
484 1680362710
485 1680362710
486 1680362710
487 1680362710
488 1680362710
489 1680362710
490 1680362710
491 1680362710
492 1680362710
493 1680362710
494 1680362710
495 1680362710
496 1680362710
497 1680362710
498 1680362710
499 1680362710
500 1680362710
501 1680362710
502 1680362710
503 1680362710
504 1680362710
505 1680362710
506 1680362710
507 1680362710
508 1680362710
509 1680362710
510 1680362710
511 1680362710
512 1680362711
513 1680362711
514 1680362711
515 1680362711
516 1680362711
517 1680362711
518 1680362711
519 1680362711
520 1680362711
521 1680362711
522 1680362711
523 1680362711
524 1680362711
525 1680362711
526 1680362711
527 1680362711
528 1680362711
529 1680362711
530 1680362711
531 1680362711
532 1680362711
533 1680362711
534 1680362711
535 1680362711
536 1680362711
537 1680362711
538 1680362711
539 1680362711
540 1680362711
541 1680362711
542 1680362712
543 1680362712
544 1680362712
545 1680362712
546 1680362712
547 1680362712
548 1680362712
549 1680362712
550 1680362712
551 1680362712
552 1680362712
553 1680362712
554 1680362712
555 1680362712
556 1680362712
557 1680362712
558 1680362712
559 1680362712
560 1680362712
561 1680362712
562 1680362712
563 1680362712
564 1680362712
565 1680362712
566 1680362712
567 1680362712
568 1680362712
569 1680362712
570 1680362712
571 1680362713
572 1680362713
573 1680362713
574 1680362713
575 1680362713
576 1680362713
577 1680362713
578 1680362713
579 1680362713
580 1680362713
581 1680362713
582 1680362713
583 1680362713
584 1680362713
585 1680362713
586 1680362713
587 1680362713
588 1680362713
589 1680362713
590 1680362713
591 1680362713
592 1680362713
593 1680362713
594 1680362713
595 1680362713
596 1680362713
597 1680362713
598 1680362713
599 1680362713
600 1680362713
601 1680362714
602 1680362714
603 1680362714
604 1680362714
605 1680362714
606 1680362714
607 1680362714
608 1680362714
609 1680362714
610 1680362714
611 1680362714
612 1680362714
613 1680362714
614 1680362714
615 1680362714
616 1680362714
617 1680362714
618 1680362714
619 1680362714
620 1680362714
621 1680362714
622 1680362714
623 1680362714
624 1680362714
625 1680362714
626 1680362714
627 1680362714
628 1680362714
629 1680362715
630 1680362715
631 1680362715
632 1680362715
633 1680362715
634 1680362715
635 1680362715
636 1680362715
637 1680362715
638 1680362715
639 1680362715
640 1680362715
641 1680362715
642 1680362715
643 1680362715
644 1680362715
645 1680362715
646 1680362715
647 1680362715
648 1680362715
649 1680362715
650 1680362715
651 1680362715
652 1680362715
653 1680362715
654 1680362715
655 1680362715
656 1680362715
657 1680362715
658 1680362715
659 1680362716
660 1680362716
661 1680362716
662 1680362716
663 1680362716
664 1680362716
665 1680362716
666 1680362716
667 1680362716
668 1680362716
669 1680362716
670 1680362716
671 1680362716
672 1680362716
673 1680362716
674 1680362716
675 1680362716
676 1680362716
677 1680362716
678 1680362716
679 1680362716
680 1680362716
681 1680362716
682 1680362716
683 1680362716
684 1680362716
685 1680362716
686 1680362716
687 1680362716
688 1680362716
689 1680362717
690 1680362717
691 1680362717
692 1680362717
693 1680362717
694 1680362717
695 1680362717
696 1680362717
697 1680362717
698 1680362717
699 1680362717
700 1680362717
701 1680362717
702 1680362717
703 1680362717
704 1680362717
705 1680362717
706 1680362717
707 1680362717
708 1680362717
709 1680362717
710 1680362717
711 1680362717
712 1680362717
713 1680362717
714 1680362717
715 1680362717
716 1680362717
717 1680362717
718 1680362718
719 1680362718
720 1680362718
721 1680362718
722 1680362718
723 1680362718
724 1680362718
725 1680362718
726 1680362718
727 1680362718
728 1680362718
729 1680362718
730 1680362718
731 1680362718
732 1680362718
733 1680362718
734 1680362718
735 1680362718
736 1680362718
737 1680362718
738 1680362718
739 1680362718
740 1680362718
741 1680362718
742 1680362718
743 1680362718
744 1680362718
745 1680362718
746 1680362718
747 1680362719
748 1680362719
749 1680362719
750 1680362719
751 1680362719
752 1680362719
753 1680362719
754 1680362719
755 1680362719
756 1680362719
757 1680362719
758 1680362719
759 1680362719
760 1680362719
761 1680362719
762 1680362719
763 1680362719
764 1680362719
765 1680362719
766 1680362719
767 1680362719
768 1680362719
769 1680362719
770 1680362719
771 1680362719
772 1680362719
773 1680362719
774 1680362719
775 1680362719
776 1680362719
777 1680362720
778 1680362720
779 1680362720
780 1680362720
781 1680362720
782 1680362720
783 1680362720
784 1680362720
785 1680362720
786 1680362720
787 1680362720
788 1680362720
789 1680362720
790 1680362720
791 1680362720
792 1680362720
793 1680362720
794 1680362720
795 1680362720
796 1680362720
797 1680362720
798 1680362720
799 1680362720
800 1680362720
801 1680362720
802 1680362720
803 1680362720
804 1680362720
805 1680362720
806 1680362720
807 1680362721
808 1680362721
809 1680362721
810 1680362721
811 1680362721
812 1680362721
813 1680362721
814 1680362721
815 1680362721
816 1680362721
817 1680362721
818 1680362721
819 1680362721
820 1680362721
821 1680362721
822 1680362721
823 1680362721
824 1680362721
825 1680362721
826 1680362721
827 1680362721
828 1680362721
829 1680362721
830 1680362721
831 1680362721
832 1680362721
833 1680362721
834 1680362721
835 1680362721
836 1680362722
837 1680362722
838 1680362722
839 1680362722
840 1680362722
841 1680362722
842 1680362722
843 1680362722
844 1680362722
845 1680362722
846 1680362722
847 1680362722
848 1680362722
849 1680362722
850 1680362722
851 1680362722
852 1680362722
853 1680362722
854 1680362722
855 1680362722
856 1680362722
857 1680362722
858 1680362722
859 1680362722
860 1680362722
861 1680362722
862 1680362722
863 1680362722
864 1680362722
865 1680362722
866 1680362723
867 1680362723
868 1680362723
869 1680362723
870 1680362723
871 1680362723
872 1680362723
873 1680362723
874 1680362723
875 1680362723
876 1680362723
877 1680362723
878 1680362723
879 1680362723
880 1680362723
881 1680362723
882 1680362723
883 1680362723
884 1680362723
885 1680362723
886 1680362723
887 1680362723
888 1680362723
889 1680362723
890 1680362723
891 1680362723
892 1680362723
893 1680362723
894 1680362723
895 1680362723
896 1680362724
897 1680362724
898 1680362724
899 1680362724
900 1680362724
901 1680362724
902 1680362724
903 1680362724
904 1680362724
905 1680362724
906 1680362724
907 1680362724
908 1680362724
909 1680362724
910 1680362724
911 1680362724
912 1680362724
913 1680362724
914 1680362724
915 1680362724
916 1680362724
917 1680362724
918 1680362724
919 1680362724
920 1680362724
921 1680362724
922 1680362724
923 1680362724
924 1680362725
925 1680362725
926 1680362725
927 1680362725
928 1680362725
929 1680362725
930 1680362725
931 1680362725
932 1680362725
933 1680362725
934 1680362725
935 1680362725
936 1680362725
937 1680362725
938 1680362725
939 1680362725
940 1680362725
941 1680362725
942 1680362725
943 1680362725
944 1680362725
945 1680362725
946 1680362725
947 1680362725
948 1680362725
949 1680362725
950 1680362725
951 1680362725
952 1680362726
953 1680362726
954 1680362726
955 1680362726
956 1680362726
957 1680362726
958 1680362726
959 1680362726
960 1680362726
961 1680362726
962 1680362726
963 1680362726
964 1680362726
965 1680362726
966 1680362726
967 1680362726
968 1680362726
969 1680362726
970 1680362726
971 1680362726
972 1680362726
973 1680362726
974 1680362726
975 1680362726
976 1680362726
977 1680362726
978 1680362726
979 1680362726
980 1680362726
981 1680362726
982 1680362727
983 1680362727
984 1680362727
985 1680362727
986 1680362727
987 1680362727
988 1680362727
989 1680362727
990 1680362727
991 1680362727
992 1680362727
993 1680362727
994 1680362727
995 1680362727
996 1680362727
997 1680362727
998 1680362727
999 1680362727
1000 1680362727
1001 1680362727
1002 1680362727
1003 1680362727
1004 1680362727
1005 1680362727
1006 1680362727
1007 1680362727
1008 1680362727
1009 1680362727
1010 1680362727
1011 1680362728
1012 1680362728
1013 1680362728
1014 1680362728
1015 1680362728
1016 1680362728
1017 1680362728
1018 1680362728
1019 1680362728
1020 1680362728
1021 1680362728
1022 1680362728
1023 1680362728
1024 1680362728
1025 1680362728
1026 1680362728
1027 1680362728
1028 1680362728
1029 1680362728
1030 1680362728
1031 1680362728
1032 1680362728
1033 1680362728
1034 1680362728
1035 1680362728
1036 1680362728
1037 1680362728
1038 1680362728
1039 1680362728
1040 1680362729
1041 1680362729
1042 1680362729
1043 1680362729
1044 1680362729
1045 1680362729
1046 1680362729
1047 1680362729
1048 1680362729
1049 1680362729
1050 1680362729
1051 1680362729
1052 1680362729
1053 1680362729
1054 1680362729
1055 1680362729
1056 1680362729
1057 1680362729
1058 1680362729
1059 1680362729
1060 1680362729
1061 1680362729
1062 1680362729
1063 1680362729
1064 1680362729
1065 1680362729
1066 1680362729
1067 1680362729
1068 1680362729
1069 1680362730
1070 1680362730
1071 1680362730
1072 1680362730
1073 1680362730
1074 1680362730
1075 1680362730
1076 1680362730
1077 1680362730
1078 1680362730
1079 1680362730
1080 1680362730
1081 1680362730
1082 1680362730
1083 1680362730
1084 1680362730
1085 1680362730
1086 1680362730
1087 1680362730
1088 1680362730
1089 1680362730
1090 1680362730
1091 1680362730
1092 1680362730
1093 1680362730
1094 1680362730
1095 1680362730
1096 1680362730
1097 1680362730
1098 1680362731
1099 1680362731
1100 1680362731
1101 1680362731
1102 1680362731
1103 1680362731
1104 1680362731
1105 1680362731
1106 1680362731
1107 1680362731
1108 1680362731
1109 1680362731
1110 1680362731
1111 1680362731
1112 1680362731
1113 1680362731
1114 1680362731
1115 1680362731
1116 1680362731
1117 1680362731
1118 1680362731
1119 1680362731
1120 1680362731
1121 1680362731
1122 1680362731
1123 1680362731
1124 1680362731
1125 1680362731
1126 1680362731
1127 1680362732
1128 1680362732
1129 1680362732
1130 1680362732
1131 1680362732
1132 1680362732
1133 1680362732
1134 1680362732
1135 1680362732
1136 1680362732
1137 1680362732
1138 1680362732
1139 1680362732
1140 1680362732
1141 1680362732
1142 1680362732
1143 1680362732
1144 1680362732
1145 1680362732
1146 1680362732
1147 1680362732
1148 1680362732
1149 1680362732
1150 1680362732
1151 1680362732
1152 1680362732
1153 1680362732
1154 1680362732
1155 1680362732
1156 1680362732
1157 1680362733
1158 1680362733
1159 1680362733
1160 1680362733
1161 1680362733
1162 1680362733
1163 1680362733
1164 1680362733
1165 1680362733
1166 1680362733
1167 1680362733
1168 1680362733
1169 1680362733
1170 1680362733
1171 1680362733
1172 1680362733
1173 1680362733
1174 1680362733
1175 1680362733
1176 1680362733
1177 1680362733
1178 1680362733
1179 1680362733
1180 1680362733
1181 1680362733
1182 1680362733
1183 1680362733
1184 1680362733
1185 1680362733
1186 1680362734
1187 1680362734
1188 1680362734
1189 1680362734
1190 1680362734
1191 1680362734
1192 1680362734
1193 1680362734
1194 1680362734
1195 1680362734
1196 1680362734
1197 1680362734
1198 1680362734
1199 1680362734
1200 1680362734
1201 1680362734
1202 1680362734
1203 1680362734
1204 1680362734
1205 1680362734
1206 1680362734
1207 1680362734
1208 1680362734
1209 1680362734
1210 1680362734
1211 1680362734
1212 1680362734
1213 1680362734
1214 1680362734
1215 1680362735
1216 1680362735
1217 1680362735
1218 1680362735
1219 1680362735
1220 1680362735
1221 1680362735
1222 1680362735
1223 1680362735
1224 1680362735
1225 1680362735
1226 1680362735
1227 1680362735
1228 1680362735
1229 1680362735
1230 1680362735
1231 1680362735
1232 1680362735
1233 1680362735
1234 1680362735
1235 1680362735
1236 1680362735
1237 1680362735
1238 1680362735
1239 1680362735
1240 1680362735
1241 1680362735
1242 1680362735
1243 1680362735
1244 1680362735
1245 1680362736
1246 1680362736
1247 1680362736
1248 1680362736
1249 1680362736
1250 1680362736
1251 1680362736
1252 1680362736
1253 1680362736
1254 1680362736
1255 1680362736
1256 1680362736
1257 1680362736
1258 1680362736
1259 1680362736
1260 1680362736
1261 1680362736
1262 1680362736
1263 1680362736
1264 1680362736
1265 1680362736
1266 1680362736
1267 1680362736
1268 1680362736
1269 1680362736
1270 1680362736
1271 1680362736
1272 1680362736
1273 1680362736
1274 1680362737
1275 1680362737
1276 1680362737
1277 1680362737
1278 1680362737
1279 1680362737
1280 1680362737
1281 1680362737
1282 1680362737
1283 1680362737
1284 1680362737
1285 1680362737
1286 1680362737
1287 1680362737
1288 1680362737
1289 1680362737
1290 1680362737
1291 1680362737
1292 1680362737
1293 1680362737
1294 1680362737
1295 1680362737
1296 1680362737
1297 1680362737
1298 1680362737
1299 1680362737
1300 1680362737
1301 1680362737
1302 1680362737
1303 1680362737
1304 1680362738
1305 1680362738
1306 1680362738
1307 1680362738
1308 1680362738
1309 1680362738
1310 1680362738
1311 1680362738
1312 1680362738
1313 1680362738
1314 1680362738
1315 1680362738
1316 1680362738
1317 1680362738
1318 1680362738
1319 1680362738
1320 1680362738
1321 1680362738
1322 1680362738
1323 1680362738
1324 1680362738
1325 1680362738
1326 1680362738
1327 1680362738
1328 1680362738
1329 1680362738
1330 1680362738
1331 1680362738
1332 1680362738
1333 1680362739
1334 1680362739
1335 1680362739
1336 1680362739
1337 1680362739
1338 1680362739
1339 1680362739
1340 1680362739
1341 1680362739
1342 1680362739
1343 1680362739
1344 1680362739
1345 1680362739
1346 1680362739
1347 1680362739
1348 1680362739
1349 1680362739
1350 1680362739
1351 1680362739
1352 1680362739
1353 1680362739
1354 1680362739
1355 1680362739
1356 1680362739
1357 1680362739
1358 1680362739
1359 1680362739
1360 1680362739
1361 1680362739
1362 1680362740
1363 1680362740
1364 1680362740
1365 1680362740
1366 1680362740
1367 1680362740
1368 1680362740
1369 1680362740
1370 1680362740
1371 1680362740
1372 1680362740
1373 1680362740
1374 1680362740
1375 1680362740
1376 1680362740
1377 1680362740
1378 1680362740
1379 1680362740
1380 1680362740
1381 1680362740
1382 1680362740
1383 1680362740
1384 1680362740
1385 1680362740
1386 1680362740
1387 1680362740
1388 1680362740
1389 1680362740
1390 1680362740
1391 1680362740
1392 1680362741
1393 1680362741
1394 1680362741
1395 1680362741
1396 1680362741
1397 1680362741
1398 1680362741
1399 1680362741
1400 1680362741
1401 1680362741
1402 1680362741
1403 1680362741
1404 1680362741
1405 1680362741
1406 1680362741
1407 1680362741
1408 1680362741
1409 1680362741
1410 1680362741
1411 1680362741
1412 1680362741
1413 1680362741
1414 1680362741
1415 1680362741
1416 1680362741
1417 1680362741
1418 1680362741
1419 1680362741
1420 1680362741
1421 1680362741
1422 1680362742
1423 1680362742
1424 1680362742
1425 1680362742
1426 1680362742
1427 1680362742
1428 1680362742
1429 1680362742
1430 1680362742
1431 1680362742
1432 1680362742
1433 1680362742
1434 1680362742
1435 1680362742
1436 1680362742
1437 1680362742
1438 1680362742
1439 1680362742
1440 1680362742
1441 1680362742
1442 1680362742
1443 1680362742
1444 1680362742
1445 1680362742
1446 1680362742
1447 1680362742
1448 1680362742
1449 1680362742
1450 1680362742
1451 1680362743
1452 1680362743
1453 1680362743
1454 1680362743
1455 1680362743
1456 1680362743
1457 1680362743
1458 1680362743
1459 1680362743
1460 1680362743
1461 1680362743
1462 1680362743
1463 1680362743
1464 1680362743
1465 1680362743
1466 1680362743
1467 1680362743
1468 1680362743
1469 1680362743
1470 1680362743
1471 1680362743
1472 1680362743
1473 1680362743
1474 1680362743
1475 1680362743
1476 1680362743
1477 1680362743
1478 1680362743
1479 1680362743
1480 1680362744
1481 1680362744
1482 1680362744
1483 1680362744
1484 1680362744
1485 1680362744
1486 1680362744
1487 1680362744
1488 1680362744
1489 1680362744
1490 1680362744
1491 1680362744
1492 1680362744
1493 1680362744
1494 1680362744
1495 1680362744
1496 1680362744
1497 1680362744
1498 1680362744
1499 1680362744
1500 1680362744
1501 1680362744
1502 1680362744
1503 1680362744
1504 1680362744
1505 1680362744
1506 1680362744
1507 1680362744
1508 1680362744
1509 1680362744
1510 1680362745
1511 1680362745
1512 1680362745
1513 1680362745
1514 1680362745
1515 1680362745
1516 1680362745
1517 1680362745
1518 1680362745
1519 1680362745
1520 1680362745
1521 1680362745
1522 1680362745
1523 1680362745
1524 1680362745
1525 1680362745
1526 1680362745
1527 1680362745
1528 1680362745
1529 1680362745
1530 1680362745
1531 1680362745
1532 1680362745
1533 1680362745
1534 1680362745
1535 1680362745
1536 1680362745
1537 1680362745
1538 1680362745
1539 1680362745
1540 1680362746
1541 1680362746
1542 1680362746
1543 1680362746
1544 1680362746
1545 1680362746
1546 1680362746
1547 1680362746
1548 1680362746
1549 1680362746
1550 1680362746
1551 1680362746
1552 1680362746
1553 1680362746
1554 1680362746
1555 1680362746
1556 1680362746
1557 1680362746
1558 1680362746
1559 1680362746
1560 1680362746
1561 1680362746
1562 1680362746
1563 1680362746
1564 1680362746
1565 1680362746
1566 1680362746
1567 1680362746
1568 1680362747
1569 1680362747
1570 1680362747
1571 1680362747
1572 1680362747
1573 1680362747
1574 1680362747
1575 1680362747
1576 1680362747
1577 1680362747
1578 1680362747
1579 1680362747
1580 1680362747
1581 1680362747
1582 1680362747
1583 1680362747
1584 1680362747
1585 1680362747
1586 1680362747
1587 1680362747
1588 1680362747
1589 1680362747
1590 1680362747
1591 1680362747
1592 1680362747
1593 1680362747
1594 1680362747
1595 1680362747
1596 1680362747
1597 1680362747
1598 1680362748
1599 1680362748
1600 1680362748
1601 1680362748
1602 1680362748
1603 1680362748
1604 1680362748
1605 1680362748
1606 1680362748
1607 1680362748
1608 1680362748
1609 1680362748
1610 1680362748
1611 1680362748
1612 1680362748
1613 1680362748
1614 1680362748
1615 1680362748
1616 1680362748
1617 1680362748
1618 1680362748
1619 1680362748
1620 1680362748
1621 1680362748
1622 1680362748
1623 1680362748
1624 1680362748
1625 1680362748
1626 1680362748
1627 1680362749
1628 1680362749
1629 1680362749
1630 1680362749
1631 1680362749
1632 1680362749
1633 1680362749
1634 1680362749
1635 1680362749
1636 1680362749
1637 1680362749
1638 1680362749
1639 1680362749
1640 1680362749
1641 1680362749
1642 1680362749
1643 1680362749
1644 1680362749
1645 1680362749
1646 1680362749
1647 1680362749
1648 1680362749
1649 1680362749
1650 1680362749
1651 1680362749
1652 1680362749
1653 1680362749
1654 1680362749
1655 1680362749
1656 1680362749
1657 1680362750
1658 1680362750
1659 1680362750
1660 1680362750
1661 1680362750
1662 1680362750
1663 1680362750
1664 1680362750
1665 1680362750
1666 1680362750
1667 1680362750
1668 1680362750
1669 1680362750
1670 1680362750
1671 1680362750
1672 1680362750
1673 1680362750
1674 1680362750
1675 1680362750
1676 1680362750
1677 1680362750
1678 1680362750
1679 1680362750
1680 1680362750
1681 1680362750
1682 1680362750
1683 1680362750
1684 1680362750
1685 1680362750
1686 1680362751
1687 1680362751
1688 1680362751
1689 1680362751
1690 1680362751
1691 1680362751
1692 1680362751
1693 1680362751
1694 1680362751
1695 1680362751
1696 1680362751
1697 1680362751
1698 1680362751
1699 1680362751
1700 1680362751
1701 1680362751
1702 1680362751
1703 1680362751
1704 1680362751
1705 1680362751
1706 1680362751
1707 1680362751
1708 1680362751
1709 1680362751
1710 1680362751
1711 1680362751
1712 1680362751
1713 1680362751
1714 1680362751
1715 1680362751
1716 1680362752
1717 1680362752
1718 1680362752
1719 1680362752
1720 1680362752
1721 1680362752
1722 1680362752
1723 1680362752
1724 1680362752
1725 1680362752
1726 1680362752
1727 1680362752
1728 1680362752
1729 1680362752
1730 1680362752
1731 1680362752
1732 1680362752
1733 1680362752
1734 1680362752
1735 1680362752
1736 1680362752
1737 1680362752
1738 1680362752
1739 1680362752
1740 1680362752
1741 1680362752
1742 1680362752
1743 1680362752
1744 1680362752
1745 1680362753
1746 1680362753
1747 1680362753
1748 1680362753
1749 1680362753
1750 1680362753
1751 1680362753
1752 1680362753
1753 1680362753
1754 1680362753
1755 1680362753
1756 1680362753
1757 1680362753
1758 1680362753
1759 1680362753
1760 1680362753
1761 1680362753
1762 1680362753
1763 1680362753
1764 1680362753
1765 1680362753
1766 1680362753
1767 1680362753
1768 1680362753
1769 1680362753
1770 1680362753
1771 1680362753
1772 1680362753
1773 1680362753
1774 1680362754
1775 1680362754
1776 1680362754
1777 1680362754
1778 1680362754
1779 1680362754
1780 1680362754
1781 1680362754
1782 1680362754
1783 1680362754
1784 1680362754
1785 1680362754
1786 1680362754
1787 1680362754
1788 1680362754
1789 1680362754
1790 1680362754
1791 1680362754
1792 1680362754
1793 1680362754
1794 1680362754
1795 1680362754
1796 1680362754
1797 1680362754
1798 1680362754
1799 1680362754
1800 1680362754
1801 1680362754
1802 1680362754
1803 1680362754
1804 1680362755
1805 1680362755
1806 1680362755
1807 1680362755
1808 1680362755
1809 1680362755
1810 1680362755
1811 1680362755
1812 1680362755
1813 1680362755
1814 1680362755
1815 1680362755
1816 1680362755
1817 1680362755
1818 1680362755
1819 1680362755
1820 1680362755
1821 1680362755
1822 1680362755
1823 1680362755
1824 1680362755
1825 1680362755
1826 1680362755
1827 1680362755
1828 1680362755
1829 1680362755
1830 1680362755
1831 1680362755
1832 1680362755
1833 1680362755
1834 1680362756
1835 1680362756
1836 1680362756
1837 1680362756
1838 1680362756
1839 1680362756
1840 1680362756
1841 1680362756
1842 1680362756
1843 1680362756
1844 1680362756
1845 1680362756
1846 1680362756
1847 1680362756
1848 1680362756
1849 1680362756
1850 1680362756
1851 1680362756
1852 1680362756
1853 1680362756
1854 1680362756
1855 1680362756
1856 1680362756
1857 1680362756
1858 1680362756
1859 1680362756
1860 1680362756
1861 1680362756
1862 1680362756
1863 1680362757
1864 1680362757
1865 1680362757
1866 1680362757
1867 1680362757
1868 1680362757
1869 1680362757
1870 1680362757
1871 1680362757
1872 1680362757
1873 1680362757
1874 1680362757
1875 1680362757
1876 1680362757
1877 1680362757
1878 1680362757
1879 1680362757
1880 1680362757
1881 1680362757
1882 1680362757
1883 1680362757
1884 1680362757
1885 1680362757
1886 1680362757
1887 1680362757
1888 1680362757
1889 1680362757
1890 1680362757
1891 1680362757
1892 1680362757
1893 1680362758
1894 1680362758
1895 1680362758
1896 1680362758
1897 1680362758
1898 1680362758
1899 1680362758
1900 1680362758
1901 1680362758
1902 1680362758
1903 1680362758
1904 1680362758
1905 1680362758
1906 1680362758
1907 1680362758
1908 1680362758
1909 1680362758
1910 1680362758
1911 1680362758
1912 1680362758
1913 1680362758
1914 1680362758
1915 1680362758
1916 1680362758
1917 1680362758
1918 1680362758
1919 1680362758
1920 1680362758
1921 1680362758
1922 1680362758
1923 1680362759
1924 1680362759
1925 1680362759
1926 1680362759
1927 1680362759
1928 1680362759
1929 1680362759
1930 1680362759
1931 1680362759
1932 1680362759
1933 1680362759
1934 1680362759
1935 1680362759
1936 1680362759
1937 1680362759
1938 1680362759
1939 1680362759
1940 1680362759
1941 1680362759
1942 1680362759
1943 1680362759
1944 1680362759
1945 1680362759
1946 1680362759
1947 1680362759
1948 1680362759
1949 1680362759
1950 1680362759
1951 1680362760
1952 1680362760
1953 1680362760
1954 1680362760
1955 1680362760
1956 1680362760
1957 1680362760
1958 1680362760
1959 1680362760
1960 1680362760
1961 1680362760
1962 1680362760
1963 1680362760
1964 1680362760
1965 1680362760
1966 1680362760
1967 1680362760
1968 1680362760
1969 1680362760
1970 1680362760
1971 1680362760
1972 1680362760
1973 1680362760
1974 1680362760
1975 1680362760
1976 1680362760
1977 1680362760
1978 1680362760
1979 1680362760
1980 1680362761
1981 1680362761
1982 1680362761
1983 1680362761
1984 1680362761
1985 1680362761
1986 1680362761
1987 1680362761
1988 1680362761
1989 1680362761
1990 1680362761
1991 1680362761
1992 1680362761
1993 1680362761
1994 1680362761
1995 1680362761
1996 1680362761
1997 1680362761
1998 1680362761
1999 1680362761
2000 1680362761
2001 1680362761
2002 1680362761
2003 1680362761
2004 1680362761
2005 1680362761
2006 1680362761
2007 1680362761
2008 1680362761
2009 1680362761
2010 1680362762
2011 1680362762
2012 1680362762
2013 1680362762
2014 1680362762
2015 1680362762
2016 1680362762
2017 1680362762
2018 1680362762
2019 1680362762
2020 1680362762
2021 1680362762
2022 1680362762
2023 1680362762
2024 1680362762
2025 1680362762
2026 1680362762
2027 1680362762
2028 1680362762
2029 1680362762
2030 1680362762
2031 1680362762
2032 1680362762
2033 1680362762
2034 1680362762
2035 1680362762
2036 1680362762
2037 1680362762
2038 1680362762
2039 1680362762
2040 1680362763
2041 1680362763
2042 1680362763
2043 1680362763
2044 1680362763
2045 1680362763
2046 1680362763
2047 1680362763
2048 1680362763
2049 1680362763
2050 1680362763
2051 1680362763
2052 1680362763
2053 1680362763
2054 1680362763
2055 1680362763
2056 1680362763
2057 1680362763
2058 1680362763
2059 1680362763
2060 1680362763
2061 1680362763
2062 1680362763
2063 1680362763
2064 1680362763
2065 1680362763
2066 1680362763
2067 1680362763
2068 1680362763
2069 1680362764
2070 1680362764
2071 1680362764
2072 1680362764
2073 1680362764
2074 1680362764
2075 1680362764
2076 1680362764
2077 1680362764
2078 1680362764
2079 1680362764
2080 1680362764
2081 1680362764
2082 1680362764
2083 1680362764
2084 1680362764
2085 1680362764
2086 1680362764
2087 1680362764
2088 1680362764
2089 1680362764
2090 1680362764
2091 1680362764
2092 1680362764
2093 1680362764
2094 1680362764
2095 1680362764
2096 1680362764
2097 1680362765
2098 1680362765
2099 1680362765
2100 1680362765
2101 1680362765
2102 1680362765
2103 1680362765
2104 1680362765
2105 1680362765
2106 1680362765
2107 1680362765
2108 1680362765
2109 1680362765
2110 1680362765
2111 1680362765
2112 1680362765
2113 1680362765
2114 1680362765
2115 1680362765
2116 1680362765
2117 1680362765
2118 1680362765
2119 1680362765
2120 1680362765
2121 1680362765
2122 1680362765
2123 1680362765
2124 1680362765
2125 1680362765
2126 1680362766
2127 1680362766
2128 1680362766
2129 1680362766
2130 1680362766
2131 1680362766
2132 1680362766
2133 1680362766
2134 1680362766
2135 1680362766
2136 1680362766
2137 1680362766
2138 1680362766
2139 1680362766
2140 1680362766
2141 1680362766
2142 1680362766
2143 1680362766
2144 1680362766
2145 1680362766
2146 1680362766
2147 1680362766
2148 1680362766
2149 1680362766
2150 1680362766
2151 1680362766
2152 1680362766
2153 1680362766
2154 1680362766
2155 1680362767
2156 1680362767
2157 1680362767
2158 1680362767
2159 1680362767
2160 1680362767
2161 1680362767
2162 1680362767
2163 1680362767
2164 1680362767
2165 1680362767
2166 1680362767
2167 1680362767
2168 1680362767
2169 1680362767
2170 1680362767
2171 1680362767
2172 1680362767
2173 1680362767
2174 1680362767
2175 1680362767
2176 1680362767
2177 1680362767
2178 1680362767
2179 1680362767
2180 1680362767
2181 1680362767
2182 1680362767
2183 1680362767
2184 1680362767
2185 1680362768
2186 1680362768
2187 1680362768
2188 1680362768
2189 1680362768
2190 1680362768
2191 1680362768
2192 1680362768
2193 1680362768
2194 1680362768
2195 1680362768
2196 1680362768
2197 1680362768
2198 1680362768
2199 1680362768
2200 1680362768
2201 1680362768
2202 1680362768
2203 1680362768
2204 1680362768
2205 1680362768
2206 1680362768
2207 1680362768
2208 1680362768
2209 1680362768
2210 1680362768
2211 1680362768
2212 1680362768
2213 1680362768
2214 1680362768
2215 1680362769
2216 1680362769
2217 1680362769
2218 1680362769
2219 1680362769
2220 1680362769
2221 1680362769
2222 1680362769
2223 1680362769
2224 1680362769
2225 1680362769
2226 1680362769
2227 1680362769
2228 1680362769
2229 1680362769
2230 1680362769
2231 1680362769
2232 1680362769
2233 1680362769
2234 1680362769
2235 1680362769
2236 1680362769
2237 1680362769
2238 1680362769
2239 1680362769
2240 1680362769
2241 1680362769
2242 1680362769
2243 1680362769
2244 1680362770
2245 1680362770
2246 1680362770
2247 1680362770
2248 1680362770
2249 1680362770
2250 1680362770
2251 1680362770
2252 1680362770
2253 1680362770
2254 1680362770
2255 1680362770
2256 1680362770
2257 1680362770
2258 1680362770
2259 1680362770
2260 1680362770
2261 1680362770
2262 1680362770
2263 1680362770
2264 1680362770
2265 1680362770
2266 1680362770
2267 1680362770
2268 1680362770
2269 1680362770
2270 1680362770
2271 1680362770
2272 1680362770
2273 1680362770
2274 1680362771
2275 1680362771
2276 1680362771
2277 1680362771
2278 1680362771
2279 1680362771
2280 1680362771
2281 1680362771
2282 1680362771
2283 1680362771
2284 1680362771
2285 1680362771
2286 1680362771
2287 1680362771
2288 1680362771
2289 1680362771
2290 1680362771
2291 1680362771
2292 1680362771
2293 1680362771
2294 1680362771
2295 1680362771
2296 1680362771
2297 1680362771
2298 1680362771
2299 1680362771
2300 1680362771
2301 1680362771
2302 1680362771
2303 1680362772
2304 1680362772
2305 1680362772
2306 1680362772
2307 1680362772
2308 1680362772
2309 1680362772
2310 1680362772
2311 1680362772
2312 1680362772
2313 1680362772
2314 1680362772
2315 1680362772
2316 1680362772
2317 1680362772
2318 1680362772
2319 1680362772
2320 1680362772
2321 1680362772
2322 1680362772
2323 1680362772
2324 1680362772
2325 1680362772
2326 1680362772
2327 1680362772
2328 1680362772
2329 1680362772
2330 1680362772
2331 1680362772
2332 1680362773
2333 1680362773
2334 1680362773
2335 1680362773
2336 1680362773
2337 1680362773
2338 1680362773
2339 1680362773
2340 1680362773
2341 1680362773
2342 1680362773
2343 1680362773
2344 1680362773
2345 1680362773
2346 1680362773
2347 1680362773
2348 1680362773
2349 1680362773
2350 1680362773
2351 1680362773
2352 1680362773
2353 1680362773
2354 1680362773
2355 1680362773
2356 1680362773
2357 1680362773
2358 1680362773
2359 1680362773
2360 1680362774
2361 1680362774
2362 1680362774
2363 1680362774
2364 1680362774
2365 1680362774
2366 1680362774
2367 1680362774
2368 1680362774
2369 1680362774
2370 1680362774
2371 1680362774
2372 1680362774
2373 1680362774
2374 1680362774
2375 1680362774
2376 1680362774
2377 1680362774
2378 1680362774
2379 1680362774
2380 1680362774
2381 1680362774
2382 1680362774
2383 1680362774
2384 1680362774
2385 1680362774
2386 1680362774
2387 1680362774
2388 1680362774
2389 1680362775
2390 1680362775
2391 1680362775
2392 1680362775
2393 1680362775
2394 1680362775
2395 1680362775
2396 1680362775
2397 1680362775
2398 1680362775
2399 1680362775
2400 1680362775
2401 1680362775
2402 1680362775
2403 1680362775
2404 1680362775
2405 1680362775
2406 1680362775
2407 1680362775
2408 1680362775
2409 1680362775
2410 1680362775
2411 1680362775
2412 1680362775
2413 1680362775
2414 1680362775
2415 1680362775
2416 1680362775
2417 1680362776
2418 1680362776
2419 1680362776
2420 1680362776
2421 1680362776
2422 1680362776
2423 1680362776
2424 1680362776
2425 1680362776
2426 1680362776
2427 1680362776
2428 1680362776
2429 1680362776
2430 1680362776
2431 1680362776
2432 1680362776
2433 1680362776
2434 1680362776
2435 1680362776
2436 1680362776
2437 1680362776
2438 1680362776
2439 1680362776
2440 1680362776
2441 1680362776
2442 1680362776
2443 1680362776
2444 1680362776
2445 1680362776
2446 1680362776
2447 1680362777
2448 1680362777
2449 1680362777
2450 1680362777
2451 1680362777
2452 1680362777
2453 1680362777
2454 1680362777
2455 1680362777
2456 1680362777
2457 1680362777
2458 1680362777
2459 1680362777
2460 1680362777
2461 1680362777
2462 1680362777
2463 1680362777
2464 1680362777
2465 1680362777
2466 1680362777
2467 1680362777
2468 1680362777
2469 1680362777
2470 1680362777
2471 1680362777
2472 1680362777
2473 1680362777
2474 1680362777
2475 1680362777
2476 1680362777
2477 1680362778
2478 1680362778
2479 1680362778
2480 1680362778
2481 1680362778
2482 1680362778
2483 1680362778
2484 1680362778
2485 1680362778
2486 1680362778
2487 1680362778
2488 1680362778
2489 1680362778
2490 1680362778
2491 1680362778
2492 1680362778
2493 1680362778
2494 1680362778
2495 1680362778
2496 1680362778
2497 1680362778
2498 1680362778
2499 1680362778
2500 1680362778
2501 1680362778
2502 1680362778
2503 1680362778
2504 1680362778
2505 1680362778
2506 1680362779
2507 1680362779
2508 1680362779
2509 1680362779
2510 1680362779
2511 1680362779
2512 1680362779
2513 1680362779
2514 1680362779
2515 1680362779
2516 1680362779
2517 1680362779
2518 1680362779
2519 1680362779
2520 1680362779
2521 1680362779
2522 1680362779
2523 1680362779
2524 1680362779
2525 1680362779
2526 1680362779
2527 1680362779
2528 1680362779
2529 1680362779
2530 1680362779
2531 1680362779
2532 1680362779
2533 1680362779
2534 1680362779
2535 1680362779
2536 1680362780
2537 1680362780
2538 1680362780
2539 1680362780
2540 1680362780
2541 1680362780
2542 1680362780
2543 1680362780
2544 1680362780
2545 1680362780
2546 1680362780
2547 1680362780
2548 1680362780
2549 1680362780
2550 1680362780
2551 1680362780
2552 1680362780
2553 1680362780
2554 1680362780
2555 1680362780
2556 1680362780
2557 1680362780
2558 1680362780
2559 1680362780
2560 1680362780
2561 1680362780
2562 1680362780
2563 1680362780
2564 1680362780
2565 1680362781
2566 1680362781
2567 1680362781
2568 1680362781
2569 1680362781
2570 1680362781
2571 1680362781
2572 1680362781
2573 1680362781
2574 1680362781
2575 1680362781
2576 1680362781
2577 1680362781
2578 1680362781
2579 1680362781
2580 1680362781
2581 1680362781
2582 1680362781
2583 1680362781
2584 1680362781
2585 1680362781
2586 1680362781
2587 1680362781
2588 1680362781
2589 1680362781
2590 1680362781
2591 1680362781
2592 1680362781
2593 1680362781
2594 1680362782
2595 1680362782
2596 1680362782
2597 1680362782
2598 1680362782
2599 1680362782
2600 1680362782
2601 1680362782
2602 1680362782
2603 1680362782
2604 1680362782
2605 1680362782
2606 1680362782
2607 1680362782
2608 1680362782
2609 1680362782
2610 1680362782
2611 1680362782
2612 1680362782
2613 1680362782
2614 1680362782
2615 1680362782
2616 1680362782
2617 1680362782
2618 1680362782
2619 1680362782
2620 1680362782
2621 1680362782
2622 1680362782
2623 1680362783
2624 1680362783
2625 1680362783
2626 1680362783
2627 1680362783
2628 1680362783
2629 1680362783
2630 1680362783
2631 1680362783
2632 1680362783
2633 1680362783
2634 1680362783
2635 1680362783
2636 1680362783
2637 1680362783
2638 1680362783
2639 1680362783
2640 1680362783
2641 1680362783
2642 1680362783
2643 1680362783
2644 1680362783
2645 1680362783
2646 1680362783
2647 1680362783
2648 1680362783
2649 1680362783
2650 1680362783
2651 1680362783
2652 1680362784
2653 1680362784
2654 1680362784
2655 1680362784
2656 1680362784
2657 1680362784
2658 1680362784
2659 1680362784
2660 1680362784
2661 1680362784
2662 1680362784
2663 1680362784
2664 1680362784
2665 1680362784
2666 1680362784
2667 1680362784
2668 1680362784
2669 1680362784
2670 1680362784
2671 1680362784
2672 1680362784
2673 1680362784
2674 1680362784
2675 1680362784
2676 1680362784
2677 1680362784
2678 1680362784
2679 1680362784
2680 1680362784
2681 1680362785
2682 1680362785
2683 1680362785
2684 1680362785
2685 1680362785
2686 1680362785
2687 1680362785
2688 1680362785
2689 1680362785
2690 1680362785
2691 1680362785
2692 1680362785
2693 1680362785
2694 1680362785
2695 1680362785
2696 1680362785
2697 1680362785
2698 1680362785
2699 1680362785
2700 1680362785
2701 1680362785
2702 1680362785
2703 1680362785
2704 1680362785
2705 1680362785
2706 1680362785
2707 1680362785
2708 1680362785
2709 1680362785
2710 1680362786
2711 1680362786
2712 1680362786
2713 1680362786
2714 1680362786
2715 1680362786
2716 1680362786
2717 1680362786
2718 1680362786
2719 1680362786
2720 1680362786
2721 1680362786
2722 1680362786
2723 1680362786
2724 1680362786
2725 1680362786
2726 1680362786
2727 1680362786
2728 1680362786
2729 1680362786
2730 1680362786
2731 1680362786
2732 1680362786
2733 1680362786
2734 1680362786
2735 1680362786
2736 1680362786
2737 1680362786
2738 1680362786
2739 1680362787
2740 1680362787
2741 1680362787
2742 1680362787
2743 1680362787
2744 1680362787
2745 1680362787
2746 1680362787
2747 1680362787
2748 1680362787
2749 1680362787
2750 1680362787
2751 1680362787
2752 1680362787
2753 1680362787
2754 1680362787
2755 1680362787
2756 1680362787
2757 1680362787
2758 1680362787
2759 1680362787
2760 1680362787
2761 1680362787
2762 1680362787
2763 1680362787
2764 1680362787
2765 1680362787
2766 1680362787
2767 1680362787
2768 1680362787
2769 1680362788
2770 1680362788
2771 1680362788
2772 1680362788
2773 1680362788
2774 1680362788
2775 1680362788
2776 1680362788
2777 1680362788
2778 1680362788
2779 1680362788
2780 1680362788
2781 1680362788
2782 1680362788
2783 1680362788
2784 1680362788
2785 1680362788
2786 1680362788
2787 1680362788
2788 1680362788
2789 1680362788
2790 1680362788
2791 1680362788
2792 1680362788
2793 1680362788
2794 1680362788
2795 1680362788
2796 1680362789
2797 1680362789
2798 1680362789
2799 1680362789
2800 1680362789
2801 1680362789
2802 1680362789
2803 1680362789
2804 1680362789
2805 1680362789
2806 1680362789
2807 1680362789
2808 1680362789
2809 1680362789
2810 1680362789
2811 1680362789
2812 1680362789
2813 1680362789
2814 1680362789
2815 1680362789
2816 1680362789
2817 1680362789
2818 1680362789
2819 1680362789
2820 1680362789
2821 1680362789
2822 1680362789
2823 1680362789
2824 1680362789
2825 1680362790
2826 1680362790
2827 1680362790
2828 1680362790
2829 1680362790
2830 1680362790
2831 1680362790
2832 1680362790
2833 1680362790
2834 1680362790
2835 1680362790
2836 1680362790
2837 1680362790
2838 1680362790
2839 1680362790
2840 1680362790
2841 1680362790
2842 1680362790
2843 1680362790
2844 1680362790
2845 1680362790
2846 1680362790
2847 1680362790
2848 1680362790
2849 1680362790
2850 1680362790
2851 1680362790
2852 1680362790
2853 1680362790
2854 1680362790
2855 1680362791
2856 1680362791
2857 1680362791
2858 1680362791
2859 1680362791
2860 1680362791
2861 1680362791
2862 1680362791
2863 1680362791
2864 1680362791
2865 1680362791
2866 1680362791
2867 1680362791
2868 1680362791
2869 1680362791
2870 1680362791
2871 1680362791
2872 1680362791
2873 1680362791
2874 1680362791
2875 1680362791
2876 1680362791
2877 1680362791
2878 1680362791
2879 1680362791
2880 1680362791
2881 1680362791
2882 1680362791
2883 1680362791
2884 1680362792
2885 1680362792
2886 1680362792
2887 1680362792
2888 1680362792
2889 1680362792
2890 1680362792
2891 1680362792
2892 1680362792
2893 1680362792
2894 1680362792
2895 1680362792
2896 1680362792
2897 1680362792
2898 1680362792
2899 1680362792
2900 1680362792
2901 1680362792
2902 1680362792
2903 1680362792
2904 1680362792
2905 1680362792
2906 1680362792
2907 1680362792
2908 1680362792
2909 1680362792
2910 1680362792
2911 1680362792
2912 1680362792
2913 1680362792
2914 1680362793
2915 1680362793
2916 1680362793
2917 1680362793
2918 1680362793
2919 1680362793
2920 1680362793
2921 1680362793
2922 1680362793
2923 1680362793
2924 1680362793
2925 1680362793
2926 1680362793
2927 1680362793
2928 1680362793
2929 1680362793
2930 1680362793
2931 1680362793
2932 1680362793
2933 1680362793
2934 1680362793
2935 1680362793
2936 1680362793
2937 1680362793
2938 1680362793
2939 1680362793
2940 1680362793
2941 1680362793
2942 1680362793
2943 1680362793
2944 1680362794
2945 1680362794
2946 1680362794
2947 1680362794
2948 1680362794
2949 1680362794
2950 1680362794
2951 1680362794
2952 1680362794
2953 1680362794
2954 1680362794
2955 1680362794
2956 1680362794
2957 1680362794
2958 1680362794
2959 1680362794
2960 1680362794
2961 1680362794
2962 1680362794
2963 1680362794
2964 1680362794
2965 1680362794
2966 1680362794
2967 1680362794
2968 1680362794
2969 1680362794
2970 1680362794
2971 1680362794
2972 1680362795
2973 1680362795
2974 1680362795
2975 1680362795
2976 1680362795
2977 1680362795
2978 1680362795
2979 1680362795
2980 1680362795
2981 1680362795
2982 1680362795
2983 1680362795
2984 1680362795
2985 1680362795
2986 1680362795
2987 1680362795
2988 1680362795
2989 1680362795
2990 1680362795
2991 1680362795
2992 1680362795
2993 1680362795
2994 1680362795
2995 1680362795
2996 1680362795
2997 1680362795
2998 1680362795
2999 1680362795
3000 1680362795
3001 1680362795
3002 1680362796
3003 1680362796
3004 1680362796
3005 1680362796
3006 1680362796
3007 1680362796
3008 1680362796
3009 1680362796
3010 1680362796
3011 1680362796
3012 1680362796
3013 1680362796
3014 1680362796
3015 1680362796
3016 1680362796
3017 1680362796
3018 1680362796
3019 1680362796
3020 1680362796
3021 1680362796
3022 1680362796
3023 1680362796
3024 1680362796
3025 1680362796
3026 1680362796
3027 1680362796
3028 1680362796
3029 1680362796
3030 1680362796
3031 1680362797
3032 1680362797
3033 1680362797
3034 1680362797
3035 1680362797
3036 1680362797
3037 1680362797
3038 1680362797
3039 1680362797
3040 1680362797
3041 1680362797
3042 1680362797
3043 1680362797
3044 1680362797
3045 1680362797
3046 1680362797
3047 1680362797
3048 1680362797
3049 1680362797
3050 1680362797
3051 1680362797
3052 1680362797
3053 1680362797
3054 1680362797
3055 1680362797
3056 1680362797
3057 1680362797
3058 1680362797
3059 1680362797
3060 1680362798
3061 1680362798
3062 1680362798
3063 1680362798
3064 1680362798
3065 1680362798
3066 1680362798
3067 1680362798
3068 1680362798
3069 1680362798
3070 1680362798
3071 1680362798
3072 1680362798
3073 1680362798
3074 1680362798
3075 1680362798
3076 1680362798
3077 1680362798
3078 1680362798
3079 1680362798
3080 1680362798
3081 1680362798
3082 1680362798
3083 1680362798
3084 1680362798
3085 1680362798
3086 1680362798
3087 1680362798
3088 1680362798
3089 1680362799
3090 1680362799
3091 1680362799
3092 1680362799
3093 1680362799
3094 1680362799
3095 1680362799
3096 1680362799
3097 1680362799
3098 1680362799
3099 1680362799
3100 1680362799
3101 1680362799
3102 1680362799
3103 1680362799
3104 1680362799
3105 1680362799
3106 1680362799
3107 1680362799
3108 1680362799
3109 1680362799
3110 1680362799
3111 1680362799
3112 1680362799
3113 1680362799
3114 1680362799
3115 1680362799
3116 1680362799
3117 1680362799
3118 1680362799
3119 1680362800
3120 1680362800
3121 1680362800
3122 1680362800
3123 1680362800
3124 1680362800
3125 1680362800
3126 1680362800
3127 1680362800
3128 1680362800
3129 1680362800
3130 1680362800
3131 1680362800
3132 1680362800
3133 1680362800
3134 1680362800
3135 1680362800
3136 1680362800
3137 1680362800
3138 1680362800
3139 1680362800
3140 1680362800
3141 1680362800
3142 1680362800
3143 1680362800
3144 1680362800
3145 1680362800
3146 1680362800
3147 1680362800
3148 1680362801
3149 1680362801
3150 1680362801
3151 1680362801
3152 1680362801
3153 1680362801
3154 1680362801
3155 1680362801
3156 1680362801
3157 1680362801
3158 1680362801
3159 1680362801
3160 1680362801
3161 1680362801
3162 1680362801
3163 1680362801
3164 1680362801
3165 1680362801
3166 1680362801
3167 1680362801
3168 1680362801
3169 1680362801
3170 1680362801
3171 1680362801
3172 1680362801
3173 1680362801
3174 1680362801
3175 1680362801
3176 1680362801
3177 1680362801
3178 1680362802
3179 1680362802
3180 1680362802
3181 1680362802
3182 1680362802
3183 1680362802
3184 1680362802
3185 1680362802
3186 1680362802
3187 1680362802
3188 1680362802
3189 1680362802
3190 1680362802
3191 1680362802
3192 1680362802
3193 1680362802
3194 1680362802
3195 1680362802
3196 1680362802
3197 1680362802
3198 1680362802
3199 1680362802
3200 1680362802
3201 1680362802
3202 1680362802
3203 1680362802
3204 1680362802
3205 1680362802
3206 1680362802
3207 1680362802
3208 1680362803
3209 1680362803
3210 1680362803
3211 1680362803
3212 1680362803
3213 1680362803
3214 1680362803
3215 1680362803
3216 1680362803
3217 1680362803
3218 1680362803
3219 1680362803
3220 1680362803
3221 1680362803
3222 1680362803
3223 1680362803
3224 1680362803
3225 1680362803
3226 1680362803
3227 1680362803
3228 1680362803
3229 1680362803
3230 1680362803
3231 1680362803
3232 1680362803
3233 1680362803
3234 1680362803
3235 1680362803
3236 1680362804
3237 1680362804
3238 1680362804
3239 1680362804
3240 1680362804
3241 1680362804
3242 1680362804
3243 1680362804
3244 1680362804
3245 1680362804
3246 1680362804
3247 1680362804
3248 1680362804
3249 1680362804
3250 1680362804
3251 1680362804
3252 1680362804
3253 1680362804
3254 1680362804
3255 1680362804
3256 1680362804
3257 1680362804
3258 1680362804
3259 1680362804
3260 1680362804
3261 1680362804
3262 1680362804
3263 1680362804
3264 1680362804
3265 1680362804
3266 1680362805
3267 1680362805
3268 1680362805
3269 1680362805
3270 1680362805
3271 1680362805
3272 1680362805
3273 1680362805
3274 1680362805
3275 1680362805
3276 1680362805
3277 1680362805
3278 1680362805
3279 1680362805
3280 1680362805
3281 1680362805
3282 1680362805
3283 1680362805
3284 1680362805
3285 1680362805
3286 1680362805
3287 1680362805
3288 1680362805
3289 1680362805
3290 1680362805
3291 1680362805
3292 1680362805
3293 1680362805
3294 1680362805
3295 1680362806
3296 1680362806
3297 1680362806
3298 1680362806
3299 1680362806
3300 1680362806
3301 1680362806
3302 1680362806
3303 1680362806
3304 1680362806
3305 1680362806
3306 1680362806
3307 1680362806
3308 1680362806
3309 1680362806
3310 1680362806
3311 1680362806
3312 1680362806
3313 1680362806
3314 1680362806
3315 1680362806
3316 1680362806
3317 1680362806
3318 1680362806
3319 1680362806
3320 1680362806
3321 1680362806
3322 1680362806
3323 1680362806
3324 1680362806
3325 1680362807
3326 1680362807
3327 1680362807
3328 1680362807
3329 1680362807
3330 1680362807
3331 1680362807
3332 1680362807
3333 1680362807
3334 1680362807
3335 1680362807
3336 1680362807
3337 1680362807
3338 1680362807
3339 1680362807
3340 1680362807
3341 1680362807
3342 1680362807
3343 1680362807
3344 1680362807
3345 1680362807
3346 1680362807
3347 1680362807
3348 1680362807
3349 1680362807
3350 1680362807
3351 1680362807
3352 1680362807
3353 1680362807
3354 1680362808
3355 1680362808
3356 1680362808
3357 1680362808
3358 1680362808
3359 1680362808
3360 1680362808
3361 1680362808
3362 1680362808
3363 1680362808
3364 1680362808
3365 1680362808
3366 1680362808
3367 1680362808
3368 1680362808
3369 1680362808
3370 1680362808
3371 1680362808
3372 1680362808
3373 1680362808
3374 1680362808
3375 1680362808
3376 1680362808
3377 1680362808
3378 1680362808
3379 1680362808
3380 1680362808
3381 1680362808
3382 1680362808
3383 1680362808
3384 1680362809
3385 1680362809
3386 1680362809
3387 1680362809
3388 1680362809
3389 1680362809
3390 1680362809
3391 1680362809
3392 1680362809
3393 1680362809
3394 1680362809
3395 1680362809
3396 1680362809
3397 1680362809
3398 1680362809
3399 1680362809
3400 1680362809
3401 1680362809
3402 1680362809
3403 1680362809
3404 1680362809
3405 1680362809
3406 1680362809
3407 1680362809
3408 1680362809
3409 1680362809
3410 1680362809
3411 1680362809
3412 1680362809
3413 1680362810
3414 1680362810
3415 1680362810
3416 1680362810
3417 1680362810
3418 1680362810
3419 1680362810
3420 1680362810
3421 1680362810
3422 1680362810
3423 1680362810
3424 1680362810
3425 1680362810
3426 1680362810
3427 1680362810
3428 1680362810
3429 1680362810
3430 1680362810
3431 1680362810
3432 1680362810
3433 1680362810
3434 1680362810
3435 1680362810
3436 1680362810
3437 1680362810
3438 1680362810
3439 1680362810
3440 1680362810
3441 1680362810
3442 1680362810
3443 1680362810
3444 1680362811
3445 1680362811
3446 1680362811
3447 1680362811
3448 1680362811
3449 1680362811
3450 1680362811
3451 1680362811
3452 1680362811
3453 1680362811
3454 1680362811
3455 1680362811
3456 1680362811
3457 1680362811
3458 1680362811
3459 1680362811
3460 1680362811
3461 1680362811
3462 1680362811
3463 1680362811
3464 1680362811
3465 1680362811
3466 1680362811
3467 1680362811
3468 1680362811
3469 1680362811
3470 1680362811
3471 1680362811
3472 1680362811
3473 1680362812
3474 1680362812
3475 1680362812
3476 1680362812
3477 1680362812
3478 1680362812
3479 1680362812
3480 1680362812
3481 1680362812
3482 1680362812
3483 1680362812
3484 1680362812
3485 1680362812
3486 1680362812
3487 1680362812
3488 1680362812
3489 1680362812
3490 1680362812
3491 1680362812
3492 1680362812
3493 1680362812
3494 1680362812
3495 1680362812
3496 1680362812
3497 1680362812
3498 1680362812
3499 1680362812
3500 1680362812
3501 1680362812
3502 1680362812
3503 1680362813
3504 1680362813
3505 1680362813
3506 1680362813
3507 1680362813
3508 1680362813
3509 1680362813
3510 1680362813
3511 1680362813
3512 1680362813
3513 1680362813
3514 1680362813
3515 1680362813
3516 1680362813
3517 1680362813
3518 1680362813
3519 1680362813
3520 1680362813
3521 1680362813
3522 1680362813
3523 1680362813
3524 1680362813
3525 1680362813
3526 1680362813
3527 1680362813
3528 1680362813
3529 1680362813
3530 1680362813
3531 1680362813
3532 1680362814
3533 1680362814
3534 1680362814
3535 1680362814
3536 1680362814
3537 1680362814
3538 1680362814
3539 1680362814
3540 1680362814
3541 1680362814
3542 1680362814
3543 1680362814
3544 1680362814
3545 1680362814
3546 1680362814
3547 1680362814
3548 1680362814
3549 1680362814
3550 1680362814
3551 1680362814
3552 1680362814
3553 1680362814
3554 1680362814
3555 1680362814
3556 1680362814
3557 1680362814
3558 1680362814
3559 1680362814
3560 1680362814
3561 1680362814
3562 1680362815
3563 1680362815
3564 1680362815
3565 1680362815
3566 1680362815
3567 1680362815
3568 1680362815
3569 1680362815
3570 1680362815
3571 1680362815
3572 1680362815
3573 1680362815
3574 1680362815
3575 1680362815
3576 1680362815
3577 1680362815
3578 1680362815
3579 1680362815
3580 1680362815
3581 1680362815
3582 1680362815
3583 1680362815
3584 1680362815
3585 1680362815
3586 1680362815
3587 1680362815
3588 1680362815
3589 1680362815
3590 1680362815
3591 1680362816
3592 1680362816
3593 1680362816
3594 1680362816
3595 1680362816
3596 1680362816
3597 1680362816
3598 1680362816
3599 1680362816
3600 1680362816
3601 1680362816
3602 1680362816
3603 1680362816
3604 1680362816
3605 1680362816
3606 1680362816
3607 1680362816
3608 1680362816
3609 1680362816
3610 1680362816
3611 1680362816
3612 1680362816
3613 1680362816
3614 1680362816
3615 1680362816
3616 1680362816
3617 1680362816
3618 1680362816
3619 1680362816
3620 1680362816
3621 1680362817
3622 1680362817
3623 1680362817
3624 1680362817
3625 1680362817
3626 1680362817
3627 1680362817
3628 1680362817
3629 1680362817
3630 1680362817
3631 1680362817
3632 1680362817
3633 1680362817
3634 1680362817
3635 1680362817
3636 1680362817
3637 1680362817
3638 1680362817
3639 1680362817
3640 1680362817
3641 1680362817
3642 1680362817
3643 1680362817
3644 1680362817
3645 1680362817
3646 1680362817
3647 1680362817
3648 1680362818
3649 1680362818
3650 1680362818
3651 1680362818
3652 1680362818
3653 1680362818
3654 1680362818
3655 1680362818
3656 1680362818
3657 1680362818
3658 1680362818
3659 1680362818
3660 1680362818
3661 1680362818
3662 1680362818
3663 1680362818
3664 1680362818
3665 1680362818
3666 1680362818
3667 1680362818
3668 1680362818
3669 1680362818
3670 1680362818
3671 1680362818
3672 1680362818
3673 1680362818
3674 1680362818
3675 1680362818
3676 1680362819
3677 1680362819
3678 1680362819
3679 1680362819
3680 1680362819
3681 1680362819
3682 1680362819
3683 1680362819
3684 1680362819
3685 1680362819
3686 1680362819
3687 1680362819
3688 1680362819
3689 1680362819
3690 1680362819
3691 1680362819
3692 1680362819
3693 1680362819
3694 1680362819
3695 1680362819
3696 1680362819
3697 1680362819
3698 1680362819
3699 1680362819
3700 1680362819
3701 1680362819
3702 1680362819
3703 1680362819
3704 1680362819
3705 1680362820
3706 1680362820
3707 1680362820
3708 1680362820
3709 1680362820
3710 1680362820
3711 1680362820
3712 1680362820
3713 1680362820
3714 1680362820
3715 1680362820
3716 1680362820
3717 1680362820
3718 1680362820
3719 1680362820
3720 1680362820
3721 1680362820
3722 1680362820
3723 1680362820
3724 1680362820
3725 1680362820
3726 1680362820
3727 1680362820
3728 1680362820
3729 1680362820
3730 1680362820
3731 1680362820
3732 1680362820
3733 1680362820
3734 1680362821
3735 1680362821
3736 1680362821
3737 1680362821
3738 1680362821
3739 1680362821
3740 1680362821
3741 1680362821
3742 1680362821
3743 1680362821
3744 1680362821
3745 1680362821
3746 1680362821
3747 1680362821
3748 1680362821
3749 1680362821
3750 1680362821
3751 1680362821
3752 1680362821
3753 1680362821
3754 1680362821
3755 1680362821
3756 1680362821
3757 1680362821
3758 1680362821
3759 1680362821
3760 1680362821
3761 1680362821
3762 1680362821
3763 1680362822
3764 1680362822
3765 1680362822
3766 1680362822
3767 1680362822
3768 1680362822
3769 1680362822
3770 1680362822
3771 1680362822
3772 1680362822
3773 1680362822
3774 1680362822
3775 1680362822
3776 1680362822
3777 1680362822
3778 1680362822
3779 1680362822
3780 1680362822
3781 1680362822
3782 1680362822
3783 1680362822
3784 1680362822
3785 1680362822
3786 1680362822
3787 1680362822
3788 1680362822
3789 1680362822
3790 1680362822
3791 1680362822
3792 1680362822
3793 1680362823
3794 1680362823
3795 1680362823
3796 1680362823
3797 1680362823
3798 1680362823
3799 1680362823
3800 1680362823
3801 1680362823
3802 1680362823
3803 1680362823
3804 1680362823
3805 1680362823
3806 1680362823
3807 1680362823
3808 1680362823
3809 1680362823
3810 1680362823
3811 1680362823
3812 1680362823
3813 1680362823
3814 1680362823
3815 1680362823
3816 1680362823
3817 1680362823
3818 1680362823
3819 1680362823
3820 1680362823
3821 1680362824
3822 1680362824
3823 1680362824
3824 1680362824
3825 1680362824
3826 1680362824
3827 1680362824
3828 1680362824
3829 1680362824
3830 1680362824
3831 1680362824
3832 1680362824
3833 1680362824
3834 1680362824
3835 1680362824
3836 1680362824
3837 1680362824
3838 1680362824
3839 1680362824
3840 1680362824
3841 1680362824
3842 1680362824
3843 1680362824
3844 1680362824
3845 1680362824
3846 1680362824
3847 1680362824
3848 1680362824
3849 1680362824
3850 1680362824
3851 1680362825
3852 1680362825
3853 1680362825
3854 1680362825
3855 1680362825
3856 1680362825
3857 1680362825
3858 1680362825
3859 1680362825
3860 1680362825
3861 1680362825
3862 1680362825
3863 1680362825
3864 1680362825
3865 1680362825
3866 1680362825
3867 1680362825
3868 1680362825
3869 1680362825
3870 1680362825
3871 1680362825
3872 1680362825
3873 1680362825
3874 1680362825
3875 1680362825
3876 1680362825
3877 1680362825
3878 1680362825
3879 1680362825
3880 1680362826
3881 1680362826
3882 1680362826
3883 1680362826
3884 1680362826
3885 1680362826
3886 1680362826
3887 1680362826
3888 1680362826
3889 1680362826
3890 1680362826
3891 1680362826
3892 1680362826
3893 1680362826
3894 1680362826
3895 1680362826
3896 1680362826
3897 1680362826
3898 1680362826
3899 1680362826
3900 1680362826
3901 1680362826
3902 1680362826
3903 1680362826
3904 1680362826
3905 1680362826
3906 1680362826
3907 1680362826
3908 1680362826
3909 1680362827
3910 1680362827
3911 1680362827
3912 1680362827
3913 1680362827
3914 1680362827
3915 1680362827
3916 1680362827
3917 1680362827
3918 1680362827
3919 1680362827
3920 1680362827
3921 1680362827
3922 1680362827
3923 1680362827
3924 1680362827
3925 1680362827
3926 1680362827
3927 1680362827
3928 1680362827
3929 1680362827
3930 1680362827
3931 1680362827
3932 1680362827
3933 1680362827
3934 1680362827
3935 1680362827
3936 1680362827
3937 1680362827
3938 1680362828
3939 1680362828
3940 1680362828
3941 1680362828
3942 1680362828
3943 1680362828
3944 1680362828
3945 1680362828
3946 1680362828
3947 1680362828
3948 1680362828
3949 1680362828
3950 1680362828
3951 1680362828
3952 1680362828
3953 1680362828
3954 1680362828
3955 1680362828
3956 1680362828
3957 1680362828
3958 1680362828
3959 1680362828
3960 1680362828
3961 1680362828
3962 1680362828
3963 1680362828
3964 1680362828
3965 1680362828
3966 1680362828
3967 1680362829
3968 1680362829
3969 1680362829
3970 1680362829
3971 1680362829
3972 1680362829
3973 1680362829
3974 1680362829
3975 1680362829
3976 1680362829
3977 1680362829
3978 1680362829
3979 1680362829
3980 1680362829
3981 1680362829
3982 1680362829
3983 1680362829
3984 1680362829
3985 1680362829
3986 1680362829
3987 1680362829
3988 1680362829
3989 1680362829
3990 1680362829
3991 1680362829
3992 1680362829
3993 1680362829
3994 1680362829
3995 1680362829
3996 1680362829
3997 1680362830
3998 1680362830
3999 1680362830
4000 1680362830
4001 1680362830
4002 1680362830
4003 1680362830
4004 1680362830
4005 1680362830
4006 1680362830
4007 1680362830
4008 1680362830
4009 1680362830
4010 1680362830
4011 1680362830
4012 1680362830
4013 1680362830
4014 1680362830
4015 1680362830
4016 1680362830
4017 1680362830
4018 1680362830
4019 1680362830
4020 1680362830
4021 1680362830
4022 1680362830
4023 1680362830
4024 1680362830
4025 1680362830
4026 1680362831
4027 1680362831
4028 1680362831
4029 1680362831
4030 1680362831
4031 1680362831
4032 1680362831
4033 1680362831
4034 1680362831
4035 1680362831
4036 1680362831
4037 1680362831
4038 1680362831
4039 1680362831
4040 1680362831
4041 1680362831
4042 1680362831
4043 1680362831
4044 1680362831
4045 1680362831
4046 1680362831
4047 1680362831
4048 1680362831
4049 1680362831
4050 1680362831
4051 1680362831
4052 1680362831
4053 1680362831
4054 1680362831
4055 1680362832
4056 1680362832
4057 1680362832
4058 1680362832
4059 1680362832
4060 1680362832
4061 1680362832
4062 1680362832
4063 1680362832
4064 1680362832
4065 1680362832
4066 1680362832
4067 1680362832
4068 1680362832
4069 1680362832
4070 1680362832
4071 1680362832
4072 1680362832
4073 1680362832
4074 1680362832
4075 1680362832
4076 1680362832
4077 1680362832
4078 1680362832
4079 1680362832
4080 1680362832
4081 1680362832
4082 1680362832
4083 1680362832
4084 1680362833
4085 1680362833
4086 1680362833
4087 1680362833
4088 1680362833
4089 1680362833
4090 1680362833
4091 1680362833
4092 1680362833
4093 1680362833
4094 1680362833
4095 1680362833
4096 1680362833
4097 1680362833
4098 1680362833
4099 1680362833
4100 1680362833
4101 1680362833
4102 1680362833
4103 1680362833
4104 1680362833
4105 1680362833
4106 1680362833
4107 1680362833
4108 1680362833
4109 1680362833
4110 1680362833
4111 1680362833
4112 1680362833
4113 1680362834
4114 1680362834
4115 1680362834
4116 1680362834
4117 1680362834
4118 1680362834
4119 1680362834
4120 1680362834
4121 1680362834
4122 1680362834
4123 1680362834
4124 1680362834
4125 1680362834
4126 1680362834
4127 1680362834
4128 1680362834
4129 1680362834
4130 1680362834
4131 1680362834
4132 1680362834
4133 1680362834
4134 1680362834
4135 1680362834
4136 1680362834
4137 1680362834
4138 1680362834
4139 1680362834
4140 1680362834
4141 1680362834
4142 1680362835
4143 1680362835
4144 1680362835
4145 1680362835
4146 1680362835
4147 1680362835
4148 1680362835
4149 1680362835
4150 1680362835
4151 1680362835
4152 1680362835
4153 1680362835
4154 1680362835
4155 1680362835
4156 1680362835
4157 1680362835
4158 1680362835
4159 1680362835
4160 1680362835
4161 1680362835
4162 1680362835
4163 1680362835
4164 1680362835
4165 1680362835
4166 1680362835
4167 1680362835
4168 1680362835
4169 1680362835
4170 1680362835
4171 1680362835
4172 1680362836
4173 1680362836
4174 1680362836
4175 1680362836
4176 1680362836
4177 1680362836
4178 1680362836
4179 1680362836
4180 1680362836
4181 1680362836
4182 1680362836
4183 1680362836
4184 1680362836
4185 1680362836
4186 1680362836
4187 1680362836
4188 1680362836
4189 1680362836
4190 1680362836
4191 1680362836
4192 1680362836
4193 1680362836
4194 1680362836
4195 1680362836
