1 1708171904709
2 1708171904768
3 1708171904826
4 1708171904880
5 1708171904934
6 1708171904992
7 1708171905049
8 1708171905106
9 1708171905163
10 1708171905220
11 1708171905281
12 1708171905342
13 1708171905405
14 1708171905470
15 1708171905532
16 1708171905591
17 1708171905651
18 1708171905710
19 1708171905771
20 1708171905834
21 1708171905895
22 1708171905955
23 1708171906016
24 1708171906077
25 1708171906135
26 1708171906198
27 1708171906256
28 1708171906315
29 1708171906375
30 1708171906436
31 1708171906500
32 1708171906560
33 1708171906618
34 1708171906681
35 1708171906740
36 1708171906799
37 1708171906857
38 1708171906918
39 1708171906978
40 1708171907038
41 1708171907100
42 1708171907163
43 1708171907225
44 1708171907281
45 1708171907334
46 1708171907389
47 1708171907444
48 1708171907498
49 1708171907557
50 1708171907617
51 1708171907679
52 1708171907750
53 1708171907814
54 1708171907870
55 1708171907930
56 1708171907990
57 1708171908050
58 1708171908103
59 1708171908158
60 1708171908215
61 1708171908286
62 1708171908341
63 1708171908394
64 1708171908447
65 1708171908500
66 1708171908554
67 1708171908611
68 1708171908663
69 1708171908717
70 1708171908774
71 1708171908828
72 1708171908886
73 1708171908943
74 1708171909001
75 1708171909057
76 1708171909112
77 1708171909168
78 1708171909231
79 1708171909293
80 1708171909348
81 1708171909408
82 1708171909469
83 1708171909530
84 1708171909585
85 1708171909642
86 1708171909702
87 1708171909761
88 1708171909816
89 1708171909871
90 1708171909936
91 1708171910003
92 1708171910061
93 1708171910118
94 1708171910185
95 1708171910241
96 1708171910294
97 1708171910352
98 1708171910414
99 1708171910476
100 1708171910530
101 1708171910589
102 1708171910650
103 1708171910705
104 1708171910760
105 1708171910822
106 1708171910882
107 1708171910941
108 1708171911001
109 1708171911062
110 1708171911123
111 1708171911185
112 1708171911246
113 1708171911306
114 1708171911366
115 1708171911426
116 1708171911485
117 1708171911547
118 1708171911605
119 1708171911664
120 1708171911730
121 1708171911790
122 1708171911856
123 1708171911913
124 1708171911970
125 1708171912031
126 1708171912093
127 1708171912151
128 1708171912210
129 1708171912275
130 1708171912332
131 1708171912392
132 1708171912453
133 1708171912513
134 1708171912572
135 1708171912632
136 1708171912696
137 1708171912756
138 1708171912816
139 1708171912875
140 1708171912935
141 1708171912996
142 1708171913057
143 1708171913115
144 1708171913175
145 1708171913236
146 1708171913299
147 1708171913359
148 1708171913421
149 1708171913479
150 1708171913539
151 1708171913599
152 1708171913660
153 1708171913719
154 1708171913779
155 1708171913844
156 1708171913907
157 1708171913964
158 1708171914023
159 1708171914085
160 1708171914144
161 1708171914206
162 1708171914263
163 1708171914327
164 1708171914389
165 1708171914449
166 1708171914508
167 1708171914570
168 1708171914627
169 1708171914688
170 1708171914747
171 1708171914808
172 1708171914873
173 1708171914931
174 1708171914992
175 1708171915052
176 1708171915112
177 1708171915172
178 1708171915231
179 1708171915292
180 1708171915358
181 1708171915416
182 1708171915476
183 1708171915536
184 1708171915598
185 1708171915657
186 1708171915715
187 1708171915775
188 1708171915836
189 1708171915901
190 1708171915960
191 1708171916019
192 1708171916082
193 1708171916140
194 1708171916200
195 1708171916260
196 1708171916323
197 1708171916381
198 1708171916444
199 1708171916506
200 1708171916566
201 1708171916626
202 1708171916683
203 1708171916743
204 1708171916806
205 1708171916867
206 1708171916929
207 1708171916988
208 1708171917051
209 1708171917110
210 1708171917169
211 1708171917228
212 1708171917292
213 1708171917352
214 1708171917410
215 1708171917471
216 1708171917533
217 1708171917594
218 1708171917656
219 1708171917712
220 1708171917776
221 1708171917833
222 1708171917893
223 1708171917957
224 1708171918016
225 1708171918076
226 1708171918135
227 1708171918198
228 1708171918258
229 1708171918317
230 1708171918376
231 1708171918437
232 1708171918501
233 1708171918560
234 1708171918621
235 1708171918680
236 1708171918739
237 1708171918799
238 1708171918860
239 1708171918923
240 1708171918982
241 1708171919046
242 1708171919106
243 1708171919166
244 1708171919226
245 1708171919286
246 1708171919346
247 1708171919404
248 1708171919466
249 1708171919530
250 1708171919590
251 1708171919650
252 1708171919710
253 1708171919770
254 1708171919830
255 1708171919890
256 1708171919950
257 1708171920010
258 1708171920074
259 1708171920134
260 1708171920194
261 1708171920254
262 1708171920313
263 1708171920374
264 1708171920434
265 1708171920494
266 1708171920558
267 1708171920618
268 1708171920678
269 1708171920738
270 1708171920797
271 1708171920858
272 1708171920918
273 1708171920978
274 1708171921037
275 1708171921101
276 1708171921163
277 1708171921223
278 1708171921283
279 1708171921341
280 1708171921400
281 1708171921460
282 1708171921521
283 1708171921581
284 1708171921646
285 1708171921706
286 1708171921766
287 1708171921826
288 1708171921885
289 1708171921946
290 1708171922007
291 1708171922064
292 1708171922130
293 1708171922190
294 1708171922254
295 1708171922314
296 1708171922372
297 1708171922431
298 1708171922490
299 1708171922551
300 1708171922610
301 1708171922674
302 1708171922734
303 1708171922793
304 1708171922855
305 1708171922914
306 1708171922975
307 1708171923033
308 1708171923092
309 1708171923158
310 1708171923218
311 1708171923280
312 1708171923338
313 1708171923399
314 1708171923458
315 1708171923518
316 1708171923579
317 1708171923639
318 1708171923702
319 1708171923763
320 1708171923822
321 1708171923885
322 1708171923943
323 1708171923999
324 1708171924060
325 1708171924127
326 1708171924181
327 1708171924247
328 1708171924307
329 1708171924367
330 1708171924430
331 1708171924488
332 1708171924547
333 1708171924606
334 1708171924667
335 1708171924731
336 1708171924791
337 1708171924850
338 1708171924910
339 1708171924968
340 1708171925031
341 1708171925090
342 1708171925151
343 1708171925211
344 1708171925275
345 1708171925334
346 1708171925395
347 1708171925454
348 1708171925514
349 1708171925575
350 1708171925634
351 1708171925694
352 1708171925759
353 1708171925818
354 1708171925880
355 1708171925938
356 1708171925998
357 1708171926058
358 1708171926118
359 1708171926178
360 1708171926238
361 1708171926302
362 1708171926362
363 1708171926422
364 1708171926483
365 1708171926543
366 1708171926603
367 1708171926662
368 1708171926722
369 1708171926783
370 1708171926846
371 1708171926907
372 1708171926967
373 1708171927027
374 1708171927086
375 1708171927146
376 1708171927208
377 1708171927268
378 1708171927331
379 1708171927390
380 1708171927450
381 1708171927510
382 1708171927571
383 1708171927631
384 1708171927690
385 1708171927751
386 1708171927816
387 1708171927881
388 1708171927944
389 1708171928006
390 1708171928064
391 1708171928121
392 1708171928178
393 1708171928237
394 1708171928302
395 1708171928360
396 1708171928419
397 1708171928479
398 1708171928539
399 1708171928600
400 1708171928658
401 1708171928718
402 1708171928781
403 1708171928843
404 1708171928903
405 1708171928965
406 1708171929030
407 1708171929090
408 1708171929148
409 1708171929208
410 1708171929265
411 1708171929323
412 1708171929384
413 1708171929447
414 1708171929507
415 1708171929566
416 1708171929626
417 1708171929686
418 1708171929745
419 1708171929806
420 1708171929866
421 1708171929929
422 1708171929990
423 1708171930049
424 1708171930110
425 1708171930170
426 1708171930229
427 1708171930290
428 1708171930350
429 1708171930410
430 1708171930475
431 1708171930534
432 1708171930594
433 1708171930655
434 1708171930721
435 1708171930778
436 1708171930836
437 1708171930894
438 1708171930958
439 1708171931018
440 1708171931079
441 1708171931138
442 1708171931199
443 1708171931259
444 1708171931318
445 1708171931379
446 1708171931439
447 1708171931503
448 1708171931563
449 1708171931622
450 1708171931684
451 1708171931744
452 1708171931802
453 1708171931864
454 1708171931922
455 1708171931982
456 1708171932046
457 1708171932110
458 1708171932169
459 1708171932226
460 1708171932286
461 1708171932348
462 1708171932406
463 1708171932466
464 1708171932531
465 1708171932591
466 1708171932650
467 1708171932711
468 1708171932771
469 1708171932830
470 1708171932892
471 1708171932951
472 1708171933011
473 1708171933075
474 1708171933135
475 1708171933196
476 1708171933255
477 1708171933314
478 1708171933377
479 1708171933436
480 1708171933495
481 1708171933555
482 1708171933619
483 1708171933678
484 1708171933738
485 1708171933799
486 1708171933859
487 1708171933919
488 1708171933978
489 1708171934038
490 1708171934103
491 1708171934162
492 1708171934223
493 1708171934282
494 1708171934343
495 1708171934403
496 1708171934463
497 1708171934522
498 1708171934582
499 1708171934647
500 1708171934707
501 1708171934766
502 1708171934828
503 1708171934887
504 1708171934947
505 1708171935007
506 1708171935066
507 1708171935130
508 1708171935191
509 1708171935252
510 1708171935312
511 1708171935371
512 1708171935431
513 1708171935490
514 1708171935550
515 1708171935609
516 1708171935676
517 1708171935735
518 1708171935794
519 1708171935855
520 1708171935914
521 1708171935974
522 1708171936034
523 1708171936095
524 1708171936154
525 1708171936219
526 1708171936278
527 1708171936338
528 1708171936398
529 1708171936458
530 1708171936519
531 1708171936578
532 1708171936638
533 1708171936702
534 1708171936762
535 1708171936822
536 1708171936882
537 1708171936942
538 1708171937004
539 1708171937062
540 1708171937123
541 1708171937183
542 1708171937247
543 1708171937307
544 1708171937363
545 1708171937424
546 1708171937488
547 1708171937545
548 1708171937603
549 1708171937666
550 1708171937730
551 1708171937792
552 1708171937851
553 1708171937911
554 1708171937970
555 1708171938031
556 1708171938090
557 1708171938150
558 1708171938210
559 1708171938274
560 1708171938334
561 1708171938394
562 1708171938454
563 1708171938515
564 1708171938574
565 1708171938635
566 1708171938694
567 1708171938758
568 1708171938819
569 1708171938878
570 1708171938938
571 1708171938999
572 1708171939059
573 1708171939118
574 1708171939179
575 1708171939239
576 1708171939303
577 1708171939362
578 1708171939423
579 1708171939484
580 1708171939547
581 1708171939605
582 1708171939663
583 1708171939722
584 1708171939782
585 1708171939847
586 1708171939907
587 1708171939970
588 1708171940029
589 1708171940088
590 1708171940146
591 1708171940207
592 1708171940266
593 1708171940332
594 1708171940397
595 1708171940457
596 1708171940510
597 1708171940568
598 1708171940631
599 1708171940691
600 1708171940750
601 1708171940811
602 1708171940875
603 1708171940935
604 1708171940997
605 1708171941055
606 1708171941114
607 1708171941175
608 1708171941235
609 1708171941294
610 1708171941354
611 1708171941419
612 1708171941478
613 1708171941538
614 1708171941598
615 1708171941658
616 1708171941720
617 1708171941778
618 1708171941838
619 1708171941903
620 1708171941962
621 1708171942023
622 1708171942083
623 1708171942143
624 1708171942202
625 1708171942262
626 1708171942323
627 1708171942383
628 1708171942446
629 1708171942507
630 1708171942567
631 1708171942626
632 1708171942686
633 1708171942747
634 1708171942806
635 1708171942867
636 1708171942931
637 1708171942991
638 1708171943050
639 1708171943110
640 1708171943170
641 1708171943228
642 1708171943290
643 1708171943350
644 1708171943410
645 1708171943474
646 1708171943534
647 1708171943596
648 1708171943654
649 1708171943714
650 1708171943775
651 1708171943834
652 1708171943895
653 1708171943955
654 1708171944019
655 1708171944078
656 1708171944139
657 1708171944201
658 1708171944259
659 1708171944318
660 1708171944379
661 1708171944439
662 1708171944503
663 1708171944563
664 1708171944622
665 1708171944683
666 1708171944743
667 1708171944803
668 1708171944864
669 1708171944923
670 1708171944983
671 1708171945047
672 1708171945106
673 1708171945166
674 1708171945227
675 1708171945286
676 1708171945346
677 1708171945406
678 1708171945466
679 1708171945530
680 1708171945591
681 1708171945650
682 1708171945712
683 1708171945771
684 1708171945830
685 1708171945890
686 1708171945951
687 1708171946010
688 1708171946074
689 1708171946134
690 1708171946194
691 1708171946255
692 1708171946316
693 1708171946377
694 1708171946434
695 1708171946494
696 1708171946555
697 1708171946619
698 1708171946679
699 1708171946739
700 1708171946799
701 1708171946858
702 1708171946919
703 1708171946979
704 1708171947038
705 1708171947103
706 1708171947164
707 1708171947220
708 1708171947279
709 1708171947343
710 1708171947401
711 1708171947461
712 1708171947522
713 1708171947581
714 1708171947645
715 1708171947707
716 1708171947776
717 1708171947834
718 1708171947894
719 1708171947951
720 1708171948011
721 1708171948068
722 1708171948130
723 1708171948190
724 1708171948250
725 1708171948311
726 1708171948370
727 1708171948430
728 1708171948490
729 1708171948550
730 1708171948610
731 1708171948674
732 1708171948733
733 1708171948793
734 1708171948855
735 1708171948915
736 1708171948975
737 1708171949033
738 1708171949092
739 1708171949155
740 1708171949219
741 1708171949278
742 1708171949338
743 1708171949398
744 1708171949459
745 1708171949519
746 1708171949579
747 1708171949639
748 1708171949703
749 1708171949761
750 1708171949822
751 1708171949883
752 1708171949945
753 1708171950003
754 1708171950064
755 1708171950124
756 1708171950184
757 1708171950247
758 1708171950306
759 1708171950367
760 1708171950426
761 1708171950487
762 1708171950546
763 1708171950606
764 1708171950666
765 1708171950730
766 1708171950790
767 1708171950851
768 1708171950913
769 1708171950971
770 1708171951030
771 1708171951090
772 1708171951151
773 1708171951211
774 1708171951275
775 1708171951334
776 1708171951395
777 1708171951452
778 1708171951515
779 1708171951575
780 1708171951638
781 1708171951698
782 1708171951762
783 1708171951819
784 1708171951879
785 1708171951939
786 1708171951998
787 1708171952058
788 1708171952118
789 1708171952178
790 1708171952238
791 1708171952303
792 1708171952362
793 1708171952424
794 1708171952480
795 1708171952541
796 1708171952602
797 1708171952664
798 1708171952732
799 1708171952799
800 1708171952859
801 1708171952920
802 1708171952982
803 1708171953038
804 1708171953095
805 1708171953153
806 1708171953213
807 1708171953271
808 1708171953328
809 1708171953391
810 1708171953451
811 1708171953510
812 1708171953571
813 1708171953630
814 1708171953696
815 1708171953755
816 1708171953814
817 1708171953875
818 1708171953935
819 1708171953995
820 1708171954055
821 1708171954115
822 1708171954177
823 1708171954237
824 1708171954294
825 1708171954354
826 1708171954419
827 1708171954479
828 1708171954539
829 1708171954598
830 1708171954659
831 1708171954719
832 1708171954779
833 1708171954839
834 1708171954903
835 1708171954963
836 1708171955023
837 1708171955082
838 1708171955144
839 1708171955204
840 1708171955264
841 1708171955322
842 1708171955382
843 1708171955446
844 1708171955506
845 1708171955567
846 1708171955626
847 1708171955686
848 1708171955746
849 1708171955807
850 1708171955867
851 1708171955924
852 1708171955990
853 1708171956051
854 1708171956110
855 1708171956170
856 1708171956231
857 1708171956291
858 1708171956350
859 1708171956411
860 1708171956475
861 1708171956535
862 1708171956595
863 1708171956655
864 1708171956716
865 1708171956775
866 1708171956835
867 1708171956897
868 1708171956955
869 1708171957019
870 1708171957079
871 1708171957139
872 1708171957199
873 1708171957258
874 1708171957319
875 1708171957379
876 1708171957439
877 1708171957503
878 1708171957563
879 1708171957623
880 1708171957683
881 1708171957743
882 1708171957803
883 1708171957862
884 1708171957922
885 1708171957983
886 1708171958046
887 1708171958108
888 1708171958167
889 1708171958228
890 1708171958288
891 1708171958346
892 1708171958407
893 1708171958467
894 1708171958526
895 1708171958590
896 1708171958650
897 1708171958710
898 1708171958770
899 1708171958832
900 1708171958893
901 1708171958951
902 1708171959010
903 1708171959075
904 1708171959135
905 1708171959195
906 1708171959255
907 1708171959315
908 1708171959376
909 1708171959435
910 1708171959494
911 1708171959555
912 1708171959619
913 1708171959679
914 1708171959738
915 1708171959799
916 1708171959858
917 1708171959919
918 1708171959978
919 1708171960039
920 1708171960103
921 1708171960162
922 1708171960222
923 1708171960283
924 1708171960342
925 1708171960403
926 1708171960462
927 1708171960522
928 1708171960583
929 1708171960649
930 1708171960721
931 1708171960773
932 1708171960826
933 1708171960884
934 1708171960955
935 1708171961014
936 1708171961074
937 1708171961134
938 1708171961199
939 1708171961256
940 1708171961315
941 1708171961372
942 1708171961432
943 1708171961494
944 1708171961553
945 1708171961612
946 1708171961676
947 1708171961735
948 1708171961794
949 1708171961854
950 1708171961915
951 1708171961976
952 1708171962036
953 1708171962095
954 1708171962162
955 1708171962221
956 1708171962280
957 1708171962339
958 1708171962399
959 1708171962459
960 1708171962518
961 1708171962579
962 1708171962638
963 1708171962703
964 1708171962763
965 1708171962823
966 1708171962883
967 1708171962943
968 1708171963003
969 1708171963063
970 1708171963122
971 1708171963183
972 1708171963246
973 1708171963307
974 1708171963368
975 1708171963428
976 1708171963490
977 1708171963548
978 1708171963607
979 1708171963664
980 1708171963724
981 1708171963791
982 1708171963850
983 1708171963908
984 1708171963970
985 1708171964031
986 1708171964091
987 1708171964153
988 1708171964211
989 1708171964274
990 1708171964335
991 1708171964394
992 1708171964454
993 1708171964515
994 1708171964574
995 1708171964635
996 1708171964694
997 1708171964755
998 1708171964819
999 1708171964879
1000 1708171964938
1001 1708171964999
1002 1708171965058
1003 1708171965118
1004 1708171965179
1005 1708171965240
1006 1708171965302
1007 1708171965362
1008 1708171965425
1009 1708171965483
1010 1708171965543
1011 1708171965603
1012 1708171965663
1013 1708171965725
1014 1708171965784
1015 1708171965847
1016 1708171965907
1017 1708171965967
1018 1708171966027
1019 1708171966085
1020 1708171966146
1021 1708171966206
1022 1708171966266
1023 1708171966326
1024 1708171966390
1025 1708171966450
1026 1708171966510
1027 1708171966571
1028 1708171966631
1029 1708171966691
1030 1708171966750
1031 1708171966810
1032 1708171966874
1033 1708171966939
1034 1708171966995
1035 1708171967054
1036 1708171967114
1037 1708171967174
1038 1708171967234
1039 1708171967294
1040 1708171967354
1041 1708171967420
1042 1708171967481
1043 1708171967540
1044 1708171967596
1045 1708171967658
1046 1708171967719
1047 1708171967777
1048 1708171967836
1049 1708171967903
1050 1708171967963
1051 1708171968022
1052 1708171968082
1053 1708171968143
1054 1708171968202
1055 1708171968262
1056 1708171968322
1057 1708171968382
1058 1708171968447
1059 1708171968507
1060 1708171968567
1061 1708171968626
1062 1708171968687
1063 1708171968746
1064 1708171968806
1065 1708171968866
1066 1708171968926
1067 1708171968991
1068 1708171969050
1069 1708171969110
1070 1708171969170
1071 1708171969231
1072 1708171969290
1073 1708171969351
1074 1708171969411
1075 1708171969475
1076 1708171969535
1077 1708171969594
1078 1708171969655
1079 1708171969715
1080 1708171969774
1081 1708171969834
1082 1708171969894
1083 1708171969954
1084 1708171970019
1085 1708171970079
1086 1708171970139
1087 1708171970198
1088 1708171970259
1089 1708171970319
1090 1708171970378
1091 1708171970439
1092 1708171970502
1093 1708171970567
1094 1708171970624
1095 1708171970682
1096 1708171970746
1097 1708171970805
1098 1708171970863
1099 1708171970922
1100 1708171970983
1101 1708171971046
1102 1708171971107
1103 1708171971167
1104 1708171971229
1105 1708171971287
1106 1708171971347
1107 1708171971410
1108 1708171971467
1109 1708171971526
1110 1708171971591
1111 1708171971651
1112 1708171971711
1113 1708171971770
1114 1708171971831
1115 1708171971890
1116 1708171971951
1117 1708171972011
1118 1708171972075
1119 1708171972135
1120 1708171972196
1121 1708171972259
1122 1708171972314
1123 1708171972375
1124 1708171972434
1125 1708171972493
1126 1708171972555
1127 1708171972618
1128 1708171972678
1129 1708171972738
1130 1708171972798
1131 1708171972858
1132 1708171972919
1133 1708171972979
1134 1708171973038
1135 1708171973103
1136 1708171973163
1137 1708171973222
1138 1708171973282
1139 1708171973342
1140 1708171973407
1141 1708171973465
1142 1708171973523
1143 1708171973583
1144 1708171973646
1145 1708171973707
1146 1708171973766
1147 1708171973827
1148 1708171973887
1149 1708171973947
1150 1708171974007
1151 1708171974066
1152 1708171974127
1153 1708171974191
1154 1708171974252
1155 1708171974310
1156 1708171974370
1157 1708171974431
1158 1708171974491
1159 1708171974551
1160 1708171974611
1161 1708171974675
1162 1708171974735
1163 1708171974794
1164 1708171974855
1165 1708171974914
1166 1708171974974
1167 1708171975034
1168 1708171975095
1169 1708171975155
1170 1708171975220
1171 1708171975278
1172 1708171975338
1173 1708171975399
1174 1708171975461
1175 1708171975521
1176 1708171975581
1177 1708171975640
1178 1708171975698
1179 1708171975763
1180 1708171975824
1181 1708171975883
1182 1708171975943
1183 1708171976002
1184 1708171976064
1185 1708171976123
1186 1708171976187
1187 1708171976246
1188 1708171976312
1189 1708171976369
1190 1708171976427
1191 1708171976488
1192 1708171976547
1193 1708171976607
1194 1708171976667
1195 1708171976726
1196 1708171976791
1197 1708171976851
1198 1708171976910
1199 1708171976971
1200 1708171977030
1201 1708171977091
1202 1708171977150
1203 1708171977211
1204 1708171977274
1205 1708171977335
1206 1708171977395
1207 1708171977456
1208 1708171977514
1209 1708171977575
1210 1708171977634
1211 1708171977695
1212 1708171977755
1213 1708171977819
1214 1708171977879
1215 1708171977939
1216 1708171977999
1217 1708171978057
1218 1708171978118
1219 1708171978178
1220 1708171978239
1221 1708171978299
1222 1708171978363
1223 1708171978422
1224 1708171978483
1225 1708171978543
1226 1708171978602
1227 1708171978663
1228 1708171978724
1229 1708171978783
1230 1708171978846
1231 1708171978908
1232 1708171978967
1233 1708171979025
1234 1708171979085
1235 1708171979148
1236 1708171979207
1237 1708171979269
1238 1708171979327
1239 1708171979391
1240 1708171979451
1241 1708171979511
1242 1708171979570
1243 1708171979631
1244 1708171979691
1245 1708171979751
1246 1708171979811
1247 1708171979874
1248 1708171979935
1249 1708171979994
1250 1708171980054
1251 1708171980114
1252 1708171980174
1253 1708171980235
1254 1708171980295
1255 1708171980356
1256 1708171980419
1257 1708171980479
1258 1708171980539
1259 1708171980598
1260 1708171980661
1261 1708171980720
1262 1708171980779
1263 1708171980838
1264 1708171980898
1265 1708171980963
1266 1708171981023
1267 1708171981083
1268 1708171981144
1269 1708171981203
1270 1708171981262
1271 1708171981322
1272 1708171981383
1273 1708171981446
1274 1708171981507
1275 1708171981566
1276 1708171981627
1277 1708171981687
1278 1708171981747
1279 1708171981807
1280 1708171981867
1281 1708171981927
1282 1708171981990
1283 1708171982051
1284 1708171982110
1285 1708171982168
1286 1708171982231
1287 1708171982290
1288 1708171982351
1289 1708171982411
1290 1708171982474
1291 1708171982534
1292 1708171982594
1293 1708171982655
1294 1708171982712
1295 1708171982772
1296 1708171982836
1297 1708171982901
1298 1708171982963
1299 1708171983023
1300 1708171983081
1301 1708171983140
1302 1708171983199
1303 1708171983259
1304 1708171983319
1305 1708171983380
1306 1708171983445
1307 1708171983504
1308 1708171983563
1309 1708171983623
1310 1708171983683
1311 1708171983743
1312 1708171983812
1313 1708171983868
1314 1708171983920
1315 1708171983980
1316 1708171984044
1317 1708171984107
1318 1708171984167
1319 1708171984227
1320 1708171984287
1321 1708171984346
1322 1708171984407
1323 1708171984467
1324 1708171984527
1325 1708171984591
1326 1708171984652
1327 1708171984711
1328 1708171984774
1329 1708171984832
1330 1708171984891
1331 1708171984950
1332 1708171985010
1333 1708171985074
1334 1708171985135
1335 1708171985194
1336 1708171985255
1337 1708171985314
1338 1708171985375
1339 1708171985435
1340 1708171985494
1341 1708171985555
1342 1708171985618
1343 1708171985679
1344 1708171985739
1345 1708171985798
1346 1708171985861
1347 1708171985919
1348 1708171985979
1349 1708171986038
1350 1708171986099
1351 1708171986163
1352 1708171986225
1353 1708171986288
1354 1708171986350
1355 1708171986416
1356 1708171986474
1357 1708171986531
1358 1708171986590
1359 1708171986644
1360 1708171986707
1361 1708171986768
1362 1708171986833
1363 1708171986893
1364 1708171986950
1365 1708171987008
1366 1708171987073
1367 1708171987133
1368 1708171987191
1369 1708171987251
1370 1708171987311
1371 1708171987371
1372 1708171987431
1373 1708171987491
1374 1708171987551
1375 1708171987611
1376 1708171987675
1377 1708171987735
1378 1708171987795
1379 1708171987854
1380 1708171987914
1381 1708171987975
1382 1708171988035
1383 1708171988095
1384 1708171988155
1385 1708171988219
1386 1708171988279
1387 1708171988339
1388 1708171988398
1389 1708171988459
1390 1708171988519
1391 1708171988576
1392 1708171988639
1393 1708171988699
1394 1708171988763
1395 1708171988822
1396 1708171988882
1397 1708171988942
1398 1708171989002
1399 1708171989062
1400 1708171989123
1401 1708171989184
1402 1708171989246
1403 1708171989307
1404 1708171989366
1405 1708171989427
1406 1708171989487
1407 1708171989547
1408 1708171989607
1409 1708171989667
1410 1708171989727
1411 1708171989790
1412 1708171989851
1413 1708171989911
1414 1708171989971
1415 1708171990031
1416 1708171990091
1417 1708171990151
1418 1708171990212
1419 1708171990275
1420 1708171990335
1421 1708171990394
1422 1708171990455
1423 1708171990515
1424 1708171990576
1425 1708171990639
1426 1708171990699
1427 1708171990756
1428 1708171990819
1429 1708171990878
1430 1708171990942
1431 1708171991000
1432 1708171991058
1433 1708171991118
1434 1708171991181
1435 1708171991239
1436 1708171991299
1437 1708171991362
1438 1708171991423
1439 1708171991483
1440 1708171991542
1441 1708171991603
1442 1708171991662
1443 1708171991722
1444 1708171991783
1445 1708171991847
1446 1708171991907
1447 1708171991968
1448 1708171992027
1449 1708171992087
1450 1708171992148
1451 1708171992206
1452 1708171992267
1453 1708171992328
1454 1708171992391
1455 1708171992451
1456 1708171992510
1457 1708171992571
1458 1708171992631
1459 1708171992690
1460 1708171992751
1461 1708171992811
1462 1708171992875
1463 1708171992937
1464 1708171992995
1465 1708171993054
1466 1708171993115
1467 1708171993174
1468 1708171993235
1469 1708171993294
1470 1708171993357
1471 1708171993418
1472 1708171993479
1473 1708171993539
1474 1708171993599
1475 1708171993657
1476 1708171993718
1477 1708171993778
1478 1708171993838
1479 1708171993899
1480 1708171993962
1481 1708171994023
1482 1708171994082
1483 1708171994142
1484 1708171994202
1485 1708171994262
1486 1708171994322
1487 1708171994382
1488 1708171994447
1489 1708171994507
1490 1708171994566
1491 1708171994626
1492 1708171994686
1493 1708171994746
1494 1708171994809
1495 1708171994867
1496 1708171994926
1497 1708171994990
1498 1708171995053
1499 1708171995116
1500 1708171995173
1501 1708171995233
1502 1708171995293
1503 1708171995357
1504 1708171995416
1505 1708171995474
1506 1708171995534
1507 1708171995593
1508 1708171995654
1509 1708171995715
1510 1708171995775
1511 1708171995835
1512 1708171995894
1513 1708171995956
1514 1708171996019
1515 1708171996079
1516 1708171996138
1517 1708171996199
1518 1708171996258
1519 1708171996319
1520 1708171996378
1521 1708171996438
1522 1708171996499
1523 1708171996563
1524 1708171996623
1525 1708171996682
1526 1708171996743
1527 1708171996802
1528 1708171996863
1529 1708171996922
1530 1708171996981
1531 1708171997044
1532 1708171997108
1533 1708171997166
1534 1708171997227
1535 1708171997287
1536 1708171997347
1537 1708171997406
1538 1708171997468
1539 1708171997526
1540 1708171997590
1541 1708171997650
1542 1708171997711
1543 1708171997771
1544 1708171997828
1545 1708171997890
1546 1708171997951
1547 1708171998011
1548 1708171998076
1549 1708171998134
1550 1708171998195
1551 1708171998257
1552 1708171998317
1553 1708171998373
1554 1708171998432
1555 1708171998495
1556 1708171998555
1557 1708171998619
1558 1708171998678
1559 1708171998739
1560 1708171998799
1561 1708171998859
1562 1708171998919
1563 1708171998978
1564 1708171999043
1565 1708171999100
1566 1708171999163
1567 1708171999223
1568 1708171999282
1569 1708171999342
1570 1708171999403
1571 1708171999464
1572 1708171999522
1573 1708171999583
1574 1708171999647
1575 1708171999707
1576 1708171999767
1577 1708171999827
1578 1708171999887
1579 1708171999947
1580 1708172000008
1581 1708172000066
1582 1708172000126
1583 1708172000191
1584 1708172000250
1585 1708172000311
1586 1708172000371
1587 1708172000431
1588 1708172000492
1589 1708172000551
1590 1708172000611
1591 1708172000670
1592 1708172000735
1593 1708172000794
1594 1708172000855
1595 1708172000915
1596 1708172000975
1597 1708172001034
1598 1708172001096
1599 1708172001155
1600 1708172001230
1601 1708172001288
1602 1708172001345
1603 1708172001402
1604 1708172001463
1605 1708172001521
1606 1708172001580
1607 1708172001640
1608 1708172001704
1609 1708172001762
1610 1708172001823
1611 1708172001883
1612 1708172001944
1613 1708172002002
1614 1708172002063
1615 1708172002124
1616 1708172002185
1617 1708172002247
1618 1708172002306
1619 1708172002368
1620 1708172002426
1621 1708172002485
1622 1708172002546
1623 1708172002607
1624 1708172002667
1625 1708172002727
1626 1708172002790
1627 1708172002851
1628 1708172002911
1629 1708172002971
1630 1708172003031
1631 1708172003092
1632 1708172003151
1633 1708172003212
1634 1708172003271
1635 1708172003335
1636 1708172003395
1637 1708172003455
1638 1708172003515
1639 1708172003575
1640 1708172003634
1641 1708172003695
1642 1708172003754
1643 1708172003819
1644 1708172003878
1645 1708172003938
1646 1708172003999
1647 1708172004060
1648 1708172004121
1649 1708172004178
1650 1708172004238
1651 1708172004299
1652 1708172004363
1653 1708172004423
1654 1708172004483
1655 1708172004543
1656 1708172004602
1657 1708172004663
1658 1708172004723
1659 1708172004782
1660 1708172004847
1661 1708172004907
1662 1708172004969
1663 1708172005029
1664 1708172005091
1665 1708172005149
1666 1708172005208
1667 1708172005272
1668 1708172005329
1669 1708172005388
1670 1708172005451
1671 1708172005539
1672 1708172005600
1673 1708172005652
1674 1708172005704
1675 1708172005757
1676 1708172005817
1677 1708172005877
1678 1708172005935
1679 1708172005997
1680 1708172006055
1681 1708172006114
1682 1708172006175
1683 1708172006235
1684 1708172006295
1685 1708172006352
1686 1708172006419
1687 1708172006478
1688 1708172006541
1689 1708172006599
1690 1708172006659
1691 1708172006719
1692 1708172006778
1693 1708172006837
1694 1708172006900
1695 1708172006963
1696 1708172007022
1697 1708172007081
1698 1708172007143
1699 1708172007203
1700 1708172007265
1701 1708172007320
1702 1708172007382
1703 1708172007448
1704 1708172007504
1705 1708172007567
1706 1708172007627
1707 1708172007687
1708 1708172007748
1709 1708172007808
1710 1708172007868
1711 1708172007928
1712 1708172007992
1713 1708172008051
1714 1708172008110
1715 1708172008170
1716 1708172008231
1717 1708172008290
1718 1708172008349
1719 1708172008412
1720 1708172008474
1721 1708172008535
1722 1708172008595
1723 1708172008656
1724 1708172008715
1725 1708172008775
1726 1708172008837
1727 1708172008896
1728 1708172008956
1729 1708172009018
1730 1708172009079
1731 1708172009138
1732 1708172009198
1733 1708172009258
1734 1708172009320
1735 1708172009379
1736 1708172009440
1737 1708172009498
1738 1708172009563
1739 1708172009624
1740 1708172009682
1741 1708172009742
1742 1708172009802
1743 1708172009863
1744 1708172009923
1745 1708172009981
1746 1708172010048
1747 1708172010107
1748 1708172010170
1749 1708172010227
1750 1708172010287
1751 1708172010347
1752 1708172010407
1753 1708172010465
1754 1708172010525
1755 1708172010591
1756 1708172010651
1757 1708172010714
1758 1708172010773
1759 1708172010832
1760 1708172010892
1761 1708172010950
1762 1708172011011
1763 1708172011070
1764 1708172011135
1765 1708172011193
1766 1708172011255
1767 1708172011315
1768 1708172011374
1769 1708172011433
1770 1708172011496
1771 1708172011557
1772 1708172011619
1773 1708172011678
1774 1708172011738
1775 1708172011800
1776 1708172011858
1777 1708172011917
1778 1708172011977
1779 1708172012040
1780 1708172012099
1781 1708172012161
1782 1708172012221
1783 1708172012282
1784 1708172012342
1785 1708172012402
1786 1708172012462
1787 1708172012522
1788 1708172012582
1789 1708172012646
1790 1708172012706
1791 1708172012766
1792 1708172012826
1793 1708172012886
1794 1708172012946
1795 1708172013005
1796 1708172013068
1797 1708172013125
1798 1708172013188
1799 1708172013250
1800 1708172013313
1801 1708172013372
1802 1708172013440
1803 1708172013495
1804 1708172013551
1805 1708172013612
1806 1708172013671
1807 1708172013735
1808 1708172013795
1809 1708172013857
1810 1708172013915
1811 1708172013976
1812 1708172014034
1813 1708172014096
1814 1708172014155
1815 1708172014220
1816 1708172014279
1817 1708172014340
1818 1708172014400
1819 1708172014458
1820 1708172014519
1821 1708172014579
1822 1708172014639
1823 1708172014699
1824 1708172014764
1825 1708172014822
1826 1708172014883
1827 1708172014942
1828 1708172015003
1829 1708172015062
1830 1708172015123
1831 1708172015185
1832 1708172015247
1833 1708172015307
1834 1708172015366
1835 1708172015424
1836 1708172015488
1837 1708172015547
1838 1708172015605
1839 1708172015665
1840 1708172015725
1841 1708172015791
1842 1708172015856
1843 1708172015913
1844 1708172015976
1845 1708172016033
1846 1708172016092
1847 1708172016151
1848 1708172016211
1849 1708172016272
1850 1708172016335
1851 1708172016394
1852 1708172016454
1853 1708172016515
1854 1708172016575
1855 1708172016635
1856 1708172016695
1857 1708172016755
1858 1708172016819
1859 1708172016879
1860 1708172016939
1861 1708172016999
1862 1708172017058
1863 1708172017117
1864 1708172017178
1865 1708172017240
1866 1708172017299
1867 1708172017361
1868 1708172017423
1869 1708172017483
1870 1708172017543
1871 1708172017603
1872 1708172017663
1873 1708172017723
1874 1708172017783
1875 1708172017846
1876 1708172017906
1877 1708172017966
1878 1708172018027
1879 1708172018087
1880 1708172018146
1881 1708172018207
1882 1708172018267
1883 1708172018328
1884 1708172018391
1885 1708172018452
1886 1708172018512
1887 1708172018570
1888 1708172018631
1889 1708172018692
1890 1708172018750
1891 1708172018813
1892 1708172018873
1893 1708172018936
1894 1708172018994
1895 1708172019053
1896 1708172019116
1897 1708172019176
1898 1708172019235
1899 1708172019295
1900 1708172019355
1901 1708172019419
1902 1708172019479
1903 1708172019539
1904 1708172019599
1905 1708172019660
1906 1708172019720
1907 1708172019780
1908 1708172019840
1909 1708172019899
1910 1708172019963
1911 1708172020023
1912 1708172020083
1913 1708172020143
1914 1708172020206
1915 1708172020263
1916 1708172020323
1917 1708172020383
1918 1708172020442
1919 1708172020507
1920 1708172020566
1921 1708172020628
1922 1708172020688
1923 1708172020746
1924 1708172020807
1925 1708172020867
1926 1708172020932
1927 1708172020992
1928 1708172021050
1929 1708172021112
1930 1708172021172
1931 1708172021236
1932 1708172021293
1933 1708172021353
1934 1708172021412
1935 1708172021470
1936 1708172021536
1937 1708172021597
1938 1708172021657
1939 1708172021713
1940 1708172021774
1941 1708172021834
1942 1708172021896
1943 1708172021952
1944 1708172022019
1945 1708172022079
1946 1708172022139
1947 1708172022197
1948 1708172022257
1949 1708172022319
1950 1708172022381
1951 1708172022437
1952 1708172022498
1953 1708172022563
1954 1708172022624
1955 1708172022681
1956 1708172022742
1957 1708172022803
1958 1708172022863
1959 1708172022921
1960 1708172022983
1961 1708172023042
1962 1708172023106
1963 1708172023165
1964 1708172023227
1965 1708172023286
1966 1708172023349
1967 1708172023404
1968 1708172023465
1969 1708172023527
1970 1708172023590
1971 1708172023650
1972 1708172023704
1973 1708172023756
1974 1708172023815
1975 1708172023871
1976 1708172023924
1977 1708172023982
1978 1708172024048
1979 1708172024106
1980 1708172024159
1981 1708172024213
1982 1708172024269
1983 1708172024327
1984 1708172024395
1985 1708172024456
