1 1703949477128 3 101 5.240700 3 102 5.053030
2 1703949477378 1 101 5.151556 1 102 5.104639
3 1703949478092 2 101 4.977962 2 102 5.151556
4 1703949478340 3 101 5.236008 3 102 5.024879
5 1703949478591 1 101 5.137481 1 102 5.081180
6 1703949478838 2 101 5.001420 2 102 5.109331
7 1703949479087 3 101 5.259467 3 102 5.020187
8 1703949479339 1 101 5.128098 1 102 5.081180
9 1703949479584 2 101 4.959194 2 102 5.104639
10 1703949479836 3 101 5.221933 3 102 5.043646
11 1703949480083 1 101 5.114023 1 102 5.085872
12 1703949480328 2 101 5.001420 2 102 5.099947
13 1703949480572 3 101 5.189091 3 102 5.029571
14 1703949480815 1 101 5.128098 1 102 5.099947
15 1703949481633 2 101 4.982653 2 102 5.099947
16 1703949481876 3 101 5.217241 3 102 5.053030
17 1703949482120 1 101 5.137481 1 102 5.095255
18 1703949482370 2 101 4.987345 2 102 5.151556
19 1703949482615 3 101 5.193782 3 102 5.029571
20 1703949482860 1 101 5.146865 1 102 5.081180
21 1703949483106 2 101 4.963886 2 102 5.114023
22 1703949483349 3 101 5.207858 3 102 5.048338
23 1703949483592 1 101 5.151556 1 102 5.071796
24 1703949483838 2 101 4.982653 2 102 5.109331
25 1703949484086 3 101 5.226625 3 102 5.048338
26 1703949484332 1 101 5.142173 1 102 5.114023
27 1703949484578 2 101 4.987345 2 102 5.118714
28 1703949484824 3 101 5.212550 3 102 5.020187
29 1703949485071 1 101 5.123406 1 102 5.095255
30 1703949485316 2 101 5.001420 2 102 5.099947
31 1703949485565 3 101 5.221933 3 102 5.038954
32 1703949485811 1 101 5.128098 1 102 5.099947
33 1703949486057 2 101 4.973269 2 102 5.128098
34 1703949486303 3 101 5.231317 3 102 5.029571
35 1703949486551 1 101 5.151556 1 102 5.067105
36 1703949486796 2 101 4.963886 2 102 5.109331
37 1703949487041 3 101 5.207858 3 102 5.038954
38 1703949487285 1 101 5.132790 1 102 5.085872
39 1703949487530 2 101 5.010804 2 102 5.109331
40 1703949487776 3 101 5.217241 3 102 5.038954
41 1703949488021 1 101 5.118714 1 102 5.071796
42 1703949488268 2 101 4.968578 2 102 5.118714
43 1703949488516 3 101 5.207858 3 102 5.024879
44 1703949488760 1 101 5.137481 1 102 5.099947
45 1703949489006 2 101 4.996728 2 102 5.099947
46 1703949489250 3 101 5.212550 3 102 5.048338
47 1703949489494 1 101 5.156249 1 102 5.118714
48 1703949489741 2 101 5.015495 2 102 5.123406
49 1703949489985 3 101 5.184399 3 102 5.015495
50 1703949490231 1 101 5.114023 1 102 5.095255
51 1703949490475 2 101 4.982653 2 102 5.109331
52 1703949490718 3 101 5.236008 3 102 5.020187
53 1703949490962 1 101 5.128098 1 102 5.081180
54 1703949491209 2 101 4.987345 2 102 5.099947
55 1703949491457 3 101 5.203166 3 102 5.024879
56 1703949491700 1 101 5.104639 1 102 5.053030
57 1703949491947 2 101 4.949811 2 102 5.151556
58 1703949492191 3 101 5.207858 3 102 5.043646
59 1703949492434 1 101 5.137481 1 102 5.085872
60 1703949492679 2 101 4.949811 2 102 5.104639
61 1703949492926 3 101 5.236008 3 102 5.038954
62 1703949493174 1 101 5.142173 1 102 5.128098
63 1703949493419 2 101 5.006112 2 102 5.109331
64 1703949493664 3 101 5.226625 3 102 5.038954
65 1703949493910 1 101 5.099947 1 102 5.109331
66 1703949494156 2 101 4.982653 2 102 5.128098
67 1703949494403 3 101 5.217241 3 102 5.053030
68 1703949494644 1 101 5.142173 1 102 5.109331
69 1703949494889 2 101 4.996728 2 102 5.114023
70 1703949495130 3 101 5.165632 3 102 5.067105
71 1703949495372 1 101 5.104639 1 102 5.095255
72 1703949495618 2 101 4.968578 2 102 5.118714
73 1703949495862 3 101 5.226625 3 102 5.034263
74 1703949496117 1 101 5.151556 1 102 5.099947
75 1703949496361 2 101 4.968578 2 102 5.109331
76 1703949496604 3 101 5.231317 3 102 5.029571
77 1703949496848 1 101 5.128098 1 102 5.095255
78 1703949497094 2 101 4.973269 2 102 5.085872
79 1703949497336 3 101 5.221933 3 102 5.048338
80 1703949497582 1 101 5.090564 1 102 5.114023
81 1703949497827 2 101 4.982653 2 102 5.118714
82 1703949498070 3 101 5.226625 3 102 5.020187
83 1703949498314 1 101 5.151556 1 102 5.085872
84 1703949498562 2 101 4.973269 2 102 5.160940
85 1703949498808 3 101 5.226625 3 102 5.038954
86 1703949499056 1 101 5.118714 1 102 5.085872
87 1703949499300 2 101 4.982653 2 102 5.104639
88 1703949499547 3 101 5.198474 3 102 5.053030
89 1703949499792 1 101 5.118714 1 102 5.076488
90 1703949500038 2 101 5.001420 2 102 5.114023
91 1703949500280 3 101 5.189091 3 102 5.067105
92 1703949500526 1 101 5.137481 1 102 5.095255
93 1703949500773 2 101 4.973269 2 102 5.114023
94 1703949501020 3 101 5.236008 3 102 5.053030
95 1703949501268 1 101 5.142173 1 102 5.099947
96 1703949501511 2 101 4.954503 2 102 5.109331
97 1703949502867 3 101 5.221933 3 102 5.057721
98 1703949503114 1 101 5.132790 1 102 5.118714
99 1703949503369 2 101 4.977962 2 102 5.104639
100 1703949503617 3 101 5.198474 3 102 5.029571
101 1703949503863 1 101 5.146865 1 102 5.081180
102 1703949505216 2 101 4.968578 2 102 5.109331
103 1703949505463 3 101 5.207858 3 102 5.053030
104 1703949505710 1 101 5.132790 1 102 5.123406
105 1703949505960 2 101 4.992037 2 102 5.099947
106 1703949506207 3 101 5.207858 3 102 5.024879
107 1703949506455 1 101 5.165632 1 102 5.085872
108 1703949506701 2 101 4.973269 2 102 5.114023
109 1703949506947 3 101 5.203166 3 102 5.053030
110 1703949507201 1 101 5.123406 1 102 5.104639
111 1703949507448 2 101 4.977962 2 102 5.142173
112 1703949507696 3 101 5.236008 3 102 5.010804
113 1703949507946 1 101 5.137481 1 102 5.109331
114 1703949508191 2 101 4.973269 2 102 5.118714
115 1703949508436 3 101 5.231317 3 102 5.029571
116 1703949508679 1 101 5.123406 1 102 5.095255
117 1703949509949 2 101 5.001420 2 102 5.142173
118 1703949510204 3 101 5.217241 3 102 5.038954
119 1703949510450 1 101 5.142173 1 102 5.095255
120 1703949510697 2 101 4.987345 2 102 5.095255
121 1703949510943 3 101 5.221933 3 102 5.038954
122 1703949511194 1 101 5.128098 1 102 5.114023
123 1703949511442 2 101 4.987345 2 102 5.114023
124 1703949511691 3 101 5.193782 3 102 5.053030
125 1703949511934 1 101 5.137481 1 102 5.109331
126 1703949512180 2 101 4.977962 2 102 5.151556
127 1703949512426 3 101 5.250083 3 102 5.048338
128 1703949512671 1 101 5.151556 1 102 5.118714
129 1703949512915 2 101 4.963886 2 102 5.114023
130 1703949513160 3 101 5.221933 3 102 5.038954
131 1703949513404 1 101 5.128098 1 102 5.118714
132 1703949513652 2 101 4.982653 2 102 5.090564
133 1703949513897 3 101 5.217241 3 102 5.024879
134 1703949514141 1 101 5.118714 1 102 5.090564
135 1703949515491 2 101 4.977962 2 102 5.118714
136 1703949515744 3 101 5.203166 3 102 5.057721
137 1703949515989 1 101 5.160940 1 102 5.081180
138 1703949516238 2 101 4.996728 2 102 5.090564
139 1703949516483 3 101 5.198474 3 102 5.015495
140 1703949516729 1 101 5.123406 1 102 5.081180
141 1703949516972 2 101 4.996728 2 102 5.095255
142 1703949517217 3 101 5.221933 3 102 5.067105
143 1703949517461 1 101 5.160940 1 102 5.123406
144 1703949517706 2 101 4.987345 2 102 5.090564
145 1703949517956 3 101 5.212550 3 102 5.038954
146 1703949518201 1 101 5.146865 1 102 5.099947
147 1703949518449 2 101 4.987345 2 102 5.104639
148 1703949518700 3 101 5.198474 3 102 5.024879
149 1703949518944 1 101 5.142173 1 102 5.062413
150 1703949519194 2 101 4.992037 2 102 5.114023
151 1703949519439 3 101 5.175015 3 102 5.024879
152 1703949519688 1 101 5.099947 1 102 5.081180
153 1703949519938 2 101 4.977962 2 102 5.090564
154 1703949520184 3 101 5.193782 3 102 5.015495
155 1703949520432 1 101 5.160940 1 102 5.085872
156 1703949520681 2 101 4.977962 2 102 5.132790
157 1703949520928 3 101 5.203166 3 102 5.057721
158 1703949521177 1 101 5.128098 1 102 5.095255
159 1703949521424 2 101 4.996728 2 102 5.123406
160 1703949521669 3 101 5.231317 3 102 5.048338
161 1703949521915 1 101 5.137481 1 102 5.095255
162 1703949522164 2 101 4.973269 2 102 5.114023
163 1703949522409 3 101 5.203166 3 102 5.038954
164 1703949522655 1 101 5.114023 1 102 5.109331
165 1703949522900 2 101 4.992037 2 102 5.104639
166 1703949523143 3 101 5.207858 3 102 5.020187
167 1703949523395 1 101 5.095255 1 102 5.114023
168 1703949523645 2 101 4.968578 2 102 5.090564
169 1703949523892 3 101 5.221933 3 102 5.053030
170 1703949524140 1 101 5.123406 1 102 5.104639
171 1703949524389 2 101 4.987345 2 102 5.123406
172 1703949524635 3 101 5.221933 3 102 5.048338
173 1703949524882 1 101 5.137481 1 102 5.085872
174 1703949525128 2 101 4.959194 2 102 5.109331
175 1703949525372 3 101 5.212550 3 102 5.034263
176 1703949525619 1 101 5.095255 1 102 5.099947
177 1703949525866 2 101 4.977962 2 102 5.132790
178 1703949526111 3 101 5.250083 3 102 5.038954
179 1703949526357 1 101 5.146865 1 102 5.076488
180 1703949527709 2 101 4.973269 2 102 5.128098
181 1703949527954 3 101 5.226625 3 102 5.057721
182 1703949528199 1 101 5.114023 1 102 5.123406
183 1703949528445 2 101 4.992037 2 102 5.114023
184 1703949528694 3 101 5.207858 3 102 5.062413
185 1703949528943 1 101 5.156249 1 102 5.067105
186 1703949529190 2 101 4.996728 2 102 5.109331
187 1703949529435 3 101 5.231317 3 102 5.024879
188 1703949529678 1 101 5.160940 1 102 5.095255
189 1703949529922 2 101 5.006112 2 102 5.114023
190 1703949530167 3 101 5.221933 3 102 5.034263
191 1703949530411 1 101 5.132790 1 102 5.099947
192 1703949530654 2 101 4.968578 2 102 5.118714
193 1703949530895 3 101 5.193782 3 102 5.062413
194 1703949531141 1 101 5.165632 1 102 5.099947
195 1703949531386 2 101 4.977962 2 102 5.104639
196 1703949531628 3 101 5.212550 3 102 5.062413
197 1703949531872 1 101 5.081180 1 102 5.062413
198 1703949532116 2 101 4.987345 2 102 5.128098
199 1703949532362 3 101 5.212550 3 102 5.029571
200 1703949532609 1 101 5.114023 1 102 5.071796
201 1703949532856 2 101 4.977962 2 102 5.146865
202 1703949533100 3 101 5.217241 3 102 5.024879
203 1703949533345 1 101 5.109331 1 102 5.099947
204 1703949533591 2 101 4.982653 2 102 5.109331
205 1703949533838 3 101 5.203166 3 102 5.053030
206 1703949534084 1 101 5.160940 1 102 5.081180
207 1703949534329 2 101 4.987345 2 102 5.118714
208 1703949534576 3 101 5.212550 3 102 5.038954
209 1703949534823 1 101 5.151556 1 102 5.099947
210 1703949535067 2 101 4.987345 2 102 5.114023
211 1703949535309 3 101 5.240700 3 102 5.020187
212 1703949535551 1 101 5.170324 1 102 5.104639
213 1703949535801 2 101 4.973269 2 102 5.114023
214 1703949536048 3 101 5.189091 3 102 5.034263
215 1703949536296 1 101 5.137481 1 102 5.095255
216 1703949536542 2 101 4.992037 2 102 5.099947
217 1703949536791 3 101 5.236008 3 102 5.006112
218 1703949537044 1 101 5.128098 1 102 5.076488
219 1703949537291 2 101 4.968578 2 102 5.132790
220 1703949537535 3 101 5.198474 3 102 5.043646
221 1703949537780 1 101 5.151556 1 102 5.085872
222 1703949538024 2 101 4.992037 2 102 5.114023
223 1703949538274 3 101 5.207858 3 102 5.043646
224 1703949538525 1 101 5.142173 1 102 5.090564
225 1703949538775 2 101 4.982653 2 102 5.109331
226 1703949539029 3 101 5.217241 3 102 5.020187
227 1703949539277 1 101 5.142173 1 102 5.067105
228 1703949539521 2 101 4.973269 2 102 5.137481
229 1703949539771 3 101 5.217241 3 102 5.048338
230 1703949540016 1 101 5.146865 1 102 5.095255
231 1703949540261 2 101 4.959194 2 102 5.137481
232 1703949540506 3 101 5.207858 3 102 5.034263
233 1703949540754 1 101 5.160940 1 102 5.104639
234 1703949541002 2 101 4.977962 2 102 5.095255
235 1703949541250 3 101 5.217241 3 102 5.024879
236 1703949541495 1 101 5.146865 1 102 5.123406
237 1703949541739 2 101 4.977962 2 102 5.132790
238 1703949541984 3 101 5.207858 3 102 5.034263
239 1703949542229 1 101 5.118714 1 102 5.095255
240 1703949542473 2 101 4.982653 2 102 5.132790
241 1703949542719 3 101 5.203166 3 102 5.038954
242 1703949542967 1 101 5.132790 1 102 5.085872
243 1703949543210 2 101 4.982653 2 102 5.118714
244 1703949543454 3 101 5.245392 3 102 5.053030
245 1703949543700 1 101 5.142173 1 102 5.071796
246 1703949543947 2 101 4.973269 2 102 5.104639
247 1703949544195 3 101 5.212550 3 102 5.024879
248 1703949544439 1 101 5.123406 1 102 5.085872
249 1703949544684 2 101 4.982653 2 102 5.090564
250 1703949544928 3 101 5.231317 3 102 5.029571
251 1703949545173 1 101 5.151556 1 102 5.095255
252 1703949545419 2 101 4.982653 2 102 5.104639
253 1703949545666 3 101 5.231317 3 102 5.043646
254 1703949545911 1 101 5.137481 1 102 5.090564
255 1703949546158 2 101 4.968578 2 102 5.118714
256 1703949546405 3 101 5.221933 3 102 5.024879
257 1703949546653 1 101 5.118714 1 102 5.099947
258 1703949546898 2 101 5.001420 2 102 5.104639
259 1703949547144 3 101 5.203166 3 102 5.048338
260 1703949547386 1 101 5.114023 1 102 5.081180
261 1703949547634 2 101 4.992037 2 102 5.099947
262 1703949547878 3 101 5.250083 3 102 5.024879
263 1703949548123 1 101 5.118714 1 102 5.081180
264 1703949548369 2 101 4.982653 2 102 5.099947
265 1703949548615 3 101 5.221933 3 102 5.048338
266 1703949548863 1 101 5.123406 1 102 5.095255
267 1703949549108 2 101 4.982653 2 102 5.090564
268 1703949549353 3 101 5.203166 3 102 5.048338
269 1703949549599 1 101 5.123406 1 102 5.090564
270 1703949549845 2 101 4.982653 2 102 5.118714
271 1703949550087 3 101 5.198474 3 102 4.996728
272 1703949550334 1 101 5.151556 1 102 5.099947
273 1703949550579 2 101 4.963886 2 102 5.109331
274 1703949550824 3 101 5.189091 3 102 5.048338
275 1703949551077 1 101 5.114023 1 102 5.099947
276 1703949551324 2 101 4.963886 2 102 5.142173
277 1703949551569 3 101 5.217241 3 102 5.057721
278 1703949551811 1 101 5.118714 1 102 5.076488
279 1703949552057 2 101 4.968578 2 102 5.109331
280 1703949552302 3 101 5.221933 3 102 5.029571
281 1703949552550 1 101 5.128098 1 102 5.090564
282 1703949552795 2 101 4.935736 2 102 5.123406
283 1703949553043 3 101 5.179707 3 102 5.006112
284 1703949553289 1 101 5.132790 1 102 5.071796
285 1703949553534 2 101 4.959194 2 102 5.104639
286 1703949553782 3 101 5.221933 3 102 5.034263
287 1703949554031 1 101 5.146865 1 102 5.090564
288 1703949554278 2 101 4.959194 2 102 5.123406
289 1703949554525 3 101 5.221933 3 102 5.010804
290 1703949554770 1 101 5.137481 1 102 5.104639
291 1703949555017 2 101 4.963886 2 102 5.104639
292 1703949555268 3 101 5.203166 3 102 5.038954
293 1703949555515 1 101 5.132790 1 102 5.099947
294 1703949555765 2 101 4.968578 2 102 5.123406
295 1703949556013 3 101 5.198474 3 102 5.029571
296 1703949556826 1 101 5.128098 1 102 5.104639
297 1703949557071 2 101 4.973269 2 102 5.114023
298 1703949557318 3 101 5.221933 3 102 5.038954
299 1703949557567 1 101 5.160940 1 102 5.090564
300 1703949557816 2 101 4.992037 2 102 5.114023
301 1703949558062 3 101 5.226625 3 102 5.010804
302 1703949558312 1 101 5.109331 1 102 5.085872
303 1703949558561 2 101 4.963886 2 102 5.114023
304 1703949558811 3 101 5.203166 3 102 5.043646
305 1703949559056 1 101 5.137481 1 102 5.118714
306 1703949559302 2 101 4.963886 2 102 5.142173
307 1703949559548 3 101 5.203166 3 102 5.057721
308 1703949559793 1 101 5.109331 1 102 5.081180
309 1703949560040 2 101 4.987345 2 102 5.132790
310 1703949560289 3 101 5.193782 3 102 5.038954
311 1703949560531 1 101 5.118714 1 102 5.099947
312 1703949560777 2 101 4.954503 2 102 5.123406
313 1703949561022 3 101 5.221933 3 102 5.053030
314 1703949561269 1 101 5.156249 1 102 5.109331
315 1703949561514 2 101 4.973269 2 102 5.095255
316 1703949561760 3 101 5.203166 3 102 5.024879
317 1703949562003 1 101 5.184399 1 102 5.076488
318 1703949562248 2 101 4.949811 2 102 5.118714
319 1703949562494 3 101 5.198474 3 102 5.020187
320 1703949562745 1 101 5.142173 1 102 5.123406
321 1703949562991 2 101 4.977962 2 102 5.109331
322 1703949563236 3 101 5.207858 3 102 5.015495
323 1703949563483 1 101 5.123406 1 102 5.104639
324 1703949563727 2 101 4.973269 2 102 5.109331
325 1703949563977 3 101 5.217241 3 102 5.038954
326 1703949564220 1 101 5.128098 1 102 5.057721
327 1703949564464 2 101 4.977962 2 102 5.109331
328 1703949564713 3 101 5.226625 3 102 5.024879
329 1703949564958 1 101 5.114023 1 102 5.095255
330 1703949565204 2 101 4.963886 2 102 5.118714
331 1703949565450 3 101 5.203166 3 102 5.048338
332 1703949565697 1 101 5.114023 1 102 5.085872
333 1703949565945 2 101 4.987345 2 102 5.071796
334 1703949566194 3 101 5.226625 3 102 5.034263
335 1703949566445 1 101 5.090564 1 102 5.085872
336 1703949566693 2 101 4.959194 2 102 5.081180
337 1703949566945 3 101 5.207858 3 102 5.029571
338 1703949567190 1 101 5.137481 1 102 5.081180
339 1703949567438 2 101 4.987345 2 102 5.095255
340 1703949567682 3 101 5.221933 3 102 5.029571
341 1703949567928 1 101 5.160940 1 102 5.067105
342 1703949568177 2 101 4.973269 2 102 5.095255
343 1703949568427 3 101 5.221933 3 102 5.043646
344 1703949568672 1 101 5.160940 1 102 5.081180
345 1703949568917 2 101 4.973269 2 102 5.099947
346 1703949569167 3 101 5.226625 3 102 5.029571
347 1703949569410 1 101 5.146865 1 102 5.118714
348 1703949569655 2 101 4.963886 2 102 5.099947
349 1703949569904 3 101 5.193782 3 102 5.034263
350 1703949570151 1 101 5.128098 1 102 5.085872
351 1703949570396 2 101 4.982653 2 102 5.109331
352 1703949570644 3 101 5.240700 3 102 5.024879
353 1703949570895 1 101 5.099947 1 102 5.099947
354 1703949571147 2 101 4.959194 2 102 5.085872
355 1703949571392 3 101 5.207858 3 102 5.038954
356 1703949571641 1 101 5.123406 1 102 5.095255
357 1703949571886 2 101 4.959194 2 102 5.104639
358 1703949572132 3 101 5.226625 3 102 5.043646
359 1703949572375 1 101 5.142173 1 102 5.085872
360 1703949572620 2 101 4.996728 2 102 5.118714
361 1703949572867 3 101 5.212550 3 102 5.029571
362 1703949573114 1 101 5.132790 1 102 5.109331
363 1703949573360 2 101 4.945119 2 102 5.128098
364 1703949573606 3 101 5.221933 3 102 5.020187
365 1703949573854 1 101 5.128098 1 102 5.123406
366 1703949574100 2 101 4.977962 2 102 5.128098
367 1703949574346 3 101 5.207858 3 102 5.034263
368 1703949574594 1 101 5.132790 1 102 5.085872
369 1703949574843 2 101 4.992037 2 102 5.104639