1 1703949478518
2 1703949478596
3 1703949478600
4 1703949478631
5 1703949478659
6 1703949478690
7 1703949478719
8 1703949478755
9 1703949478786
10 1703949478827
11 1703949478855
12 1703949478887
13 1703949478927
14 1703949478957
15 1703949478992
16 1703949479023
17 1703949479056
18 1703949479093
19 1703949479126
20 1703949479161
21 1703949479193
22 1703949479225
23 1703949479263
24 1703949479323
25 1703949479382
26 1703949479434
27 1703949479475
28 1703949479515
29 1703949479554
30 1703949479591
31 1703949479633
32 1703949479675
33 1703949479715
34 1703949479754
35 1703949479794
36 1703949479834
37 1703949479874
38 1703949479915
39 1703949479956
40 1703949479999
41 1703949480039
42 1703949480079
43 1703949480116
44 1703949480155
45 1703949480195
46 1703949480236
47 1703949480276
48 1703949480315
49 1703949480355
50 1703949480395
51 1703949480436
52 1703949480474
53 1703949480518
54 1703949480558
55 1703949480599
56 1703949480638
57 1703949480678
58 1703949480718
59 1703949480759
60 1703949480800
61 1703949480838
62 1703949480878
63 1703949480919
64 1703949480959
65 1703949480999
66 1703949481042
67 1703949481083
68 1703949481125
69 1703949481163
70 1703949481202
71 1703949481243
72 1703949481282
73 1703949481323
74 1703949481362
75 1703949481402
76 1703949481443
77 1703949481483
78 1703949481522
79 1703949481562
80 1703949481609
81 1703949481647
82 1703949481686
83 1703949481727
84 1703949481769
85 1703949481807
86 1703949481846
87 1703949481887
88 1703949481927
89 1703949481967
90 1703949482007
91 1703949482047
92 1703949482089
93 1703949482127
94 1703949482171
95 1703949482211
96 1703949482252
97 1703949482292
98 1703949482332
99 1703949482371
100 1703949482411
101 1703949482451
102 1703949482491
103 1703949482531
104 1703949482571
105 1703949482611
106 1703949482652
107 1703949482691
108 1703949482735
109 1703949482776
110 1703949482816
111 1703949482855
112 1703949482895
113 1703949482935
114 1703949482975
115 1703949483015
116 1703949483056
117 1703949483096
118 1703949483135
119 1703949483176
120 1703949483216
121 1703949483256
122 1703949483300
123 1703949483340
124 1703949483381
125 1703949483420
126 1703949483459
127 1703949483499
128 1703949483539
129 1703949483580
130 1703949483620
131 1703949483659
132 1703949483700
133 1703949483740
134 1703949483780
135 1703949483824
136 1703949483864
137 1703949483903
138 1703949483943
139 1703949483983
140 1703949484023
141 1703949484064
142 1703949484103
143 1703949484143
144 1703949484183
145 1703949484224
146 1703949484263
147 1703949484303
148 1703949484344
149 1703949484387
150 1703949484427
151 1703949484467
152 1703949484507
153 1703949484547
154 1703949484587
155 1703949484627
156 1703949484667
157 1703949484708
158 1703949484747
159 1703949484787
160 1703949484827
161 1703949484867
162 1703949484909
163 1703949484951
164 1703949484991
165 1703949485033
166 1703949485072
167 1703949485110
168 1703949485151
169 1703949485193
170 1703949485231
171 1703949485270
172 1703949485312
173 1703949485353
174 1703949485392
175 1703949485431
176 1703949485471
177 1703949485516
178 1703949485556
179 1703949485597
180 1703949485637
181 1703949485677
182 1703949485717
183 1703949485757
184 1703949485798
185 1703949485837
186 1703949485877
187 1703949485916
188 1703949485955
189 1703949485995
190 1703949486034
191 1703949486078
192 1703949486118
193 1703949486158
194 1703949486198
195 1703949486238
196 1703949486278
197 1703949486318
198 1703949486358
199 1703949486398
200 1703949486438
201 1703949486478
202 1703949486518
203 1703949486558
204 1703949486602
205 1703949486642
206 1703949486682
207 1703949486722
208 1703949486762
209 1703949486802
210 1703949486842
211 1703949486882
212 1703949486922
213 1703949486962
214 1703949487002
215 1703949487042
216 1703949487082
217 1703949487122
218 1703949487166
219 1703949487206
220 1703949487246
221 1703949487286
222 1703949487326
223 1703949487366
224 1703949487406
225 1703949487446
226 1703949487486
227 1703949487526
228 1703949487566
229 1703949487606
230 1703949487646
231 1703949487686
232 1703949487730
233 1703949487770
234 1703949487810
235 1703949487850
236 1703949487890
237 1703949487930
238 1703949487970
239 1703949488010
240 1703949488050
241 1703949488090
242 1703949488130
243 1703949488170
244 1703949488210
245 1703949488250
246 1703949488294
247 1703949488334
248 1703949488374
249 1703949488419
250 1703949488454
251 1703949488494
252 1703949488534
253 1703949488574
254 1703949488614
255 1703949488654
256 1703949488694
257 1703949488734
258 1703949488775
259 1703949488815
260 1703949488860
261 1703949488900
262 1703949488940
263 1703949488980
264 1703949489020
265 1703949489060
266 1703949489099
267 1703949489139
268 1703949489180
269 1703949489220
270 1703949489260
271 1703949489299
272 1703949489339
273 1703949489384
274 1703949489424
275 1703949489463
276 1703949489503
277 1703949489543
278 1703949489583
279 1703949489623
280 1703949489663
281 1703949489704
282 1703949489744
283 1703949489783
284 1703949489824
285 1703949489864
286 1703949489904
287 1703949489947
288 1703949489987
289 1703949490028
290 1703949490067
291 1703949490108
292 1703949490147
293 1703949490188
294 1703949490228
295 1703949490268
296 1703949490308
297 1703949490347
298 1703949490387
299 1703949490428
300 1703949490468
301 1703949490512
302 1703949490551
303 1703949490591
304 1703949490631
305 1703949490672
306 1703949490712
307 1703949490752
308 1703949490792
309 1703949490832
310 1703949490872
311 1703949490912
312 1703949490952
313 1703949490992
314 1703949491032
315 1703949491076
316 1703949491116
317 1703949491156
318 1703949491196
319 1703949491237
320 1703949491276
321 1703949491316
322 1703949491356
323 1703949491396
324 1703949491436
325 1703949491475
326 1703949491515
327 1703949491555
328 1703949491595
329 1703949491640
330 1703949491679
331 1703949491720
332 1703949491760
333 1703949491799
334 1703949491840
335 1703949491880
336 1703949491920
337 1703949491960
338 1703949491999
339 1703949492039
340 1703949492080
341 1703949492120
342 1703949492164
343 1703949492203
344 1703949492243
345 1703949492284
346 1703949492323
347 1703949492363
348 1703949492405
349 1703949492444
350 1703949492483
351 1703949492523
352 1703949492563
353 1703949492605
354 1703949492645
355 1703949492683
356 1703949492726
357 1703949492766
358 1703949492806
359 1703949492846
360 1703949492886
361 1703949492927
362 1703949492968
363 1703949493008
364 1703949493047
365 1703949493089
366 1703949493128
367 1703949493168
368 1703949493209
369 1703949493248
370 1703949493292
371 1703949493332
372 1703949493372
373 1703949493412
374 1703949493451
375 1703949493491
376 1703949493531
377 1703949493572
378 1703949493612
379 1703949493652
380 1703949493691
381 1703949493731
382 1703949493773
383 1703949493812
384 1703949493855
385 1703949493897
386 1703949493938
387 1703949493975
388 1703949494015
389 1703949494057
390 1703949494097
391 1703949494137
392 1703949494176
393 1703949494216
394 1703949494256
395 1703949494297
396 1703949494336
397 1703949494376
398 1703949494420
399 1703949494460
400 1703949494500
401 1703949494540
402 1703949494580
403 1703949494620
404 1703949494660
405 1703949494700
406 1703949494739
407 1703949494779
408 1703949494822
409 1703949494860
410 1703949494901
411 1703949494944
412 1703949494984
413 1703949495024
414 1703949495064
415 1703949495104
416 1703949495143
417 1703949495183
418 1703949495223
419 1703949495264
420 1703949495304
421 1703949495344
422 1703949495384
423 1703949495423
424 1703949495463
425 1703949495508
426 1703949495548
427 1703949495587
428 1703949495628
429 1703949495669
430 1703949495709
431 1703949495747
432 1703949495788
433 1703949495828
434 1703949495868
435 1703949495907
436 1703949495947
437 1703949495988
438 1703949496028
439 1703949496073
440 1703949496112
441 1703949496151
442 1703949496191
443 1703949496232
444 1703949496272
445 1703949496313
446 1703949496352
447 1703949496393
448 1703949496433
449 1703949496472
450 1703949496513
451 1703949496552
452 1703949496593
453 1703949496637
454 1703949496677
455 1703949496716
456 1703949496756
457 1703949496797
458 1703949496837
459 1703949496876
460 1703949496917
461 1703949496957
462 1703949496995
463 1703949497034
464 1703949497075
465 1703949497115
466 1703949497156
467 1703949497201
468 1703949497241
469 1703949497281
470 1703949497321
471 1703949497362
472 1703949497402
473 1703949497439
474 1703949497479
475 1703949497520
476 1703949497562
477 1703949497601
478 1703949497641
479 1703949497681
480 1703949497725
481 1703949497765
482 1703949497805
483 1703949497843
484 1703949497883
485 1703949497925
486 1703949497965
487 1703949498005
488 1703949498046
489 1703949498085
490 1703949498125
491 1703949498165
492 1703949498205
493 1703949498245
494 1703949498289
495 1703949498330
496 1703949498368
497 1703949498408
498 1703949498448
499 1703949498488
500 1703949498528
501 1703949498568
502 1703949498608
503 1703949498648
504 1703949498688
505 1703949498728
506 1703949498769
507 1703949498809
508 1703949498853
509 1703949498893
510 1703949498934
511 1703949498974
512 1703949499013
513 1703949499053
514 1703949499093
515 1703949499133
516 1703949499173
517 1703949499213
518 1703949499253
519 1703949499293
520 1703949499333
521 1703949499373
522 1703949499417
523 1703949499457
524 1703949499495
525 1703949499536
526 1703949499577
527 1703949499616
528 1703949499656
529 1703949499697
530 1703949499737
531 1703949499777
532 1703949499816
533 1703949499857
534 1703949499896
535 1703949499937
536 1703949499980
537 1703949500021
538 1703949500061
539 1703949500100
540 1703949500140
541 1703949500180
542 1703949500221
543 1703949500261
544 1703949500299
545 1703949500339
546 1703949500380
547 1703949500420
548 1703949500459
549 1703949500504
550 1703949500545
551 1703949500585
552 1703949500624
553 1703949500665
554 1703949500704
555 1703949500745
556 1703949500784
557 1703949500823
558 1703949500865
559 1703949500906
560 1703949500945
561 1703949500983
562 1703949501023
563 1703949501069
564 1703949501108
565 1703949501148
566 1703949501189
567 1703949501229
568 1703949501269
569 1703949501309
570 1703949501348
571 1703949501388
572 1703949501428
573 1703949501468
574 1703949501509
575 1703949501548
576 1703949501588
577 1703949501631
578 1703949501674
579 1703949501712
580 1703949501751
581 1703949501792
582 1703949501831
583 1703949501872
584 1703949501912
585 1703949501952
586 1703949501993
587 1703949502032
588 1703949502072
589 1703949502112
590 1703949502152
591 1703949502196
592 1703949502237
593 1703949502277
594 1703949502316
595 1703949502356
596 1703949502396
597 1703949502437
598 1703949502476
599 1703949502516
600 1703949502556
601 1703949502596
602 1703949502636
603 1703949502676
604 1703949502716
605 1703949502760
606 1703949502800
607 1703949502840
608 1703949502880
609 1703949502919
610 1703949502959
611 1703949503002
612 1703949503042
613 1703949503080
614 1703949503120
615 1703949503160
616 1703949503200
617 1703949503240
618 1703949503285
619 1703949503325
620 1703949503365
621 1703949503404
622 1703949503444
623 1703949503485
624 1703949503524
625 1703949503564
626 1703949503605
627 1703949503646
628 1703949503684
629 1703949503724
630 1703949503764
631 1703949503805
632 1703949503849
633 1703949503888
634 1703949503930
635 1703949503969
636 1703949504009
637 1703949504047
638 1703949504087
639 1703949504128
640 1703949504168
641 1703949504208
642 1703949504248
643 1703949504288
644 1703949504328
645 1703949504368
646 1703949504414
647 1703949504454
648 1703949504493
649 1703949504533
650 1703949504574
651 1703949504612
652 1703949504652
653 1703949504693
654 1703949504732
655 1703949504773
656 1703949504813
657 1703949504853
658 1703949504892
659 1703949504931
660 1703949504976
661 1703949505017
662 1703949505057
663 1703949505095
664 1703949505135
665 1703949505176
666 1703949505218
667 1703949505258
668 1703949505297
669 1703949505337
670 1703949505377
671 1703949505417
672 1703949505457
673 1703949505497
674 1703949505541
675 1703949505581
676 1703949505621
677 1703949505661
678 1703949505701
679 1703949505742
680 1703949505781
681 1703949505819
682 1703949505860
683 1703949505902
684 1703949505941
685 1703949505981
686 1703949506021
687 1703949506064
688 1703949506104
689 1703949506144
690 1703949506185
691 1703949506224
692 1703949506264
693 1703949506305
694 1703949506345
695 1703949506385
696 1703949506424
697 1703949506464
698 1703949506504
699 1703949506544
700 1703949506584
701 1703949506628
702 1703949506670
703 1703949506708
704 1703949506747
705 1703949506787
706 1703949506829
707 1703949506870
708 1703949506911
709 1703949506950
710 1703949506989
711 1703949507029
712 1703949507070
713 1703949507108
714 1703949507148
715 1703949507192
716 1703949507232
717 1703949507272
718 1703949507312
719 1703949507352
720 1703949507392
721 1703949507432
722 1703949507473
723 1703949507513
724 1703949507552
725 1703949507593
726 1703949507632
727 1703949507673
728 1703949507713
729 1703949507757
730 1703949507797
731 1703949507837
732 1703949507877
733 1703949507917
734 1703949507958
735 1703949507997
736 1703949508037
737 1703949508078
738 1703949508117
739 1703949508158
740 1703949508198
741 1703949508235
742 1703949508276
743 1703949508321
744 1703949508361
745 1703949508401
746 1703949508441
747 1703949508481
748 1703949508521
749 1703949508561
750 1703949508601
751 1703949508641
752 1703949508681
753 1703949508721
754 1703949508761
755 1703949508801
756 1703949508845
757 1703949508885
758 1703949508925
759 1703949508964
760 1703949509005
761 1703949509045
762 1703949509085
763 1703949509125
764 1703949509166
765 1703949509206
766 1703949509243
767 1703949509283
768 1703949509324
769 1703949509365
770 1703949509409
771 1703949509449
772 1703949509489
773 1703949509528
774 1703949509568
775 1703949509609
776 1703949509649
777 1703949509689
778 1703949509729
779 1703949509769
780 1703949509809
781 1703949509848
782 1703949509888
783 1703949509930
784 1703949509974
785 1703949510013
786 1703949510052
787 1703949510093
788 1703949510134
789 1703949510173
790 1703949510213
791 1703949510254
792 1703949510293
793 1703949510333
794 1703949510371
795 1703949510411
796 1703949510456
797 1703949510497
798 1703949510538
799 1703949510576
800 1703949510616
801 1703949510656
802 1703949510698
803 1703949510737
804 1703949510778
805 1703949510817
806 1703949510858
807 1703949510897
808 1703949510935
809 1703949510976
810 1703949511016
811 1703949511056
812 1703949511101
813 1703949511141
814 1703949511181
815 1703949511221
816 1703949511261
817 1703949511301
818 1703949511341
819 1703949511381
820 1703949511421
821 1703949511461
822 1703949511501
823 1703949511541
824 1703949511581
825 1703949511625
826 1703949511665
827 1703949511705
828 1703949511745
829 1703949511785
830 1703949511825
831 1703949511865
832 1703949511905
833 1703949511945
834 1703949511985
835 1703949512025
836 1703949512065
837 1703949512105
838 1703949512145
839 1703949512189
840 1703949512229
841 1703949512269
842 1703949512309
843 1703949512349
844 1703949512389
845 1703949512429
846 1703949512469
847 1703949512509
848 1703949512549
849 1703949512589
850 1703949512629
851 1703949512669
852 1703949512709
853 1703949512753
854 1703949512793
855 1703949512833
856 1703949512873
857 1703949512913
858 1703949512953
859 1703949512993
860 1703949513033
861 1703949513073
862 1703949513113
863 1703949513152
864 1703949513194
865 1703949513233
866 1703949513273
867 1703949513318
868 1703949513357
869 1703949513398
870 1703949513439
871 1703949513478
872 1703949513518
873 1703949513558
874 1703949513598
875 1703949513638
876 1703949513678
877 1703949513718
878 1703949513758
879 1703949513798
880 1703949513836
881 1703949513881
882 1703949513920
883 1703949513960
884 1703949514001
885 1703949514041
886 1703949514081
887 1703949514122
888 1703949514161
889 1703949514201
890 1703949514241
891 1703949514281
892 1703949514321
893 1703949514361
894 1703949514405
895 1703949514445
896 1703949514485
897 1703949514525
898 1703949514565
899 1703949514605
900 1703949514646
901 1703949514685
902 1703949514725
903 1703949514765
904 1703949514805
905 1703949514845
906 1703949514886
907 1703949514925
908 1703949514969
909 1703949515009
910 1703949515049
911 1703949515089
912 1703949515129
913 1703949515170
914 1703949515209
915 1703949515249
916 1703949515289
917 1703949515330
918 1703949515369
919 1703949515409
920 1703949515449
921 1703949515487
922 1703949515531
923 1703949515572
924 1703949515613
925 1703949515654
926 1703949515694
927 1703949515734
928 1703949515775
929 1703949515814
930 1703949515854
931 1703949515894
932 1703949515932
933 1703949515972
934 1703949516013
935 1703949516053
936 1703949516098
937 1703949516138
938 1703949516178
939 1703949516218
940 1703949516258
941 1703949516298
942 1703949516338
943 1703949516378
944 1703949516418
945 1703949516458
946 1703949516497
947 1703949516538
948 1703949516578
949 1703949516618
950 1703949516662
951 1703949516702
952 1703949516741
953 1703949516780
954 1703949516820
955 1703949516861
956 1703949516900
957 1703949516941
958 1703949516981
959 1703949517020
960 1703949517060
961 1703949517100
962 1703949517140
963 1703949517185
964 1703949517224
965 1703949517265
966 1703949517304
967 1703949517345
968 1703949517385
969 1703949517426
970 1703949517465
971 1703949517505
972 1703949517545
973 1703949517586
974 1703949517625
975 1703949517665
976 1703949517706
977 1703949517749
978 1703949517790
979 1703949517829
980 1703949517869
981 1703949517911
982 1703949517949
983 1703949517990
984 1703949518029
985 1703949518069
986 1703949518109
987 1703949518149
988 1703949518189
989 1703949518230
990 1703949518269
991 1703949518313
992 1703949518353
993 1703949518394
994 1703949518433
995 1703949518472
996 1703949518512
997 1703949518553
998 1703949518594
999 1703949518634
1000 1703949518674
1001 1703949518715
1002 1703949518754
1003 1703949518794
1004 1703949518835
1005 1703949518878
1006 1703949518918
1007 1703949518958
1008 1703949518998
1009 1703949519038
1010 1703949519078
1011 1703949519118
1012 1703949519158
1013 1703949519198
1014 1703949519238
1015 1703949519278
1016 1703949519318
1017 1703949519358
1018 1703949519398
1019 1703949519442
1020 1703949519482
1021 1703949519522
1022 1703949519562
1023 1703949519602
1024 1703949519642
1025 1703949519682
1026 1703949519722
1027 1703949519760
1028 1703949519800
1029 1703949519841
1030 1703949519882
1031 1703949519922
1032 1703949519966
1033 1703949520006
1034 1703949520046
1035 1703949520086
1036 1703949520126
1037 1703949520166
1038 1703949520206
1039 1703949520246
1040 1703949520285
1041 1703949520325
1042 1703949520364
1043 1703949520405
1044 1703949520444
1045 1703949520485
1046 1703949520530
1047 1703949520570
1048 1703949520610
1049 1703949520648
1050 1703949520688
1051 1703949520729
1052 1703949520768
1053 1703949520809
1054 1703949520849
1055 1703949520890
1056 1703949520930
1057 1703949520970
1058 1703949521008
1059 1703949521048
1060 1703949521092
1061 1703949521133
1062 1703949521172
1063 1703949521213
1064 1703949521253
1065 1703949521293
1066 1703949521333
1067 1703949521372
1068 1703949521412
1069 1703949521453
1070 1703949521493
1071 1703949521533
1072 1703949521572
1073 1703949521613
1074 1703949521656
1075 1703949521697
1076 1703949521736
1077 1703949521776
1078 1703949521817
1079 1703949521857
1080 1703949521896
1081 1703949521937
1082 1703949521977
1083 1703949522016
1084 1703949522056
1085 1703949522096
1086 1703949522137
1087 1703949522177
1088 1703949522220
1089 1703949522260
1090 1703949522300
1091 1703949522341
1092 1703949522381
1093 1703949522421
1094 1703949522461
1095 1703949522501
1096 1703949522540
1097 1703949522581
1098 1703949522621
1099 1703949522661
1100 1703949522700
1101 1703949522744
1102 1703949522785
1103 1703949522826
1104 1703949522865
1105 1703949522906
1106 1703949522945
1107 1703949522985
1108 1703949523026
1109 1703949523065
1110 1703949523105
1111 1703949523146
1112 1703949523186
1113 1703949523226
1114 1703949523265
1115 1703949523310
1116 1703949523350
1117 1703949523389
1118 1703949523430
1119 1703949523469
1120 1703949523510
1121 1703949523550
1122 1703949523589
1123 1703949523629
1124 1703949523670
1125 1703949523709
1126 1703949523749
1127 1703949523790
1128 1703949523830
1129 1703949523874
1130 1703949523913
1131 1703949523954
1132 1703949523993
1133 1703949524033
1134 1703949524074
1135 1703949524113
1136 1703949524154
1137 1703949524194
1138 1703949524233
1139 1703949524274
1140 1703949524313
1141 1703949524354
1142 1703949524393
1143 1703949524438
1144 1703949524477
1145 1703949524517
1146 1703949524557
1147 1703949524598
1148 1703949524638
1149 1703949524677
1150 1703949524718
1151 1703949524758
1152 1703949524798
1153 1703949524837
1154 1703949524877
1155 1703949524918
1156 1703949524958
1157 1703949525001
1158 1703949525042
1159 1703949525082
1160 1703949525123
1161 1703949525162
1162 1703949525201
1163 1703949525241
1164 1703949525281
1165 1703949525320
1166 1703949525362
1167 1703949525403
1168 1703949525443
1169 1703949525482
1170 1703949525526
1171 1703949525566
1172 1703949525606
1173 1703949525647
1174 1703949525686
1175 1703949525726
1176 1703949525766
1177 1703949525806
1178 1703949525846
1179 1703949525886
1180 1703949525926
1181 1703949525966
1182 1703949526006
1183 1703949526046
1184 1703949526090
1185 1703949526130
1186 1703949526170
1187 1703949526210
1188 1703949526250
1189 1703949526291
1190 1703949526330
1191 1703949526371
1192 1703949526411
1193 1703949526450
1194 1703949526490
1195 1703949526530
1196 1703949526570
1197 1703949526610
1198 1703949526654
1199 1703949526695
1200 1703949526734
1201 1703949526774
1202 1703949526814
1203 1703949526853
1204 1703949526892
1205 1703949526933
1206 1703949526972
1207 1703949527012
1208 1703949527053
1209 1703949527093
1210 1703949527133
1211 1703949527173
1212 1703949527217
1213 1703949527257
1214 1703949527296
1215 1703949527338
1216 1703949527378
1217 1703949527417
1218 1703949527456
1219 1703949527496
1220 1703949527537
1221 1703949527577
1222 1703949527617
1223 1703949527658
1224 1703949527697
1225 1703949527738
1226 1703949527781
1227 1703949527821
1228 1703949527861
1229 1703949527901
1230 1703949527942
1231 1703949527981
1232 1703949528021
1233 1703949528061
1234 1703949528101
1235 1703949528142
1236 1703949528181
1237 1703949528221
1238 1703949528262
1239 1703949528306
1240 1703949528347
1241 1703949528386
1242 1703949528426
1243 1703949528466
1244 1703949528506
1245 1703949528546
1246 1703949528585
1247 1703949528625
1248 1703949528665
1249 1703949528705
1250 1703949528745
1251 1703949528785
1252 1703949528825
1253 1703949528869
1254 1703949528909
1255 1703949528949
1256 1703949528989
1257 1703949529029
1258 1703949529069
1259 1703949529109
1260 1703949529149
1261 1703949529189
1262 1703949529228
1263 1703949529268
1264 1703949529308
1265 1703949529349
1266 1703949529388
1267 1703949529434
1268 1703949529473
1269 1703949529511
1270 1703949529552
1271 1703949529594
1272 1703949529633
1273 1703949529672
1274 1703949529712
1275 1703949529752
1276 1703949529793
1277 1703949529832
1278 1703949529872
1279 1703949529913
1280 1703949529954
1281 1703949529996
1282 1703949530037
1283 1703949530078
1284 1703949530117
1285 1703949530157
1286 1703949530197
1287 1703949530236
1288 1703949530277
1289 1703949530317
1290 1703949530357
1291 1703949530396
1292 1703949530436
1293 1703949530475
1294 1703949530516
1295 1703949530562
1296 1703949530602
1297 1703949530640
1298 1703949530679
1299 1703949530720
1300 1703949530762
1301 1703949530800
1302 1703949530840
1303 1703949530880
1304 1703949530922
1305 1703949530960
1306 1703949531000
1307 1703949531041
1308 1703949531086
1309 1703949531125
1310 1703949531165
1311 1703949531205
1312 1703949531244
1313 1703949531285
1314 1703949531326
1315 1703949531365
1316 1703949531405
1317 1703949531444
1318 1703949531484
1319 1703949531525
1320 1703949531565
1321 1703949531604
1322 1703949531648
1323 1703949531688
1324 1703949531728
1325 1703949531769
1326 1703949531809
1327 1703949531849
1328 1703949531888
1329 1703949531931
1330 1703949531969
1331 1703949532008
1332 1703949532048
1333 1703949532090
1334 1703949532131
1335 1703949532168
1336 1703949532212
1337 1703949532254
1338 1703949532294
1339 1703949532334
1340 1703949532375
1341 1703949532414
1342 1703949532454
1343 1703949532492
1344 1703949532532
1345 1703949532572
1346 1703949532612
1347 1703949532653
1348 1703949532692
1349 1703949532733
1350 1703949532777
1351 1703949532818
1352 1703949532858
1353 1703949532897
1354 1703949532938
1355 1703949532978
1356 1703949533018
1357 1703949533058
1358 1703949533098
1359 1703949533138
1360 1703949533178
1361 1703949533218
1362 1703949533259
1363 1703949533298
1364 1703949533341
1365 1703949533381
1366 1703949533421
1367 1703949533461
1368 1703949533501
1369 1703949533541
1370 1703949533582
1371 1703949533622
1372 1703949533662
1373 1703949533702
1374 1703949533742
1375 1703949533782
1376 1703949533822
1377 1703949533866
1378 1703949533906
1379 1703949533946
1380 1703949533985
1381 1703949534026
1382 1703949534065
1383 1703949534105
1384 1703949534145
1385 1703949534185
1386 1703949534226
1387 1703949534265
1388 1703949534305
1389 1703949534345
1390 1703949534385
1391 1703949534428
1392 1703949534470
1393 1703949534510
1394 1703949534550
1395 1703949534589
1396 1703949534628
1397 1703949534669
1398 1703949534710
1399 1703949534749
1400 1703949534790
1401 1703949534829
1402 1703949534870
1403 1703949534912
1404 1703949534950
1405 1703949534994
1406 1703949535035
1407 1703949535073
1408 1703949535112
1409 1703949535152
1410 1703949535193
1411 1703949535233
1412 1703949535273
1413 1703949535313
1414 1703949535353
1415 1703949535393
1416 1703949535433
1417 1703949535474
1418 1703949535513
1419 1703949535558
1420 1703949535598
1421 1703949535637
1422 1703949535677
1423 1703949535717
1424 1703949535757
1425 1703949535797
1426 1703949535837
1427 1703949535877
1428 1703949535917
1429 1703949535957
1430 1703949535997
1431 1703949536037
1432 1703949536077
1433 1703949536121
1434 1703949536161
1435 1703949536201
1436 1703949536241
1437 1703949536281
1438 1703949536321
1439 1703949536361
1440 1703949536401
1441 1703949536441
1442 1703949536481
1443 1703949536520
1444 1703949536561
1445 1703949536601
1446 1703949536645
1447 1703949536686
1448 1703949536726
1449 1703949536766
1450 1703949536806
1451 1703949536845
1452 1703949536886
1453 1703949536925
1454 1703949536965
1455 1703949537006
1456 1703949537045
1457 1703949537086
1458 1703949537125
1459 1703949537165
1460 1703949537209
1461 1703949537250
1462 1703949537290
1463 1703949537329
1464 1703949537369
1465 1703949537410
1466 1703949537450
1467 1703949537489
1468 1703949537529
1469 1703949537571
1470 1703949537609
1471 1703949537650
1472 1703949537690
1473 1703949537730
1474 1703949537774
1475 1703949537814
1476 1703949537854
1477 1703949537893
1478 1703949537933
1479 1703949537974
1480 1703949538014
1481 1703949538054
1482 1703949538093
1483 1703949538133
1484 1703949538174
1485 1703949538214
1486 1703949538254
1487 1703949538293
1488 1703949538337
1489 1703949538377
1490 1703949538418
1491 1703949538457
1492 1703949538498
1493 1703949538538
1494 1703949538577
1495 1703949538617
1496 1703949538658
1497 1703949538698
1498 1703949538737
1499 1703949538777
1500 1703949538817
1501 1703949538858
1502 1703949538902
1503 1703949538942
1504 1703949538981
1505 1703949539022
1506 1703949539062
1507 1703949539101
1508 1703949539141
1509 1703949539182
1510 1703949539222
1511 1703949539261
1512 1703949539301
1513 1703949539342
1514 1703949539382
1515 1703949539425
1516 1703949539466
1517 1703949539506
1518 1703949539547
1519 1703949539585
1520 1703949539624
1521 1703949539664
1522 1703949539706
1523 1703949539745
1524 1703949539785
1525 1703949539826
1526 1703949539865
1527 1703949539905
1528 1703949539945
1529 1703949539990
1530 1703949540031
1531 1703949540069
1532 1703949540109
1533 1703949540149
1534 1703949540189
1535 1703949540231
1536 1703949540271
1537 1703949540310
1538 1703949540350
1539 1703949540389
1540 1703949540428
1541 1703949540469
1542 1703949540510
1543 1703949540558
1544 1703949540593
1545 1703949540633
1546 1703949540674
1547 1703949540715
1548 1703949540753
1549 1703949540793
1550 1703949540835
1551 1703949540875
1552 1703949540915
1553 1703949540954
1554 1703949540994
1555 1703949541035
1556 1703949541075
1557 1703949541116
1558 1703949541157
1559 1703949541198
1560 1703949541238
1561 1703949541278
1562 1703949541318
1563 1703949541358
1564 1703949541397
1565 1703949541437
1566 1703949541477
1567 1703949541518
1568 1703949541558
1569 1703949541597
1570 1703949541637
1571 1703949541682
1572 1703949541722
1573 1703949541761
1574 1703949541802
1575 1703949541841
1576 1703949541882
1577 1703949541922
1578 1703949541962
1579 1703949542003
1580 1703949542042
1581 1703949542082
1582 1703949542123
1583 1703949542163
1584 1703949542207
1585 1703949542244
1586 1703949542284
1587 1703949542325
1588 1703949542367
1589 1703949542405
1590 1703949542445
1591 1703949542486
1592 1703949542526
1593 1703949542565
1594 1703949542606
1595 1703949542646
1596 1703949542686
1597 1703949542726
1598 1703949542770
1599 1703949542810
1600 1703949542850
1601 1703949542889
1602 1703949542929
1603 1703949542970
1604 1703949543009
1605 1703949543049
1606 1703949543089
1607 1703949543131
1608 1703949543171
1609 1703949543209
1610 1703949543249
1611 1703949543289
1612 1703949543335
1613 1703949543374
1614 1703949543412
1615 1703949543452
1616 1703949543493
1617 1703949543533
1618 1703949543573
1619 1703949543614
1620 1703949543653
1621 1703949543693
1622 1703949543733
1623 1703949543773
1624 1703949543813
1625 1703949543853
1626 1703949543899
1627 1703949543937
1628 1703949543978
1629 1703949544017
1630 1703949544057
1631 1703949544097
1632 1703949544137
1633 1703949544177
1634 1703949544217
1635 1703949544257
1636 1703949544297
1637 1703949544337
1638 1703949544377
1639 1703949544418
1640 1703949544460
1641 1703949544501
1642 1703949544543
1643 1703949544583
1644 1703949544621
1645 1703949544660
1646 1703949544702
1647 1703949544743
1648 1703949544783
1649 1703949544821
1650 1703949544860
1651 1703949544901
1652 1703949544943
1653 1703949544986
1654 1703949545026
1655 1703949545066
1656 1703949545106
1657 1703949545146
1658 1703949545186
1659 1703949545226
1660 1703949545266
1661 1703949545306
1662 1703949545346
1663 1703949545386
1664 1703949545426
1665 1703949545466
1666 1703949545506
1667 1703949545550
1668 1703949545590
1669 1703949545630
1670 1703949545670
1671 1703949545710
1672 1703949545750
1673 1703949545790
1674 1703949545830
1675 1703949545870
1676 1703949545910
1677 1703949545950
1678 1703949545990
1679 1703949546030
1680 1703949546070
1681 1703949546114
1682 1703949546154
1683 1703949546194
1684 1703949546234
1685 1703949546274
1686 1703949546314
1687 1703949546355
1688 1703949546395
1689 1703949546435
1690 1703949546475
1691 1703949546515
1692 1703949546555
1693 1703949546595
1694 1703949546635
1695 1703949546679
1696 1703949546719
1697 1703949546757
1698 1703949546797
1699 1703949546839
1700 1703949546879
1701 1703949546919
1702 1703949546959
1703 1703949546999
1704 1703949547039
1705 1703949547079
1706 1703949547119
1707 1703949547159
1708 1703949547199
1709 1703949547241
1710 1703949547281
1711 1703949547322
1712 1703949547361
1713 1703949547402
1714 1703949547441
1715 1703949547483
1716 1703949547523
1717 1703949547563
1718 1703949547602
1719 1703949547642
1720 1703949547683
1721 1703949547722
1722 1703949547766
1723 1703949547806
1724 1703949547846
1725 1703949547886
1726 1703949547926
1727 1703949547966
1728 1703949548007
1729 1703949548046
1730 1703949548086
1731 1703949548126
1732 1703949548166
1733 1703949548206
1734 1703949548246
1735 1703949548286
1736 1703949548331
1737 1703949548371
1738 1703949548410
1739 1703949548450
1740 1703949548490
1741 1703949548530
1742 1703949548571
1743 1703949548612
1744 1703949548648
1745 1703949548688
1746 1703949548728
1747 1703949548768
1748 1703949548808
1749 1703949548848
1750 1703949548892
1751 1703949548932
1752 1703949548972
1753 1703949549012
1754 1703949549052
1755 1703949549092
1756 1703949549136
1757 1703949549172
1758 1703949549212
1759 1703949549252
1760 1703949549292
1761 1703949549332
1762 1703949549372
1763 1703949549412
1764 1703949549456
1765 1703949549496
1766 1703949549536
1767 1703949549576
1768 1703949549616
1769 1703949549657
1770 1703949549696
1771 1703949549736
1772 1703949549776
1773 1703949549816
1774 1703949549856
1775 1703949549896
1776 1703949549936
1777 1703949549976
1778 1703949550020
1779 1703949550060
1780 1703949550100
1781 1703949550140
1782 1703949550180
1783 1703949550220
1784 1703949550260
1785 1703949550300
1786 1703949550340
1787 1703949550380
1788 1703949550420
1789 1703949550460
1790 1703949550500
1791 1703949550544
1792 1703949550584
1793 1703949550624
1794 1703949550664
1795 1703949550704
1796 1703949550744
1797 1703949550784
1798 1703949550824
1799 1703949550864
1800 1703949550904
1801 1703949550944
1802 1703949550984
1803 1703949551024
1804 1703949551064
1805 1703949551108
1806 1703949551148
1807 1703949551188
1808 1703949551228
1809 1703949551270
1810 1703949551309
1811 1703949551349
1812 1703949551389
1813 1703949551429
1814 1703949551470
1815 1703949551509
1816 1703949551550
1817 1703949551591
1818 1703949551629
1819 1703949551672
1820 1703949551712
1821 1703949551752
1822 1703949551792
1823 1703949551832
1824 1703949551872
1825 1703949551913
1826 1703949551954
1827 1703949551994
1828 1703949552034
1829 1703949552074
1830 1703949552114
1831 1703949552154
1832 1703949552194
1833 1703949552238
1834 1703949552278
1835 1703949552318
1836 1703949552358
1837 1703949552398
1838 1703949552438
1839 1703949552478
1840 1703949552518
1841 1703949552558
1842 1703949552598
1843 1703949552638
1844 1703949552678
1845 1703949552719
1846 1703949552758
1847 1703949552802
1848 1703949552842
1849 1703949552882
1850 1703949552922
1851 1703949552962
1852 1703949553002
1853 1703949553042
1854 1703949553082
1855 1703949553122
1856 1703949553162
1857 1703949553203
1858 1703949553242
1859 1703949553282
1860 1703949553326
1861 1703949553366
1862 1703949553406
1863 1703949553446
1864 1703949553486
1865 1703949553526
1866 1703949553567
1867 1703949553606
1868 1703949553646
1869 1703949553686
1870 1703949553726
1871 1703949553766
1872 1703949553806
1873 1703949553847
1874 1703949553890
1875 1703949553930
1876 1703949553970
1877 1703949554010
1878 1703949554050
1879 1703949554090
1880 1703949554130
1881 1703949554170
1882 1703949554210
1883 1703949554250
1884 1703949554290
1885 1703949554331
1886 1703949554370
1887 1703949554410
1888 1703949554454
1889 1703949554495
1890 1703949554534
1891 1703949554574
1892 1703949554614
1893 1703949554654
1894 1703949554694
1895 1703949554734
1896 1703949554774
1897 1703949554814
1898 1703949554854
1899 1703949554894
1900 1703949554934
1901 1703949554974
1902 1703949555018
1903 1703949555058
1904 1703949555098
1905 1703949555136
1906 1703949555176
1907 1703949555216
1908 1703949555256
1909 1703949555296
1910 1703949555336
1911 1703949555377
1912 1703949555420
1913 1703949555459
1914 1703949555497
1915 1703949555537
1916 1703949555581
1917 1703949555622
1918 1703949555662
1919 1703949555702
1920 1703949555742
1921 1703949555783
1922 1703949555822
1923 1703949555861
1924 1703949555901
1925 1703949555943
1926 1703949555983
1927 1703949556024
1928 1703949556063
1929 1703949556107
1930 1703949556147
1931 1703949556187
1932 1703949556227
1933 1703949556267
1934 1703949556307
1935 1703949556347
1936 1703949556387
1937 1703949556427
1938 1703949556468
1939 1703949556505
1940 1703949556545
1941 1703949556585
1942 1703949556625
1943 1703949556670
1944 1703949556710
1945 1703949556751
1946 1703949556791
1947 1703949556830
1948 1703949556871
1949 1703949556911
1950 1703949556951
1951 1703949556991
1952 1703949557031
1953 1703949557071
1954 1703949557110
1955 1703949557150
1956 1703949557191
1957 1703949557236
1958 1703949557275
1959 1703949557315
1960 1703949557356
1961 1703949557395
1962 1703949557435
1963 1703949557475
1964 1703949557516
1965 1703949557555
1966 1703949557595
1967 1703949557635
1968 1703949557673
1969 1703949557713
1970 1703949557755
1971 1703949557800
1972 1703949557839
1973 1703949557879
1974 1703949557919
1975 1703949557957
1976 1703949557998
1977 1703949558039
1978 1703949558079
1979 1703949558118
1980 1703949558158
1981 1703949558199
1982 1703949558239
1983 1703949558279
1984 1703949558318
1985 1703949558363
1986 1703949558403
1987 1703949558443
1988 1703949558482
1989 1703949558523
1990 1703949558564
1991 1703949558604
1992 1703949558642
1993 1703949558683
1994 1703949558722
1995 1703949558762
1996 1703949558803
1997 1703949558843
1998 1703949558887
1999 1703949558927
2000 1703949558966
2001 1703949559007
2002 1703949559047
2003 1703949559088
2004 1703949559126
2005 1703949559167
2006 1703949559207
2007 1703949559247
2008 1703949559287
2009 1703949559327
2010 1703949559366
2011 1703949559406
2012 1703949559451
2013 1703949559491
2014 1703949559531
2015 1703949559571
2016 1703949559611
2017 1703949559651
2018 1703949559691
2019 1703949559730
2020 1703949559771
2021 1703949559810
2022 1703949559851
2023 1703949559890
2024 1703949559930
2025 1703949559971
2026 1703949560015
2027 1703949560055
2028 1703949560094
2029 1703949560135
2030 1703949560175
2031 1703949560215
2032 1703949560255
2033 1703949560295
2034 1703949560335
2035 1703949560374
2036 1703949560414
2037 1703949560455
2038 1703949560495
2039 1703949560534
2040 1703949560579
2041 1703949560619
2042 1703949560659
2043 1703949560698
2044 1703949560738
2045 1703949560777
2046 1703949560817
2047 1703949560857
2048 1703949560897
2049 1703949560939
2050 1703949560979
2051 1703949561022
2052 1703949561060
2053 1703949561099
2054 1703949561142
2055 1703949561182
2056 1703949561222
2057 1703949561262
2058 1703949561303
2059 1703949561342
2060 1703949561382
2061 1703949561421
2062 1703949561462
2063 1703949561503
2064 1703949561542
2065 1703949561583
2066 1703949561622
2067 1703949561665
2068 1703949561706
2069 1703949561746
2070 1703949561785
2071 1703949561825
2072 1703949561865
2073 1703949561906
2074 1703949561946
2075 1703949561986
2076 1703949562026
2077 1703949562066
2078 1703949562106
2079 1703949562147
2080 1703949562186
2081 1703949562230
2082 1703949562270
2083 1703949562310
2084 1703949562350
2085 1703949562390
2086 1703949562430
2087 1703949562470
2088 1703949562510
2089 1703949562549
2090 1703949562590
2091 1703949562630
2092 1703949562670
2093 1703949562710
2094 1703949562750
2095 1703949562794
2096 1703949562834
2097 1703949562874
2098 1703949562914
2099 1703949562954
2100 1703949562994
2101 1703949563034
2102 1703949563074
2103 1703949563114
2104 1703949563154
2105 1703949563193
2106 1703949563233
2107 1703949563273
2108 1703949563313
2109 1703949563359
2110 1703949563398
2111 1703949563437
2112 1703949563478
2113 1703949563519
2114 1703949563558
2115 1703949563599
2116 1703949563638
2117 1703949563677
2118 1703949563717
2119 1703949563759
2120 1703949563800
2121 1703949563838
2122 1703949563877
2123 1703949563922
2124 1703949563963
2125 1703949564002
2126 1703949564042
2127 1703949564082
2128 1703949564123
2129 1703949564162
2130 1703949564202
2131 1703949564243
2132 1703949564283
2133 1703949564322
2134 1703949564362
2135 1703949564402
2136 1703949564447
2137 1703949564487
2138 1703949564526
2139 1703949564567
2140 1703949564607
2141 1703949564646
2142 1703949564686
2143 1703949564726
2144 1703949564767
2145 1703949564807
2146 1703949564846
2147 1703949564886
2148 1703949564926
2149 1703949564966
2150 1703949565010
2151 1703949565050
2152 1703949565090
2153 1703949565131
2154 1703949565170
2155 1703949565211
2156 1703949565251
2157 1703949565290
2158 1703949565331
2159 1703949565370
2160 1703949565410
2161 1703949565451
2162 1703949565489
2163 1703949565529
2164 1703949565573
2165 1703949565614
2166 1703949565656
2167 1703949565695
2168 1703949565736
2169 1703949565773
2170 1703949565814
2171 1703949565855
2172 1703949565896
2173 1703949565935
2174 1703949565976
2175 1703949566015
2176 1703949566055
2177 1703949566095
2178 1703949566139
2179 1703949566179
2180 1703949566219
2181 1703949566259
2182 1703949566298
2183 1703949566338
2184 1703949566378
2185 1703949566418
2186 1703949566460
2187 1703949566499
2188 1703949566539
2189 1703949566578
2190 1703949566618
2191 1703949566658
2192 1703949566702
2193 1703949566742
2194 1703949566782
2195 1703949566823
2196 1703949566863
2197 1703949566903
2198 1703949566942
2199 1703949566983
2200 1703949567023
2201 1703949567062
2202 1703949567103
2203 1703949567142
2204 1703949567183
2205 1703949567227
2206 1703949567266
2207 1703949567306
2208 1703949567347
2209 1703949567386
2210 1703949567427
2211 1703949567466
2212 1703949567506
2213 1703949567546
2214 1703949567587
2215 1703949567627
2216 1703949567667
2217 1703949567707
2218 1703949567747
2219 1703949567791
2220 1703949567831
2221 1703949567871
2222 1703949567910
2223 1703949567950
2224 1703949567990
2225 1703949568030
2226 1703949568070
2227 1703949568111
2228 1703949568151
2229 1703949568191
2230 1703949568231
2231 1703949568271
2232 1703949568311
2233 1703949568355
2234 1703949568396
2235 1703949568435
2236 1703949568475
2237 1703949568515
2238 1703949568555
2239 1703949568596
2240 1703949568635
2241 1703949568675
2242 1703949568715
2243 1703949568755
2244 1703949568795
2245 1703949568835
2246 1703949568875
2247 1703949568919
2248 1703949568959
2249 1703949568999
2250 1703949569039
2251 1703949569079
2252 1703949569119
2253 1703949569159
2254 1703949569200
2255 1703949569239
2256 1703949569279
2257 1703949569319
2258 1703949569358
2259 1703949569398
2260 1703949569438
2261 1703949569483
2262 1703949569522
2263 1703949569562
2264 1703949569602
2265 1703949569643
2266 1703949569683
2267 1703949569723
2268 1703949569762
2269 1703949569803
2270 1703949569843
2271 1703949569883
2272 1703949569923
2273 1703949569962
2274 1703949570006
2275 1703949570047
2276 1703949570086
2277 1703949570126
2278 1703949570166
2279 1703949570206
2280 1703949570246
2281 1703949570286
2282 1703949570327
2283 1703949570367
2284 1703949570406
2285 1703949570447
2286 1703949570487
2287 1703949570528
2288 1703949570572
2289 1703949570609
2290 1703949570649
2291 1703949570689
2292 1703949570729
2293 1703949570771
2294 1703949570810
2295 1703949570851
2296 1703949570891
2297 1703949570932
2298 1703949570969
2299 1703949571010
2300 1703949571051
2301 1703949571091
2302 1703949571135
2303 1703949571174
2304 1703949571215
2305 1703949571255
2306 1703949571295
2307 1703949571334
2308 1703949571374
2309 1703949571415
2310 1703949571454
2311 1703949571494
2312 1703949571535
2313 1703949571575
2314 1703949571614
2315 1703949571653
2316 1703949571698
2317 1703949571740
2318 1703949571780
2319 1703949571818
2320 1703949571857
2321 1703949571898
2322 1703949571938
2323 1703949571978
2324 1703949572019
2325 1703949572060
2326 1703949572099
2327 1703949572137
2328 1703949572180
2329 1703949572220
2330 1703949572263
2331 1703949572303
2332 1703949572343
2333 1703949572383
2334 1703949572425
2335 1703949572464
2336 1703949572504
2337 1703949572544
2338 1703949572581
2339 1703949572621
2340 1703949572662
2341 1703949572703
2342 1703949572742
2343 1703949572788
2344 1703949572828
2345 1703949572869
2346 1703949572907
2347 1703949572945
2348 1703949572988
2349 1703949573028
2350 1703949573069
2351 1703949573106
2352 1703949573146
2353 1703949573188
2354 1703949573226
2355 1703949573266
2356 1703949573306
2357 1703949573350
2358 1703949573390
2359 1703949573430
2360 1703949573470
2361 1703949573510
2362 1703949573551
2363 1703949573589
2364 1703949573629
2365 1703949573670
2366 1703949573709
2367 1703949573749
2368 1703949573790
2369 1703949573832
2370 1703949573876
2371 1703949573916
2372 1703949573953
2373 1703949573993
2374 1703949574034
2375 1703949574073
2376 1703949574113
2377 1703949574153
2378 1703949574193
2379 1703949574234
2380 1703949574273
2381 1703949574313
2382 1703949574353
2383 1703949574393
2384 1703949574434
2385 1703949574477
2386 1703949574520
2387 1703949574558
2388 1703949574598
