1 1703947658778 1 101 5.076488 1 102 5.123406
2 1703947659023 2 101 4.996728 2 102 5.193782
3 1703947659738 3 101 5.132790 3 102 5.034263
4 1703947659986 1 101 5.071796 1 102 5.118714
5 1703947660230 2 101 5.010804 2 102 5.146865
6 1703947660474 3 101 5.142173 3 102 4.992037
7 1703947660724 1 101 5.095255 1 102 5.095255
8 1703947660974 2 101 5.001420 2 102 5.165632
9 1703947661222 3 101 5.137481 3 102 5.020187
10 1703947661470 1 101 5.090564 1 102 5.128098
11 1703947661718 2 101 4.987345 2 102 5.123406
12 1703947661965 3 101 5.165632 3 102 5.001420
13 1703947662212 1 101 5.090564 1 102 5.137481
14 1703947662457 2 101 5.006112 2 102 5.132790
15 1703947662704 3 101 5.085872 3 102 5.020187
16 1703947662950 1 101 5.104639 1 102 5.142173
17 1703947663194 2 101 4.982653 2 102 5.156249
18 1703947663438 3 101 5.114023 3 102 4.996728
19 1703947663685 1 101 5.090564 1 102 5.137481
20 1703947663930 2 101 4.987345 2 102 5.151556
21 1703947664178 3 101 5.128098 3 102 5.020187
22 1703947664424 1 101 5.109331 1 102 5.132790
23 1703947664675 2 101 4.973269 2 102 5.165632
24 1703947664926 3 101 5.160940 3 102 5.029571
25 1703947665177 1 101 5.057721 1 102 5.137481
26 1703947665421 2 101 4.977962 2 102 5.160940
27 1703947665667 3 101 5.160940 3 102 5.020187
28 1703947665917 1 101 5.076488 1 102 5.142173
29 1703947666165 2 101 4.992037 2 102 5.151556
30 1703947666412 3 101 5.132790 3 102 5.015495
31 1703947666659 1 101 5.085872 1 102 5.114023
32 1703947666902 2 101 5.001420 2 102 5.170324
33 1703947667147 3 101 5.156249 3 102 5.015495
34 1703947667393 1 101 5.095255 1 102 5.156249
35 1703947667641 2 101 5.034263 2 102 5.170324
36 1703947667885 3 101 5.142173 3 102 5.015495
37 1703947668131 1 101 5.095255 1 102 5.099947
38 1703947668375 2 101 5.006112 2 102 5.175015
39 1703947668621 3 101 5.104639 3 102 5.010804
40 1703947668865 1 101 5.109331 1 102 5.118714
41 1703947669113 2 101 4.987345 2 102 5.146865
42 1703947669357 3 101 5.160940 3 102 5.010804
43 1703947669603 1 101 5.104639 1 102 5.114023
44 1703947669847 2 101 5.015495 2 102 5.151556
45 1703947670097 3 101 5.160940 3 102 5.001420
46 1703947670342 1 101 5.090564 1 102 5.128098
47 1703947670587 2 101 4.996728 2 102 5.142173
48 1703947670834 3 101 5.114023 3 102 5.001420
49 1703947671078 1 101 5.095255 1 102 5.137481
50 1703947671322 2 101 4.968578 2 102 5.151556
51 1703947671570 3 101 5.128098 3 102 5.034263
52 1703947671813 1 101 5.095255 1 102 5.118714
53 1703947672059 2 101 4.987345 2 102 5.142173
54 1703947672303 3 101 5.123406 3 102 5.010804
55 1703947672548 1 101 5.104639 1 102 5.123406
56 1703947672792 2 101 5.001420 2 102 5.128098
57 1703947673035 3 101 5.128098 3 102 5.024879
58 1703947673281 1 101 5.095255 1 102 5.114023
59 1703947673534 2 101 5.001420 2 102 5.156249
60 1703947673779 3 101 5.137481 3 102 5.029571
61 1703947674027 1 101 5.085872 1 102 5.114023
62 1703947674275 2 101 4.973269 2 102 5.175015
63 1703947674522 3 101 5.114023 3 102 5.015495
64 1703947674770 1 101 5.109331 1 102 5.137481
65 1703947675018 2 101 5.015495 2 102 5.146865
66 1703947675266 3 101 5.132790 3 102 5.006112
67 1703947675527 1 101 5.095255 1 102 5.104639
68 1703947675771 2 101 5.010804 2 102 5.151556
69 1703947676017 3 101 5.142173 3 102 5.020187
70 1703947676269 1 101 5.104639 1 102 5.132790
71 1703947676514 2 101 4.996728 2 102 5.151556
72 1703947676763 3 101 5.142173 3 102 5.024879
73 1703947677009 1 101 5.109331 1 102 5.142173
74 1703947678367 2 101 4.996728 2 102 5.189091
75 1703947678613 3 101 5.128098 3 102 5.020187
76 1703947678859 1 101 5.085872 1 102 5.104639
77 1703947679108 2 101 5.001420 2 102 5.151556
78 1703947679357 3 101 5.123406 3 102 5.020187
79 1703947679605 1 101 5.095255 1 102 5.114023
80 1703947679854 2 101 4.992037 2 102 5.170324
81 1703947680102 3 101 5.137481 3 102 5.010804
82 1703947680351 1 101 5.076488 1 102 5.137481
83 1703947680598 2 101 4.982653 2 102 5.165632
84 1703947680846 3 101 5.146865 3 102 5.006112
85 1703947681098 1 101 5.109331 1 102 5.109331
86 1703947681347 2 101 4.977962 2 102 5.179707
87 1703947681595 3 101 5.151556 3 102 5.006112
88 1703947681850 1 101 5.099947 1 102 5.104639
89 1703947682096 2 101 5.020187 2 102 5.156249
90 1703947682342 3 101 5.123406 3 102 4.996728
91 1703947682587 1 101 5.128098 1 102 5.128098
92 1703947682836 2 101 4.996728 2 102 5.160940
93 1703947683082 3 101 5.137481 3 102 5.010804
94 1703947683332 1 101 5.104639 1 102 5.123406
95 1703947683579 2 101 5.006112 2 102 5.179707
96 1703947683829 3 101 5.132790 3 102 5.010804
97 1703947684074 1 101 5.085872 1 102 5.128098
98 1703947684320 2 101 4.973269 2 102 5.156249
99 1703947684569 3 101 5.123406 3 102 4.992037
100 1703947684818 1 101 5.118714 1 102 5.095255
101 1703947685063 2 101 4.977962 2 102 5.123406
102 1703947685312 3 101 5.132790 3 102 5.001420
103 1703947685561 1 101 5.118714 1 102 5.142173
104 1703947685805 2 101 5.001420 2 102 5.146865
105 1703947686052 3 101 5.114023 3 102 5.015495
106 1703947686303 1 101 5.085872 1 102 5.128098
107 1703947686547 2 101 4.968578 2 102 5.165632
108 1703947686792 3 101 5.123406 3 102 5.001420
109 1703947687036 1 101 5.099947 1 102 5.128098
110 1703947687280 2 101 5.015495 2 102 5.146865
111 1703947687526 3 101 5.123406 3 102 5.010804
112 1703947687774 1 101 5.090564 1 102 5.128098
113 1703947688017 2 101 4.987345 2 102 5.146865
114 1703947688263 3 101 5.114023 3 102 4.996728
115 1703947688507 1 101 5.099947 1 102 5.142173
116 1703947688753 2 101 5.001420 2 102 5.146865
117 1703947688999 3 101 5.109331 3 102 4.992037
118 1703947689248 1 101 5.128098 1 102 5.142173
119 1703947689491 2 101 4.987345 2 102 5.142173
120 1703947689737 3 101 5.137481 3 102 5.010804
121 1703947689985 1 101 5.104639 1 102 5.156249
122 1703947690227 2 101 4.968578 2 102 5.156249
123 1703947690470 3 101 5.142173 3 102 5.001420
124 1703947690722 1 101 5.085872 1 102 5.146865
125 1703947690970 2 101 4.987345 2 102 5.156249
126 1703947691218 3 101 5.109331 3 102 5.006112
127 1703947691466 1 101 5.104639 1 102 5.123406
128 1703947691718 2 101 4.987345 2 102 5.156249
129 1703947691964 3 101 5.128098 3 102 5.015495
130 1703947692213 1 101 5.123406 1 102 5.099947
131 1703947692461 2 101 5.015495 2 102 5.146865
132 1703947692707 3 101 5.160940 3 102 5.020187
133 1703947692952 1 101 5.114023 1 102 5.156249
134 1703947693200 2 101 4.992037 2 102 5.175015
135 1703947693446 3 101 5.114023 3 102 5.001420
136 1703947693694 1 101 5.071796 1 102 5.137481
137 1703947693938 2 101 4.987345 2 102 5.156249
138 1703947694185 3 101 5.114023 3 102 5.006112
139 1703947694429 1 101 5.085872 1 102 5.137481
140 1703947694673 2 101 4.992037 2 102 5.175015
141 1703947694919 3 101 5.132790 3 102 5.010804
142 1703947695169 1 101 5.109331 1 102 5.114023
143 1703947695416 2 101 5.010804 2 102 5.170324
144 1703947695662 3 101 5.118714 3 102 5.010804
145 1703947695909 1 101 5.095255 1 102 5.142173
146 1703947696162 2 101 4.982653 2 102 5.165632
147 1703947696411 3 101 5.128098 3 102 4.992037
148 1703947696662 1 101 5.109331 1 102 5.132790
149 1703947696909 2 101 4.977962 2 102 5.160940
150 1703947697154 3 101 5.142173 3 102 5.024879
151 1703947697398 1 101 5.076488 1 102 5.151556
152 1703947697644 2 101 5.010804 2 102 5.160940
153 1703947697893 3 101 5.123406 3 102 5.015495
154 1703947698142 1 101 5.123406 1 102 5.128098
155 1703947698387 2 101 4.973269 2 102 5.175015
156 1703947698633 3 101 5.109331 3 102 5.024879
157 1703947698883 1 101 5.095255 1 102 5.128098
158 1703947699133 2 101 4.982653 2 102 5.151556
159 1703947699380 3 101 5.142173 3 102 4.992037
160 1703947699629 1 101 5.076488 1 102 5.090564
161 1703947699874 2 101 5.029571 2 102 5.146865
162 1703947700119 3 101 5.132790 3 102 5.006112
163 1703947700363 1 101 5.114023 1 102 5.123406
164 1703947700609 2 101 4.996728 2 102 5.156249
165 1703947700853 3 101 5.142173 3 102 5.029571
166 1703947701102 1 101 5.099947 1 102 5.118714
167 1703947701348 2 101 4.996728 2 102 5.160940
168 1703947701590 3 101 5.142173 3 102 5.029571
169 1703947701839 1 101 5.090564 1 102 5.123406
170 1703947702089 2 101 4.996728 2 102 5.160940
171 1703947702333 3 101 5.132790 3 102 5.015495
172 1703947702577 1 101 5.090564 1 102 5.165632
173 1703947702820 2 101 4.992037 2 102 5.128098
174 1703947703067 3 101 5.151556 3 102 4.996728
175 1703947703316 1 101 5.081180 1 102 5.123406
176 1703947703565 2 101 5.001420 2 102 5.160940
177 1703947703809 3 101 5.142173 3 102 5.024879
178 1703947704054 1 101 5.076488 1 102 5.114023
179 1703947704305 2 101 4.987345 2 102 5.142173
180 1703947704552 3 101 5.114023 3 102 5.010804
181 1703947704796 1 101 5.099947 1 102 5.160940
182 1703947705043 2 101 5.010804 2 102 5.175015
183 1703947705288 3 101 5.099947 3 102 4.996728
184 1703947705532 1 101 5.081180 1 102 5.142173
185 1703947705776 2 101 4.996728 2 102 5.146865
186 1703947706020 3 101 5.151556 3 102 5.015495