1 1703947659924
2 1703947660004
3 1703947660033
4 1703947660065
5 1703947660093
6 1703947660125
7 1703947660157
8 1703947660193
9 1703947660225
10 1703947660257
11 1703947660297
12 1703947660326
13 1703947660362
14 1703947660394
15 1703947660428
16 1703947660464
17 1703947660493
18 1703947660531
19 1703947660563
20 1703947660595
21 1703947660633
22 1703947660664
23 1703947660726
24 1703947660777
25 1703947660829
26 1703947660869
27 1703947660911
28 1703947660950
29 1703947660978
30 1703947661014
31 1703947661048
32 1703947661081
33 1703947661117
34 1703947661150
35 1703947661186
36 1703947661218
37 1703947661249
38 1703947661285
39 1703947661315
40 1703947661353
41 1703947661385
42 1703947661417
43 1703947661451
44 1703947661481
45 1703947661517
46 1703947661549
47 1703947661581
48 1703947661618
49 1703947661654
50 1703947661686
51 1703947661717
52 1703947661749
53 1703947661784
54 1703947661817
55 1703947661853
56 1703947661885
57 1703947661917
58 1703947661953
59 1703947661985
60 1703947662021
61 1703947662052
62 1703947662084
63 1703947662121
64 1703947662153
65 1703947662190
66 1703947662221
67 1703947662253
68 1703947662289
69 1703947662320
70 1703947662357
71 1703947662388
72 1703947662420
73 1703947662456
74 1703947662489
75 1703947662525
76 1703947662557
77 1703947662589
78 1703947662625
79 1703947662657
80 1703947662693
81 1703947662725
82 1703947662757
83 1703947662794
84 1703947662826
85 1703947662861
86 1703947662893
87 1703947662925
88 1703947662961
89 1703947662994
90 1703947663029
91 1703947663061
92 1703947663093
93 1703947663130
94 1703947663161
95 1703947663198
96 1703947663230
97 1703947663261
98 1703947663297
99 1703947663330
100 1703947663366
101 1703947663399
102 1703947663430
103 1703947663466
104 1703947663497
105 1703947663533
106 1703947663565
107 1703947663598
108 1703947663634
109 1703947663666
110 1703947663702
111 1703947663734
112 1703947663766
113 1703947663802
114 1703947663833
115 1703947663871
116 1703947663903
117 1703947663936
118 1703947663969
119 1703947664001
120 1703947664037
121 1703947664069
122 1703947664101
123 1703947664138
124 1703947664171
125 1703947664207
126 1703947664237
127 1703947664269
128 1703947664305
129 1703947664338
130 1703947664373
131 1703947664405
132 1703947664437
133 1703947664473
134 1703947664505
135 1703947664542
136 1703947664574
137 1703947664606
138 1703947664642
139 1703947664674
140 1703947664711
141 1703947664742
142 1703947664774
143 1703947664810
144 1703947664842
145 1703947664878
146 1703947664910
147 1703947664942
148 1703947664978
149 1703947665010
150 1703947665046
151 1703947665078
152 1703947665110
153 1703947665146
154 1703947665178
155 1703947665214
156 1703947665246
157 1703947665278
158 1703947665314
159 1703947665346
160 1703947665382
161 1703947665414
162 1703947665446
163 1703947665482
164 1703947665514
165 1703947665550
166 1703947665582
167 1703947665614
168 1703947665650
169 1703947665682
170 1703947665717
171 1703947665750
172 1703947665781
173 1703947665818
174 1703947665850
175 1703947665886
176 1703947665918
177 1703947665950
178 1703947665986
179 1703947666018
180 1703947666054
181 1703947666086
182 1703947666118
183 1703947666154
184 1703947666186
185 1703947666222
186 1703947666254
187 1703947666286
188 1703947666322
189 1703947666354
190 1703947666390
191 1703947666422
192 1703947666453
193 1703947666489
194 1703947666521
195 1703947666557
196 1703947666590
197 1703947666622
198 1703947666658
199 1703947666690
200 1703947666726
201 1703947666759
202 1703947666790
203 1703947666826
204 1703947666858
205 1703947666892
206 1703947666924
207 1703947666956
208 1703947666992
209 1703947667025
210 1703947667061
211 1703947667093
212 1703947667125
213 1703947667161
214 1703947667192
215 1703947667229
216 1703947667261
217 1703947667293
218 1703947667329
219 1703947667361
220 1703947667397
221 1703947667429
222 1703947667460
223 1703947667497
224 1703947667529
225 1703947667565
226 1703947667597
227 1703947667628
228 1703947667664
229 1703947667697
230 1703947667733
231 1703947667765
232 1703947667797
233 1703947667832
234 1703947667865
235 1703947667901
236 1703947667933
237 1703947667964
238 1703947668000
239 1703947668033
240 1703947668069
241 1703947668101
242 1703947668133
243 1703947668169
244 1703947668201
245 1703947668237
246 1703947668269
247 1703947668300
248 1703947668337
249 1703947668369
250 1703947668405
251 1703947668437
252 1703947668469
253 1703947668504
254 1703947668536
255 1703947668573
256 1703947668605
257 1703947668637
258 1703947668673
259 1703947668705
260 1703947668741
261 1703947668773
262 1703947668805
263 1703947668841
264 1703947668873
265 1703947668909
266 1703947668949
267 1703947668989
268 1703947669029
269 1703947669069
270 1703947669109
271 1703947669149
272 1703947669189
273 1703947669229
274 1703947669269
275 1703947669309
276 1703947669349
277 1703947669389
278 1703947669430
279 1703947669473
280 1703947669514
281 1703947669555
282 1703947669593
283 1703947669635
284 1703947669674
285 1703947669714
286 1703947669753
287 1703947669794
288 1703947669835
289 1703947669874
290 1703947669913
291 1703947669954
292 1703947669995
293 1703947670039
294 1703947670080
295 1703947670118
296 1703947670158
297 1703947670198
298 1703947670238
299 1703947670279
300 1703947670319
301 1703947670359
302 1703947670398
303 1703947670439
304 1703947670478
305 1703947670519
306 1703947670563
307 1703947670603
308 1703947670643
309 1703947670683
310 1703947670723
311 1703947670762
312 1703947670802
313 1703947670842
314 1703947670883
315 1703947670922
316 1703947670962
317 1703947671001
318 1703947671041
319 1703947671082
320 1703947671125
321 1703947671165
322 1703947671205
323 1703947671246
324 1703947671287
325 1703947671327
326 1703947671365
327 1703947671405
328 1703947671445
329 1703947671485
330 1703947671526
331 1703947671567
332 1703947671607
333 1703947671646
334 1703947671689
335 1703947671730
336 1703947671771
337 1703947671811
338 1703947671849
339 1703947671889
340 1703947671931
341 1703947671969
342 1703947672009
343 1703947672051
344 1703947672090
345 1703947672129
346 1703947672171
347 1703947672209
348 1703947672254
349 1703947672294
350 1703947672334
351 1703947672373
352 1703947672415
353 1703947672454
354 1703947672493
355 1703947672535
356 1703947672580
357 1703947672615
358 1703947672655
359 1703947672695
360 1703947672734
361 1703947672775
362 1703947672818
363 1703947672860
364 1703947672898
365 1703947672938
366 1703947672977
367 1703947673018
368 1703947673059
369 1703947673097
370 1703947673137
371 1703947673178
372 1703947673219
373 1703947673258
374 1703947673297
375 1703947673341
376 1703947673381
377 1703947673421
378 1703947673461
379 1703947673501
380 1703947673541
381 1703947673581
382 1703947673622
383 1703947673663
384 1703947673702
385 1703947673742
386 1703947673781
387 1703947673821
388 1703947673863
389 1703947673906
390 1703947673945
391 1703947673986
392 1703947674027
393 1703947674067
394 1703947674105
395 1703947674146
396 1703947674187
397 1703947674227
398 1703947674266
399 1703947674306
400 1703947674346
401 1703947674387
402 1703947674427
403 1703947674471
404 1703947674511
405 1703947674552
406 1703947674591
407 1703947674631
408 1703947674671
409 1703947674711
410 1703947674751
411 1703947674791
412 1703947674831
413 1703947674871
414 1703947674911
415 1703947674951
416 1703947674991
417 1703947675035
418 1703947675074
419 1703947675115
420 1703947675155
421 1703947675195
422 1703947675235
423 1703947675275
424 1703947675315
425 1703947675355
426 1703947675395
427 1703947675435
428 1703947675475
429 1703947675515
430 1703947675556
431 1703947675599
432 1703947675639
433 1703947675679
434 1703947675719
435 1703947675759
436 1703947675800
437 1703947675840
438 1703947675880
439 1703947675919
440 1703947675960
441 1703947676000
442 1703947676040
443 1703947676080
444 1703947676124
445 1703947676163
446 1703947676204
447 1703947676242
448 1703947676282
449 1703947676322
450 1703947676362
451 1703947676402
452 1703947676444
453 1703947676484
454 1703947676524
455 1703947676564
456 1703947676604
457 1703947676644
458 1703947676686
459 1703947676726
460 1703947676767
461 1703947676807
462 1703947676847
463 1703947676887
464 1703947676927
465 1703947676967
466 1703947677007
467 1703947677047
468 1703947677087
469 1703947677127
470 1703947677167
471 1703947677207
472 1703947677251
473 1703947677291
474 1703947677332
475 1703947677370
476 1703947677410
477 1703947677451
478 1703947677490
479 1703947677531
480 1703947677572
481 1703947677612
482 1703947677651
483 1703947677691
484 1703947677731
485 1703947677771
486 1703947677815
487 1703947677855
488 1703947677895
489 1703947677935
490 1703947677975
491 1703947678015
492 1703947678055
493 1703947678095
494 1703947678135
495 1703947678175
496 1703947678215
497 1703947678255
498 1703947678295
499 1703947678335
500 1703947678380
501 1703947678420
502 1703947678460
503 1703947678500
504 1703947678540
505 1703947678580
506 1703947678620
507 1703947678660
508 1703947678700
509 1703947678741
510 1703947678780
511 1703947678820
512 1703947678861
513 1703947678904
514 1703947678944
515 1703947678984
516 1703947679024
517 1703947679064
518 1703947679104
519 1703947679144
520 1703947679184
521 1703947679224
522 1703947679263
523 1703947679302
524 1703947679343
525 1703947679383
526 1703947679427
527 1703947679475
528 1703947679509
529 1703947679546
530 1703947679586
531 1703947679628
532 1703947679668
533 1703947679708
534 1703947679748
535 1703947679788
536 1703947679828
537 1703947679868
538 1703947679908
539 1703947679948
540 1703947679988
541 1703947680033
542 1703947680070
543 1703947680111
544 1703947680150
545 1703947680190
546 1703947680232
547 1703947680272
548 1703947680311
549 1703947680352
550 1703947680391
551 1703947680431
552 1703947680471
553 1703947680511
554 1703947680551
555 1703947680595
556 1703947680636
557 1703947680675
558 1703947680715
559 1703947680755
560 1703947680795
561 1703947680835
562 1703947680875
563 1703947680915
564 1703947680955
565 1703947680995
566 1703947681035
567 1703947681076
568 1703947681115
569 1703947681159
570 1703947681199
571 1703947681240
572 1703947681280
573 1703947681319
574 1703947681359
575 1703947681399
576 1703947681439
577 1703947681479
578 1703947681519
579 1703947681559
580 1703947681600
581 1703947681639
582 1703947681684
583 1703947681723
584 1703947681764
585 1703947681803
586 1703947681843
587 1703947681884
588 1703947681923
589 1703947681964
590 1703947682003
591 1703947682043
592 1703947682083
593 1703947682123
594 1703947682163
595 1703947682203
596 1703947682247
597 1703947682287
598 1703947682327
599 1703947682367
600 1703947682407
601 1703947682447
602 1703947682488
603 1703947682528
604 1703947682568
605 1703947682607
606 1703947682648
607 1703947682687
608 1703947682728
609 1703947682768
610 1703947682812
611 1703947682851
612 1703947682891
613 1703947682931
614 1703947682972
615 1703947683011
616 1703947683051
617 1703947683091
618 1703947683131
619 1703947683171
620 1703947683212
621 1703947683251
622 1703947683291
623 1703947683331
624 1703947683375
625 1703947683415
626 1703947683455
627 1703947683495
628 1703947683536
629 1703947683575
630 1703947683615
631 1703947683655
632 1703947683696
633 1703947683735
634 1703947683775
635 1703947683816
636 1703947683856
637 1703947683896
638 1703947683940
639 1703947683979
640 1703947684019
641 1703947684059
642 1703947684100
643 1703947684140
644 1703947684180
645 1703947684220
646 1703947684260
647 1703947684300
648 1703947684340
649 1703947684380
650 1703947684421
651 1703947684464
652 1703947684504
653 1703947684544
654 1703947684584
655 1703947684624
656 1703947684664
657 1703947684704
658 1703947684743
659 1703947684783
660 1703947684823
661 1703947684862
662 1703947684902
663 1703947684943
664 1703947684983
665 1703947685026
666 1703947685067
667 1703947685107
668 1703947685147
669 1703947685187
670 1703947685228
671 1703947685268
672 1703947685307
673 1703947685348
674 1703947685387
675 1703947685427
676 1703947685467
677 1703947685507
678 1703947685547
679 1703947685592
680 1703947685632
681 1703947685672
682 1703947685712
683 1703947685751
684 1703947685792
685 1703947685832
686 1703947685871
687 1703947685912
688 1703947685951
689 1703947685991
690 1703947686032
691 1703947686072
692 1703947686112
693 1703947686156
694 1703947686196
695 1703947686236
696 1703947686275
697 1703947686316
698 1703947686356
699 1703947686396
700 1703947686435
701 1703947686476
702 1703947686515
703 1703947686556
704 1703947686596
705 1703947686636
706 1703947686675
707 1703947686720
708 1703947686759
709 1703947686799
710 1703947686840
711 1703947686879
712 1703947686920
713 1703947686960
714 1703947687000
715 1703947687040
716 1703947687079
717 1703947687120
718 1703947687159
719 1703947687200
720 1703947687243
721 1703947687283
722 1703947687323
723 1703947687364
724 1703947687403
725 1703947687444
726 1703947687484
727 1703947687524
728 1703947687564
729 1703947687604
730 1703947687643
731 1703947687684
732 1703947687724
733 1703947687763
734 1703947687808
735 1703947687848
736 1703947687888
737 1703947687927
738 1703947687967
739 1703947688008
740 1703947688048
741 1703947688088
742 1703947688127
743 1703947688167
744 1703947688207
745 1703947688248
746 1703947688287
747 1703947688327
748 1703947688371
749 1703947688411
750 1703947688452
751 1703947688491
752 1703947688532
753 1703947688571
754 1703947688611
755 1703947688652
756 1703947688692
757 1703947688732
758 1703947688771
759 1703947688812
760 1703947688852
761 1703947688892
762 1703947688936
763 1703947688976
764 1703947689016
765 1703947689055
766 1703947689096
767 1703947689136
768 1703947689176
769 1703947689216
770 1703947689255
771 1703947689296
772 1703947689335
773 1703947689376
774 1703947689416
775 1703947689456
776 1703947689500
777 1703947689539
778 1703947689580
779 1703947689620
780 1703947689660
781 1703947689700
782 1703947689740
783 1703947689780
784 1703947689819
785 1703947689860
786 1703947689900
787 1703947689940
788 1703947689981
789 1703947690024
790 1703947690064
791 1703947690104
792 1703947690144
793 1703947690184
794 1703947690226
795 1703947690263
796 1703947690304
797 1703947690346
798 1703947690384
799 1703947690426
800 1703947690464
801 1703947690505
802 1703947690545
803 1703947690586
804 1703947690627
805 1703947690668
806 1703947690708
807 1703947690750
808 1703947690788
809 1703947690828
810 1703947690868
811 1703947690908
812 1703947690948
813 1703947690988
814 1703947691029
815 1703947691067
816 1703947691106
817 1703947691151
818 1703947691192
819 1703947691231
820 1703947691271
821 1703947691311
822 1703947691351
823 1703947691391
824 1703947691431
825 1703947691471
826 1703947691511
827 1703947691551
828 1703947691591
829 1703947691632
830 1703947691671
831 1703947691716
832 1703947691755
833 1703947691795
834 1703947691835
835 1703947691874
836 1703947691914
837 1703947691955
838 1703947691997
839 1703947692034
840 1703947692074
841 1703947692116
842 1703947692156
843 1703947692196
844 1703947692235
845 1703947692279
846 1703947692319
847 1703947692359
848 1703947692399
849 1703947692438
850 1703947692478
851 1703947692519
852 1703947692559
853 1703947692599
854 1703947692639
855 1703947692679
856 1703947692719
857 1703947692759
858 1703947692803
859 1703947692843
860 1703947692883
861 1703947692923
862 1703947692963
863 1703947693003
864 1703947693043
865 1703947693083
866 1703947693123
867 1703947693162
868 1703947693204
869 1703947693244
870 1703947693284
871 1703947693323
872 1703947693367
873 1703947693407
874 1703947693447
875 1703947693487
876 1703947693527
877 1703947693567
878 1703947693607
879 1703947693647
880 1703947693687
881 1703947693727
882 1703947693767
883 1703947693807
884 1703947693847
885 1703947693887
886 1703947693931
887 1703947693972
888 1703947694011
889 1703947694051
890 1703947694091
891 1703947694131
892 1703947694171
893 1703947694211
894 1703947694251
895 1703947694290
896 1703947694330
897 1703947694372
898 1703947694410
899 1703947694450
900 1703947694497
901 1703947694536
902 1703947694576
903 1703947694614
904 1703947694655
905 1703947694695
906 1703947694734
907 1703947694775
908 1703947694815
909 1703947694857
910 1703947694897
911 1703947694935
912 1703947694975
913 1703947695015
914 1703947695059
915 1703947695099
916 1703947695139
917 1703947695179
918 1703947695219
919 1703947695259
920 1703947695299
921 1703947695339
922 1703947695379
923 1703947695419
924 1703947695459
925 1703947695499
926 1703947695539
927 1703947695583
928 1703947695623
929 1703947695663
930 1703947695703
931 1703947695742
932 1703947695783
933 1703947695823
934 1703947695863
935 1703947695903
936 1703947695944
937 1703947695982
938 1703947696022
939 1703947696063
940 1703947696104
941 1703947696148
942 1703947696188
943 1703947696227
944 1703947696268
945 1703947696309
946 1703947696348
947 1703947696387
948 1703947696427
949 1703947696467
950 1703947696507
951 1703947696547
952 1703947696587
953 1703947696628
954 1703947696668
955 1703947696712
956 1703947696752
957 1703947696792
958 1703947696832
959 1703947696872
960 1703947696912
961 1703947696952
962 1703947696993
963 1703947697032
964 1703947697072
965 1703947697112
966 1703947697152
967 1703947697192
968 1703947697232
969 1703947697276
970 1703947697316
971 1703947697356
972 1703947697396
973 1703947697436
974 1703947697476
975 1703947697516
976 1703947697556
977 1703947697596
978 1703947697636
979 1703947697676
980 1703947697716
981 1703947697756
982 1703947697796
983 1703947697840
984 1703947697880
985 1703947697920
986 1703947697960
987 1703947698000
988 1703947698040
989 1703947698080
990 1703947698120
991 1703947698160
992 1703947698200
993 1703947698240
994 1703947698280
995 1703947698320
996 1703947698364
997 1703947698404
998 1703947698444
999 1703947698484
1000 1703947698524
1001 1703947698565
1002 1703947698604
1003 1703947698644
1004 1703947698684
1005 1703947698724
1006 1703947698764
1007 1703947698804
1008 1703947698844
1009 1703947698884
1010 1703947698928
1011 1703947698968
1012 1703947699008
1013 1703947699048
1014 1703947699088
1015 1703947699128
1016 1703947699169
1017 1703947699208
1018 1703947699249
1019 1703947699289
1020 1703947699329
1021 1703947699369
1022 1703947699408
1023 1703947699448
1024 1703947699493
1025 1703947699533
1026 1703947699572
1027 1703947699611
1028 1703947699650
1029 1703947699692
1030 1703947699732
1031 1703947699772
1032 1703947699811
1033 1703947699851
1034 1703947699891
1035 1703947699931
1036 1703947699971
1037 1703947700011
1038 1703947700056
1039 1703947700096
1040 1703947700136
1041 1703947700176
1042 1703947700216
1043 1703947700257
1044 1703947700296
1045 1703947700335
1046 1703947700375
1047 1703947700417
1048 1703947700456
1049 1703947700496
1050 1703947700536
1051 1703947700577
1052 1703947700621
1053 1703947700660
1054 1703947700699
1055 1703947700739
1056 1703947700779
1057 1703947700820
1058 1703947700860
1059 1703947700900
1060 1703947700940
1061 1703947700980
1062 1703947701020
1063 1703947701060
1064 1703947701100
1065 1703947701144
1066 1703947701184
1067 1703947701224
1068 1703947701264
1069 1703947701304
1070 1703947701344
1071 1703947701385
1072 1703947701424
1073 1703947701465
1074 1703947701504
1075 1703947701545
1076 1703947701584
1077 1703947701625
1078 1703947701664
1079 1703947701709
1080 1703947701748
1081 1703947701789
1082 1703947701828
1083 1703947701869
1084 1703947701908
1085 1703947701948
1086 1703947701987
1087 1703947702029
1088 1703947702069
1089 1703947702108
1090 1703947702147
1091 1703947702187
1092 1703947702228
1093 1703947702271
1094 1703947702311
1095 1703947702351
1096 1703947702391
1097 1703947702431
1098 1703947702471
1099 1703947702512
1100 1703947702551
1101 1703947702591
1102 1703947702631
1103 1703947702671
1104 1703947702711
1105 1703947702751
1106 1703947702791
1107 1703947702835
1108 1703947702875
1109 1703947702914
1110 1703947702955
1111 1703947702997
1112 1703947703036
1113 1703947703075
1114 1703947703114
1115 1703947703155
1116 1703947703196
1117 1703947703235
1118 1703947703275
1119 1703947703317
1120 1703947703358
1121 1703947703399
1122 1703947703438
1123 1703947703479
1124 1703947703520
1125 1703947703561
1126 1703947703602
1127 1703947703641
1128 1703947703681
1129 1703947703721
1130 1703947703759
1131 1703947703800
1132 1703947703841
1133 1703947703880
1134 1703947703924
1135 1703947703965
1136 1703947704004
1137 1703947704044
1138 1703947704085
1139 1703947704124
1140 1703947704164
1141 1703947704204
1142 1703947704245
1143 1703947704284
1144 1703947704324
1145 1703947704364
1146 1703947704404
1147 1703947704444
1148 1703947704489
1149 1703947704528
1150 1703947704568
1151 1703947704609
1152 1703947704648
1153 1703947704687
1154 1703947704727
1155 1703947704767
1156 1703947704807
1157 1703947704847
1158 1703947704888
1159 1703947704928
1160 1703947704967
1161 1703947705007
1162 1703947705051
1163 1703947705092
1164 1703947705132
1165 1703947705171
1166 1703947705211
1167 1703947705253
1168 1703947705292
1169 1703947705333
1170 1703947705370
1171 1703947705413
1172 1703947705453
1173 1703947705493
1174 1703947705533
1175 1703947705573
1176 1703947705616
1177 1703947705657
1178 1703947705695
1179 1703947705735
1180 1703947705775
1181 1703947705815
1182 1703947705857
1183 1703947705897
1184 1703947705935
1185 1703947705974
