1 1685798914640
2 1685798914717
3 1685798914746
4 1685798914775
5 1685798914805
6 1685798914843
7 1685798914870
8 1685798914906
9 1685798914940
10 1685798914973
11 1685798915007
12 1685798915039
13 1685798915076
14 1685798915108
15 1685798915142
16 1685798915175
17 1685798915207
18 1685798915246
19 1685798915278
20 1685798915315
21 1685798915346
22 1685798915378
23 1685798915412
24 1685798915444
25 1685798915480
26 1685798915514
27 1685798915546
28 1685798915582
29 1685798915614
30 1685798915648
31 1685798915682
32 1685798915714
33 1685798915748
34 1685798915781
35 1685798915816
36 1685798915849
37 1685798915884
38 1685798915919
39 1685798915951
40 1685798915986
41 1685798916020
42 1685798916049
43 1685798916083
44 1685798916114
45 1685798916148
46 1685798916182
47 1685798916215
48 1685798916250
49 1685798916283
50 1685798916318
51 1685798916353
52 1685798916383
53 1685798916420
54 1685798916451
55 1685798916484
56 1685798916517
57 1685798916549
58 1685798916585
59 1685798916618
60 1685798916653
61 1685798916686
62 1685798916718
63 1685798916754
64 1685798916786
65 1685798916820
66 1685798916854
67 1685798916886
68 1685798916922
69 1685798916955
70 1685798916989
71 1685798917022
72 1685798917054
73 1685798917090
74 1685798917122
75 1685798917157
76 1685798917190
77 1685798917222
78 1685798917258
79 1685798917290
80 1685798917325
81 1685798917358
82 1685798917390
83 1685798917426
84 1685798917458
85 1685798917493
86 1685798917526
87 1685798917558
88 1685798917594
89 1685798917626
90 1685798917661
91 1685798917694
92 1685798917729
93 1685798917784
94 1685798917802
95 1685798917828
96 1685798917861
97 1685798917893
98 1685798917934
99 1685798917967
100 1685798918002
101 1685798918035
102 1685798918062
103 1685798918102
104 1685798918133
105 1685798918164
106 1685798918197
107 1685798918229
108 1685798918291
109 1685798918326
110 1685798918351
111 1685798918402
112 1685798918433
113 1685798918465
114 1685798918499
115 1685798918533
116 1685798918574
117 1685798918613
118 1685798918653
119 1685798918693
120 1685798918745
121 1685798918794
122 1685798918854
123 1685798918915
124 1685798918982
125 1685798919050
126 1685798919098
127 1685798919157
128 1685798919217
129 1685798919278
130 1685798919338
131 1685798919398
132 1685798919458
133 1685798919523
134 1685798919582
135 1685798919643
136 1685798919702
137 1685798919763
138 1685798919823
139 1685798919881
140 1685798919942
141 1685798920009
142 1685798920067
143 1685798920125
144 1685798920186
145 1685798920251
146 1685798920311
147 1685798920366
148 1685798920427
149 1685798920490
150 1685798920550
151 1685798920609
152 1685798920671
153 1685798920735
154 1685798920792
155 1685798920850
156 1685798920910
157 1685798920970
158 1685798921036
159 1685798921099
160 1685798921157
161 1685798921213
162 1685798921274
163 1685798921335
164 1685798921399
165 1685798921455
166 1685798921513
167 1685798921578
168 1685798921640
169 1685798921700
170 1685798921758
171 1685798921818
172 1685798921878
173 1685798921938
174 1685798921999
175 1685798922060
176 1685798922123
177 1685798922183
178 1685798922243
179 1685798922302
180 1685798922361
181 1685798922422
182 1685798922482
183 1685798922542
184 1685798922608
185 1685798922669
186 1685798922726
187 1685798922774
188 1685798922814
189 1685798922858
190 1685798922898
191 1685798922930
192 1685798922962
193 1685798922998
194 1685798923030
195 1685798923066
196 1685798923098
197 1685798923130
198 1685798923166
199 1685798923198
200 1685798923234
201 1685798923266
202 1685798923298
203 1685798923334
204 1685798923366
205 1685798923402
206 1685798923434
207 1685798923466
208 1685798923502
209 1685798923534
210 1685798923570
211 1685798923602
212 1685798923634
213 1685798923670
214 1685798923701
215 1685798923737
216 1685798923769
217 1685798923802
218 1685798923837
219 1685798923869
220 1685798923905
221 1685798923937
222 1685798923970
223 1685798924005
224 1685798924037
225 1685798924073
226 1685798924105
227 1685798924137
228 1685798924173
229 1685798924205
230 1685798924241
231 1685798924273
232 1685798924305
233 1685798924341
234 1685798924374
235 1685798924410
236 1685798924441
237 1685798924473
238 1685798924510
239 1685798924541
240 1685798924577
241 1685798924610
242 1685798924642
243 1685798924677
244 1685798924709
245 1685798924745
246 1685798924777
247 1685798924810
248 1685798924845
249 1685798924877
250 1685798924913
251 1685798924945
252 1685798924977
253 1685798925013
254 1685798925045
255 1685798925081
256 1685798925113
257 1685798925145
258 1685798925181
259 1685798925214
260 1685798925250
261 1685798925282
262 1685798925314
263 1685798925350
264 1685798925382
265 1685798925418
266 1685798925450
267 1685798925482
268 1685798925518
269 1685798925550
270 1685798925586
271 1685798925618
272 1685798925650
273 1685798925686
274 1685798925718
275 1685798925754
276 1685798925786
277 1685798925818
278 1685798925854
279 1685798925886
280 1685798925922
281 1685798925954
282 1685798925986
283 1685798926022
284 1685798926054
285 1685798926090
286 1685798926122
287 1685798926154
288 1685798926190
289 1685798926222
290 1685798926258
291 1685798926290
292 1685798926327
293 1685798926364
294 1685798926394
295 1685798926426
296 1685798926457
297 1685798926490
298 1685798926525
299 1685798926559
300 1685798926599
301 1685798926638
302 1685798926670
303 1685798926698
304 1685798926726
305 1685798926762
306 1685798926793
307 1685798926825
308 1685798926862
309 1685798926895
310 1685798926931
311 1685798926963
312 1685798926995
313 1685798927031
314 1685798927063
315 1685798927099
316 1685798927131
317 1685798927163
318 1685798927199
319 1685798927231
320 1685798927267
321 1685798927299
322 1685798927331
323 1685798927367
324 1685798927399
325 1685798927435
326 1685798927467
327 1685798927499
328 1685798927535
329 1685798927568
330 1685798927603
331 1685798927635
332 1685798927667
333 1685798927703
334 1685798927734
335 1685798927769
336 1685798927802
337 1685798927834
338 1685798927870
339 1685798927903
340 1685798927938
341 1685798927971
342 1685798928003
343 1685798928039
344 1685798928071
345 1685798928107
346 1685798928139
347 1685798928171
348 1685798928207
349 1685798928239
350 1685798928275
351 1685798928307
352 1685798928339
353 1685798928375
354 1685798928406
355 1685798928442
356 1685798928474
357 1685798928506
358 1685798928547
359 1685798928600
360 1685798928637
361 1685798928645
362 1685798928680
363 1685798928712
364 1685798928748
365 1685798928780
366 1685798928813
367 1685798928851
368 1685798928884
369 1685798928922
370 1685798928949
371 1685798928980
372 1685798929016
373 1685798929048
374 1685798929085
375 1685798929118
376 1685798929151
377 1685798929186
378 1685798929219
379 1685798929253
380 1685798929284
381 1685798929316
382 1685798929352
383 1685798929385
384 1685798929420
385 1685798929453
386 1685798929484
387 1685798929521
388 1685798929553
389 1685798929590
390 1685798929622
391 1685798929654
392 1685798929690
393 1685798929722
394 1685798929758
395 1685798929790
396 1685798929821
397 1685798929858
398 1685798929890
399 1685798929926
400 1685798929958
401 1685798929990
402 1685798930026
403 1685798930058
404 1685798930094
405 1685798930126
406 1685798930158
407 1685798930194
408 1685798930226
409 1685798930262
410 1685798930294
411 1685798930326
412 1685798930362
413 1685798930394
414 1685798930429
415 1685798930461
416 1685798930492
417 1685798930529
418 1685798930561
419 1685798930602
420 1685798930644
421 1685798930675
422 1685798930698
423 1685798930728
424 1685798930764
425 1685798930796
426 1685798930829
427 1685798930866
428 1685798930898
429 1685798930935
430 1685798930967
431 1685798930998
432 1685798931033
433 1685798931065
434 1685798931101
435 1685798931133
436 1685798931165
437 1685798931202
438 1685798931234
439 1685798931270
440 1685798931301
441 1685798931338
442 1685798931384
443 1685798931403
444 1685798931436
445 1685798931468
446 1685798931501
447 1685798931538
448 1685798931571
449 1685798931606
450 1685798931638
451 1685798931670
452 1685798931707
453 1685798931736
454 1685798931773
455 1685798931805
456 1685798931836
457 1685798931873
458 1685798931905
459 1685798931941
460 1685798931974
461 1685798932006
462 1685798932042
463 1685798932074
464 1685798932110
465 1685798932142
466 1685798932174
467 1685798932210
468 1685798932242
469 1685798932278
470 1685798932309
471 1685798932342
472 1685798932378
473 1685798932410
474 1685798932446
475 1685798932478
476 1685798932510
477 1685798932546
478 1685798932578
479 1685798932614
480 1685798932645
481 1685798932677
482 1685798932714
483 1685798932746
484 1685798932781
485 1685798932814
486 1685798932846
487 1685798932882
488 1685798932914
489 1685798932950
490 1685798932982
491 1685798933018
492 1685798933049
493 1685798933080
494 1685798933116
495 1685798933148
496 1685798933180
497 1685798933217
498 1685798933251
499 1685798933287
500 1685798933318
501 1685798933348
502 1685798933384
503 1685798933416
504 1685798933453
505 1685798933484
506 1685798933516
507 1685798933553
508 1685798933585
509 1685798933621
510 1685798933653
511 1685798933685
512 1685798933720
513 1685798933752
514 1685798933788
515 1685798933820
516 1685798933852
517 1685798933888
518 1685798933921
519 1685798933958
520 1685798933988
521 1685798934021
522 1685798934057
523 1685798934088
524 1685798934124
525 1685798934156
526 1685798934188
527 1685798934224
528 1685798934256
529 1685798934292
530 1685798934324
531 1685798934356
532 1685798934392
533 1685798934425
534 1685798934461
535 1685798934493
536 1685798934525
537 1685798934561
538 1685798934592
539 1685798934629
540 1685798934660
541 1685798934692
542 1685798934728
543 1685798934760
544 1685798934797
545 1685798934828
546 1685798934860
547 1685798934896
548 1685798934928
549 1685798934965
550 1685798934997
551 1685798935028
552 1685798935065
553 1685798935096
554 1685798935133
555 1685798935165
556 1685798935196
557 1685798935233
558 1685798935264
559 1685798935301
560 1685798935332
561 1685798935365
562 1685798935401
563 1685798935432
564 1685798935469
565 1685798935500
566 1685798935532
567 1685798935569
568 1685798935601
569 1685798935637
570 1685798935669
571 1685798935701
572 1685798935737
573 1685798935769
574 1685798935804
575 1685798935837
576 1685798935869
577 1685798935905
578 1685798935937
579 1685798935973
580 1685798936005
581 1685798936037
582 1685798936073
583 1685798936105
584 1685798936141
585 1685798936173
586 1685798936205
587 1685798936241
588 1685798936273
589 1685798936309
590 1685798936340
591 1685798936373
592 1685798936409
593 1685798936456
594 1685798936495
595 1685798936523
596 1685798936542
597 1685798936576
598 1685798936608
599 1685798936644
600 1685798936676
601 1685798936709
602 1685798936746
603 1685798936778
604 1685798936813
605 1685798936845
606 1685798936876
607 1685798936913
608 1685798936944
609 1685798936981
610 1685798937013
611 1685798937045
612 1685798937081
613 1685798937113
614 1685798937148
615 1685798937180
616 1685798937212
617 1685798937248
618 1685798937280
619 1685798937316
620 1685798937348
621 1685798937380
622 1685798937417
623 1685798937449
624 1685798937485
625 1685798937517
626 1685798937549
627 1685798937585
628 1685798937617
629 1685798937653
630 1685798937685
631 1685798937717
632 1685798937753
633 1685798937785
634 1685798937821
635 1685798937853
636 1685798937885
637 1685798937921
638 1685798937953
639 1685798937989
640 1685798938021
641 1685798938052
642 1685798938089
643 1685798938121
644 1685798938157
645 1685798938189
646 1685798938221
647 1685798938257
648 1685798938289
649 1685798938325
650 1685798938357
651 1685798938389
652 1685798938425
653 1685798938457
654 1685798938493
655 1685798938525
656 1685798938557
657 1685798938593
658 1685798938625
659 1685798938661
660 1685798938693
661 1685798938726
662 1685798938762
663 1685798938794
664 1685798938829
665 1685798938861
666 1685798938893
667 1685798938929
668 1685798938960
669 1685798938997
670 1685798939029
671 1685798939062
672 1685798939097
673 1685798939129
674 1685798939166
675 1685798939198
676 1685798939229
677 1685798939266
678 1685798939297
679 1685798939334
680 1685798939365
681 1685798939397
682 1685798939433
683 1685798939465
684 1685798939501
685 1685798939533
686 1685798939565
687 1685798939602
688 1685798939634
689 1685798939670
690 1685798939701
691 1685798939734
692 1685798939769
693 1685798939801
694 1685798939837
695 1685798939870
696 1685798939902
697 1685798939938
698 1685798939969
699 1685798940006
700 1685798940038
701 1685798940069
702 1685798940106
703 1685798940138
704 1685798940174
705 1685798940205
706 1685798940238
707 1685798940274
708 1685798940306
709 1685798940342
710 1685798940374
711 1685798940406
712 1685798940441
713 1685798940473
714 1685798940509
715 1685798940542
716 1685798940573
717 1685798940610
718 1685798940641
719 1685798940678
720 1685798940709
721 1685798940742
722 1685798940777
723 1685798940809
724 1685798940845
725 1685798940878
726 1685798940909
727 1685798940946
728 1685798940977
729 1685798941014
730 1685798941045
731 1685798941077
732 1685798941114
733 1685798941145
734 1685798941186
735 1685798941220
736 1685798941261
737 1685798941280
738 1685798941350
739 1685798941385
740 1685798941415
741 1685798941451
742 1685798941483
743 1685798941524
744 1685798941551
745 1685798941581
746 1685798941617
747 1685798941649
748 1685798941685
749 1685798941717
750 1685798941749
751 1685798941786
752 1685798941819
753 1685798941855
754 1685798941888
755 1685798941917
756 1685798941953
757 1685798941985
758 1685798942021
759 1685798942053
760 1685798942086
761 1685798942121
762 1685798942153
763 1685798942189
764 1685798942221
765 1685798942253
766 1685798942289
767 1685798942321
768 1685798942357
769 1685798942389
770 1685798942426
771 1685798942472
772 1685798942498
773 1685798942525
774 1685798942556
775 1685798942588
776 1685798942624
777 1685798942657
778 1685798942695
779 1685798942728
780 1685798942764
781 1685798942795
782 1685798942824
783 1685798942860
784 1685798942892
785 1685798942924
786 1685798942961
787 1685798942994
788 1685798943030
789 1685798943062
790 1685798943094
791 1685798943130
792 1685798943163
793 1685798943198
794 1685798943228
795 1685798943260
796 1685798943296
797 1685798943329
798 1685798943366
799 1685798943399
800 1685798943432
801 1685798943468
802 1685798943499
803 1685798943532
804 1685798943564
805 1685798943597
806 1685798943633
807 1685798943665
808 1685798943701
809 1685798943734
810 1685798943766
811 1685798943802
812 1685798943834
813 1685798943870
814 1685798943902
815 1685798943934
816 1685798943970
817 1685798944002
818 1685798944038
819 1685798944070
820 1685798944102
821 1685798944138
822 1685798944169
823 1685798944206
824 1685798944238
825 1685798944270
826 1685798944305
827 1685798944338
828 1685798944374
829 1685798944406
830 1685798944437
831 1685798944473
832 1685798944505
833 1685798944542
834 1685798944573
835 1685798944605
836 1685798944641
837 1685798944674
838 1685798944710
839 1685798944742
840 1685798944774
841 1685798944810
842 1685798944842
843 1685798944878
844 1685798944910
845 1685798944942
846 1685798944979
847 1685798945010
848 1685798945046
849 1685798945078
850 1685798945110
851 1685798945146
852 1685798945178
853 1685798945214
854 1685798945246
855 1685798945278
856 1685798945314
857 1685798945346
858 1685798945382
859 1685798945414
860 1685798945446
861 1685798945482
862 1685798945514
863 1685798945550
864 1685798945582
865 1685798945614
866 1685798945650
867 1685798945685
868 1685798945718
869 1685798945750
870 1685798945782
871 1685798945818
872 1685798945850
873 1685798945886
874 1685798945918
875 1685798945950
876 1685798945986
877 1685798946018
878 1685798946054
879 1685798946086
880 1685798946118
881 1685798946154
882 1685798946186
883 1685798946222
884 1685798946253
885 1685798946286
886 1685798946322
887 1685798946354
888 1685798946390
889 1685798946422
890 1685798946454
891 1685798946490
892 1685798946522
893 1685798946558
894 1685798946589
895 1685798946622
896 1685798946658
897 1685798946690
898 1685798946725
899 1685798946758
900 1685798946790
901 1685798946826
902 1685798946857
903 1685798946894
904 1685798946925
905 1685798946958
906 1685798946994
907 1685798947026
908 1685798947062
909 1685798947094
910 1685798947126
911 1685798947166
912 1685798947206
913 1685798947233
914 1685798947261
915 1685798947292
916 1685798947328
917 1685798947360
918 1685798947397
919 1685798947431
920 1685798947463
921 1685798947499
922 1685798947537
923 1685798947565
924 1685798947597
925 1685798947629
926 1685798947665
927 1685798947697
928 1685798947734
929 1685798947767
930 1685798947800
931 1685798947836
932 1685798947865
933 1685798947901
934 1685798947933
935 1685798947965
936 1685798948002
937 1685798948035
938 1685798948070
939 1685798948102
940 1685798948134
941 1685798948170
942 1685798948202
943 1685798948238
944 1685798948270
945 1685798948303
946 1685798948338
947 1685798948370
948 1685798948406
949 1685798948438
950 1685798948470
951 1685798948507
952 1685798948538
953 1685798948575
954 1685798948606
955 1685798948638
956 1685798948674
957 1685798948706
958 1685798948743
959 1685798948774
960 1685798948806
961 1685798948842
962 1685798948875
963 1685798948910
964 1685798948942
965 1685798948978
966 1685798949011
967 1685798949042
968 1685798949078
969 1685798949110
970 1685798949142
971 1685798949178
972 1685798949210
973 1685798949246
974 1685798949279
975 1685798949311
976 1685798949345
977 1685798949377
978 1685798949413
979 1685798949445
980 1685798949477
981 1685798949514
982 1685798949546
983 1685798949582
984 1685798949613
985 1685798949646
986 1685798949682
987 1685798949713
988 1685798949750
989 1685798949782
990 1685798949814
991 1685798949849
992 1685798949881
993 1685798949918
994 1685798949950
995 1685798949982
996 1685798950018
997 1685798950050
998 1685798950086
999 1685798950117
1000 1685798950149
1001 1685798950190
1002 1685798950224
1003 1685798950267
1004 1685798950285
1005 1685798950316
1006 1685798950352
1007 1685798950384
1008 1685798950421
1009 1685798950456
1010 1685798950494
1011 1685798950539
1012 1685798950560
1013 1685798950603
1014 1685798950620
1015 1685798950652
1016 1685798950688
1017 1685798950721
1018 1685798950757
1019 1685798950789
1020 1685798950821
1021 1685798950857
1022 1685798950890
1023 1685798950926
1024 1685798950958
1025 1685798950990
1026 1685798951026
1027 1685798951058
1028 1685798951094
1029 1685798951126
1030 1685798951158
1031 1685798951194
1032 1685798951226
1033 1685798951262
1034 1685798951294
1035 1685798951326
1036 1685798951360
1037 1685798951392
1038 1685798951428
1039 1685798951460
1040 1685798951493
1041 1685798951531
1042 1685798951584
1043 1685798951619
1044 1685798951660
1045 1685798951696
1046 1685798951728
1047 1685798951764
1048 1685798951797
1049 1685798951831
1050 1685798951881
1051 1685798951925
1052 1685798951945
1053 1685798951964
1054 1685798951996
1055 1685798952032
1056 1685798952064
1057 1685798952101
1058 1685798952134
1059 1685798952166
1060 1685798952202
1061 1685798952234
1062 1685798952270
1063 1685798952301
1064 1685798952332
1065 1685798952369
1066 1685798952401
1067 1685798952437
1068 1685798952470
1069 1685798952503
1070 1685798952540
1071 1685798952570
1072 1685798952604
1073 1685798952636
1074 1685798952668
1075 1685798952705
1076 1685798952737
1077 1685798952779
1078 1685798952815
1079 1685798952848
1080 1685798952878
1081 1685798952904
1082 1685798952940
1083 1685798952972
1084 1685798953005
1085 1685798953042
1086 1685798953078
1087 1685798953121
1088 1685798953152
1089 1685798953172
1090 1685798953208
1091 1685798953246
1092 1685798953283
1093 1685798953318
1094 1685798953342
1095 1685798953376
1096 1685798953415
1097 1685798953453
1098 1685798953482
1099 1685798953509
1100 1685798953544
1101 1685798953576
1102 1685798953612
1103 1685798953645
1104 1685798953679
1105 1685798953727
1106 1685798953775
1107 1685798953796
1108 1685798953812
1109 1685798953844
1110 1685798953880
1111 1685798953912
1112 1685798953950
1113 1685798953986
1114 1685798954020
1115 1685798954061
1116 1685798954081
1117 1685798954116
1118 1685798954148
1119 1685798954180
1120 1685798954217
1121 1685798954251
1122 1685798954315
1123 1685798954343
1124 1685798954378
1125 1685798954414
1126 1685798954446
1127 1685798954482
1128 1685798954520
1129 1685798954553
1130 1685798954590
1131 1685798954617
1132 1685798954649
1133 1685798954682
1134 1685798954714
1135 1685798954749
1136 1685798954782
1137 1685798954821
1138 1685798954857
1139 1685798954888
1140 1685798954928
1141 1685798954950
1142 1685798954986
1143 1685798955017
1144 1685798955049
1145 1685798955087
1146 1685798955121
1147 1685798955157
1148 1685798955188
1149 1685798955218
1150 1685798955254
1151 1685798955286
1152 1685798955322
1153 1685798955355
1154 1685798955387
1155 1685798955423
1156 1685798955455
1157 1685798955491
1158 1685798955524
1159 1685798955555
1160 1685798955591
1161 1685798955623
1162 1685798955659
1163 1685798955691
1164 1685798955722
1165 1685798955758
1166 1685798955790
1167 1685798955826
1168 1685798955859
1169 1685798955891
1170 1685798955928
1171 1685798955960
1172 1685798955996
1173 1685798956028
1174 1685798956059
1175 1685798956094
1176 1685798956126
1177 1685798956163
1178 1685798956195
1179 1685798956227
1180 1685798956263
1181 1685798956295
1182 1685798956331
1183 1685798956363
1184 1685798956395
1185 1685798956431
1186 1685798956463
1187 1685798956499
1188 1685798956531
1189 1685798956563
1190 1685798956599
1191 1685798956631
1192 1685798956667
1193 1685798956699
1194 1685798956731
1195 1685798956767
1196 1685798956799
1197 1685798956835
1198 1685798956867
1199 1685798956899
1200 1685798956935
1201 1685798956967
1202 1685798957003
1203 1685798957035
1204 1685798957067
1205 1685798957103
1206 1685798957135
1207 1685798957171
1208 1685798957203
1209 1685798957235
1210 1685798957271
1211 1685798957303
1212 1685798957338
1213 1685798957371
1214 1685798957403
1215 1685798957443
1216 1685798957477
1217 1685798957512
1218 1685798957539
1219 1685798957570
1220 1685798957605
1221 1685798957638
1222 1685798957674
1223 1685798957708
1224 1685798957746
1225 1685798957778
1226 1685798957808
1227 1685798957842
1228 1685798957874
1229 1685798957906
1230 1685798957943
1231 1685798957975
1232 1685798958011
1233 1685798958043
1234 1685798958075
1235 1685798958111
1236 1685798958143
1237 1685798958179
1238 1685798958211
1239 1685798958243
1240 1685798958279
1241 1685798958311
1242 1685798958347
1243 1685798958379
1244 1685798958411
1245 1685798958447
1246 1685798958479
1247 1685798958516
1248 1685798958548
1249 1685798958579
1250 1685798958616
1251 1685798958648
1252 1685798958683
1253 1685798958716
1254 1685798958748
1255 1685798958784
1256 1685798958815
1257 1685798958851
1258 1685798958884
1259 1685798958915
1260 1685798958951
1261 1685798958983
1262 1685798959019
1263 1685798959051
1264 1685798959084
1265 1685798959120
1266 1685798959152
1267 1685798959187
1268 1685798959219
1269 1685798959252
1270 1685798959287
1271 1685798959320
1272 1685798959356
1273 1685798959387
1274 1685798959419
1275 1685798959455
1276 1685798959487
1277 1685798959524
1278 1685798959555
1279 1685798959587
1280 1685798959623
1281 1685798959655
1282 1685798959691
1283 1685798959723
1284 1685798959756
1285 1685798959791
1286 1685798959823
1287 1685798959859
1288 1685798959891
1289 1685798959924
1290 1685798959959
1291 1685798959991
1292 1685798960027
1293 1685798960059
1294 1685798960091
1295 1685798960127
1296 1685798960159
1297 1685798960195
1298 1685798960227
1299 1685798960259
1300 1685798960295
1301 1685798960327
1302 1685798960363
1303 1685798960395
1304 1685798960427
1305 1685798960464
1306 1685798960496
1307 1685798960531
1308 1685798960563
1309 1685798960595
1310 1685798960631
1311 1685798960668
1312 1685798960704
1313 1685798960738
1314 1685798960762
1315 1685798960798
1316 1685798960830
1317 1685798960866
1318 1685798960900
1319 1685798960932
1320 1685798960970
1321 1685798961001
1322 1685798961034
1323 1685798961066
1324 1685798961097
1325 1685798961134
1326 1685798961166
1327 1685798961204
1328 1685798961239
1329 1685798961271
1330 1685798961304
1331 1685798961334
1332 1685798961370
1333 1685798961402
1334 1685798961439
1335 1685798961476
1336 1685798961509
1337 1685798961539
1338 1685798961570
1339 1685798961602
1340 1685798961638
1341 1685798961670
1342 1685798961707
1343 1685798961740
1344 1685798961772
1345 1685798961808
1346 1685798961840
1347 1685798961876
1348 1685798961907
1349 1685798961939
1350 1685798961974
1351 1685798962006
1352 1685798962046
1353 1685798962081
1354 1685798962114
1355 1685798962144
1356 1685798962174
1357 1685798962213
1358 1685798962249
1359 1685798962291
1360 1685798962310
1361 1685798962342
1362 1685798962378
1363 1685798962410
1364 1685798962443
1365 1685798962480
1366 1685798962513
1367 1685798962548
1368 1685798962578
1369 1685798962610
1370 1685798962647
1371 1685798962678
1372 1685798962715
1373 1685798962747
1374 1685798962779
1375 1685798962815
1376 1685798962847
1377 1685798962884
1378 1685798962916
1379 1685798962948
1380 1685798962983
1381 1685798963016
1382 1685798963051
1383 1685798963083
1384 1685798963116
1385 1685798963152
1386 1685798963184
1387 1685798963219
1388 1685798963251
1389 1685798963284
1390 1685798963320
1391 1685798963351
1392 1685798963387
1393 1685798963420
1394 1685798963451
1395 1685798963487
1396 1685798963519
1397 1685798963555
1398 1685798963588
1399 1685798963619
1400 1685798963656
1401 1685798963688
1402 1685798963723
1403 1685798963756
1404 1685798963787
1405 1685798963824
1406 1685798963855
1407 1685798963892
1408 1685798963924
1409 1685798963956
1410 1685798963991
1411 1685798964024
1412 1685798964059
1413 1685798964092
1414 1685798964124
1415 1685798964158
1416 1685798964190
1417 1685798964226
1418 1685798964259
1419 1685798964291
1420 1685798964328
1421 1685798964363
1422 1685798964408
1423 1685798964436
1424 1685798964464
1425 1685798964496
1426 1685798964532
1427 1685798964565
1428 1685798964597
1429 1685798964638
1430 1685798964685
1431 1685798964720
1432 1685798964737
1433 1685798964764
1434 1685798964800
1435 1685798964832
1436 1685798964870
1437 1685798964904
1438 1685798964943
1439 1685798964974
1440 1685798965001
1441 1685798965036
1442 1685798965068
1443 1685798965100
1444 1685798965137
1445 1685798965174
1446 1685798965215
1447 1685798965251
1448 1685798965275
1449 1685798965304
1450 1685798965336
1451 1685798965372
1452 1685798965405
1453 1685798965442
1454 1685798965489
1455 1685798965520
1456 1685798965547
1457 1685798965572
1458 1685798965604
1459 1685798965640
1460 1685798965673
1461 1685798965711
1462 1685798965747
1463 1685798965779
1464 1685798965812
1465 1685798965841
1466 1685798965877
1467 1685798965908
1468 1685798965941
1469 1685798965979
1470 1685798966015
1471 1685798966051
1472 1685798966080
1473 1685798966109
1474 1685798966144
1475 1685798966176
1476 1685798966213
1477 1685798966249
1478 1685798966292
1479 1685798966333
1480 1685798966350
1481 1685798966380
1482 1685798966412
1483 1685798966444
1484 1685798966485
1485 1685798966529
1486 1685798966555
1487 1685798966583
1488 1685798966612
1489 1685798966648
1490 1685798966681
1491 1685798966717
1492 1685798966751
1493 1685798966788
1494 1685798966824
1495 1685798966852
1496 1685798966885
1497 1685798966917
1498 1685798966949
1499 1685798966985
1500 1685798967018
1501 1685798967055
1502 1685798967088
1503 1685798967119
1504 1685798967155
1505 1685798967187
1506 1685798967223
1507 1685798967253
1508 1685798967285
1509 1685798967322
1510 1685798967354
1511 1685798967390
1512 1685798967421
1513 1685798967454
1514 1685798967490
1515 1685798967522
1516 1685798967557
1517 1685798967590
1518 1685798967622
1519 1685798967657
1520 1685798967689
1521 1685798967732
1522 1685798967761
1523 1685798967792
1524 1685798967826
1525 1685798967858
1526 1685798967894
1527 1685798967926
1528 1685798967958
1529 1685798967994
1530 1685798968027
1531 1685798968062
1532 1685798968094
1533 1685798968126
1534 1685798968162
1535 1685798968194
1536 1685798968230
1537 1685798968262
1538 1685798968294
1539 1685798968330
1540 1685798968362
1541 1685798968398
1542 1685798968430
1543 1685798968461
1544 1685798968497
1545 1685798968533
1546 1685798968570
1547 1685798968601
1548 1685798968628
1549 1685798968666
1550 1685798968698
1551 1685798968734
1552 1685798968766
1553 1685798968797
1554 1685798968834
1555 1685798968866
1556 1685798968902
1557 1685798968934
1558 1685798968966
1559 1685798969002
1560 1685798969034
1561 1685798969070
1562 1685798969102
1563 1685798969134
1564 1685798969170
1565 1685798969202
1566 1685798969238
1567 1685798969270
1568 1685798969302
1569 1685798969338
1570 1685798969370
1571 1685798969406
1572 1685798969438
1573 1685798969470
1574 1685798969506
1575 1685798969538
1576 1685798969574
1577 1685798969606
1578 1685798969638
1579 1685798969674
1580 1685798969706
1581 1685798969742
1582 1685798969774
1583 1685798969806
1584 1685798969842
1585 1685798969874
1586 1685798969910
1587 1685798969942
1588 1685798969974
1589 1685798970010
1590 1685798970042
1591 1685798970078
1592 1685798970110
1593 1685798970142
1594 1685798970178
1595 1685798970210
1596 1685798970246
1597 1685798970278
1598 1685798970310
1599 1685798970346
1600 1685798970378
1601 1685798970414
1602 1685798970446
1603 1685798970478
1604 1685798970515
1605 1685798970546
1606 1685798970581
1607 1685798970614
1608 1685798970646
1609 1685798970682
1610 1685798970714
1611 1685798970750
1612 1685798970782
1613 1685798970814
1614 1685798970850
1615 1685798970882
1616 1685798970918
1617 1685798970950
1618 1685798970982
1619 1685798971018
1620 1685798971050
1621 1685798971086
1622 1685798971118
1623 1685798971150
1624 1685798971186
1625 1685798971218
1626 1685798971254
1627 1685798971286
1628 1685798971318
1629 1685798971354
1630 1685798971386
1631 1685798971422
1632 1685798971454
1633 1685798971486
1634 1685798971523
1635 1685798971554
1636 1685798971590
1637 1685798971622
1638 1685798971654
1639 1685798971690
1640 1685798971722
1641 1685798971758
1642 1685798971790
1643 1685798971822
1644 1685798971857
1645 1685798971890
1646 1685798971926
1647 1685798971958
1648 1685798971990
1649 1685798972026
1650 1685798972058
1651 1685798972094
1652 1685798972126
1653 1685798972158
1654 1685798972194
1655 1685798972226
1656 1685798972262
1657 1685798972294
1658 1685798972326
1659 1685798972362
1660 1685798972393
1661 1685798972435
1662 1685798972462
1663 1685798972494
1664 1685798972528
1665 1685798972560
1666 1685798972597
1667 1685798972630
1668 1685798972661
1669 1685798972698
1670 1685798972730
1671 1685798972766
1672 1685798972798
1673 1685798972830
1674 1685798972865
1675 1685798972898
1676 1685798972933
1677 1685798972966
1678 1685798972998
1679 1685798973034
1680 1685798973066
1681 1685798973102
1682 1685798973134
1683 1685798973166
1684 1685798973202
1685 1685798973234
1686 1685798973270
1687 1685798973302
1688 1685798973334
1689 1685798973370
1690 1685798973402
1691 1685798973438
1692 1685798973469
1693 1685798973502
1694 1685798973538
1695 1685798973570
1696 1685798973606
1697 1685798973638
1698 1685798973670
1699 1685798973706
1700 1685798973738
1701 1685798973774
1702 1685798973806
1703 1685798973838
1704 1685798973874
1705 1685798973906
1706 1685798973942
1707 1685798973974
1708 1685798974007
1709 1685798974042
1710 1685798974074
1711 1685798974110
1712 1685798974142
1713 1685798974174
1714 1685798974210
1715 1685798974243
1716 1685798974278
1717 1685798974310
1718 1685798974342
1719 1685798974378
1720 1685798974410
1721 1685798974446
1722 1685798974478
1723 1685798974510
1724 1685798974546
1725 1685798974578
1726 1685798974614
1727 1685798974646
1728 1685798974678
1729 1685798974714
1730 1685798974746
1731 1685798974782
1732 1685798974814
1733 1685798974846
1734 1685798974882
1735 1685798974914
1736 1685798974950
1737 1685798974982
1738 1685798975014
1739 1685798975050
1740 1685798975082
1741 1685798975118
1742 1685798975150
1743 1685798975183
1744 1685798975217
1745 1685798975250
1746 1685798975292
1747 1685798975326
1748 1685798975363
1749 1685798975388
1750 1685798975417
1751 1685798975453
1752 1685798975485
1753 1685798975518
1754 1685798975554
1755 1685798975587
1756 1685798975623
1757 1685798975655
1758 1685798975687
1759 1685798975723
1760 1685798975755
1761 1685798975791
1762 1685798975823
1763 1685798975855
1764 1685798975891
1765 1685798975923
1766 1685798975959
1767 1685798975991
1768 1685798976023
1769 1685798976058
1770 1685798976091
1771 1685798976127
1772 1685798976159
1773 1685798976189
1774 1685798976225
1775 1685798976257
1776 1685798976293
1777 1685798976326
1778 1685798976358
1779 1685798976394
1780 1685798976426
1781 1685798976462
1782 1685798976494
1783 1685798976526
1784 1685798976562
1785 1685798976594
1786 1685798976630
1787 1685798976662
1788 1685798976694
1789 1685798976730
1790 1685798976762
1791 1685798976798
1792 1685798976830
1793 1685798976863
1794 1685798976896
1795 1685798976929
1796 1685798976965
1797 1685798976998
1798 1685798977029
1799 1685798977066
1800 1685798977098
1801 1685798977134
1802 1685798977166
1803 1685798977198
1804 1685798977233
1805 1685798977265
1806 1685798977301
1807 1685798977334
1808 1685798977366
1809 1685798977402
1810 1685798977433
1811 1685798977470
1812 1685798977503
1813 1685798977534
1814 1685798977570
1815 1685798977602
1816 1685798977638
1817 1685798977671
1818 1685798977702
1819 1685798977738
1820 1685798977770
1821 1685798977806
1822 1685798977838
1823 1685798977870
1824 1685798977907
1825 1685798977939
1826 1685798977975
1827 1685798978006
1828 1685798978038
1829 1685798978074
1830 1685798978106
1831 1685798978142
1832 1685798978174
1833 1685798978207
1834 1685798978242
1835 1685798978274
1836 1685798978313
1837 1685798978342
1838 1685798978374
1839 1685798978411
1840 1685798978443
1841 1685798978481
1842 1685798978510
1843 1685798978543
1844 1685798978578
1845 1685798978611
1846 1685798978646
1847 1685798978679
1848 1685798978710
1849 1685798978747
1850 1685798978778
1851 1685798978814
1852 1685798978846
1853 1685798978878
1854 1685798978914
1855 1685798978946
1856 1685798978982
1857 1685798979015
1858 1685798979046
1859 1685798979083
1860 1685798979114
1861 1685798979150
1862 1685798979182
1863 1685798979215
1864 1685798979250
1865 1685798979282
1866 1685798979322
1867 1685798979350
1868 1685798979382
1869 1685798979422
1870 1685798979456
1871 1685798979491
1872 1685798979517
1873 1685798979549
1874 1685798979585
1875 1685798979617
1876 1685798979654
1877 1685798979687
1878 1685798979719
1879 1685798979755
1880 1685798979787
1881 1685798979823
1882 1685798979855
1883 1685798979887
1884 1685798979922
1885 1685798979955
1886 1685798979989
1887 1685798980020
1888 1685798980052
1889 1685798980089
1890 1685798980122
1891 1685798980158
1892 1685798980190
1893 1685798980222
1894 1685798980258
1895 1685798980290
1896 1685798980326
1897 1685798980358
1898 1685798980390
1899 1685798980426
1900 1685798980458
1901 1685798980494
1902 1685798980526
1903 1685798980558
1904 1685798980594
1905 1685798980626
1906 1685798980662
1907 1685798980694
1908 1685798980726
1909 1685798980762
1910 1685798980794
1911 1685798980830
1912 1685798980862
1913 1685798980894
1914 1685798980929
1915 1685798980960
1916 1685798980997
1917 1685798981029
1918 1685798981062
1919 1685798981098
1920 1685798981130
1921 1685798981166
1922 1685798981199
1923 1685798981231
1924 1685798981267
1925 1685798981299
1926 1685798981334
1927 1685798981367
1928 1685798981399
1929 1685798981435
1930 1685798981467
1931 1685798981502
1932 1685798981533
1933 1685798981566
1934 1685798981601
1935 1685798981634
1936 1685798981670
1937 1685798981703
1938 1685798981735
1939 1685798981771
1940 1685798981802
1941 1685798981839
1942 1685798981870
1943 1685798981903
1944 1685798981939
1945 1685798981970
1946 1685798982007
1947 1685798982037
1948 1685798982069
1949 1685798982106
1950 1685798982137
1951 1685798982173
1952 1685798982206
1953 1685798982238
1954 1685798982274
1955 1685798982306
1956 1685798982342
1957 1685798982374
1958 1685798982406
1959 1685798982442
1960 1685798982473
1961 1685798982510
1962 1685798982542
1963 1685798982574
1964 1685798982610
1965 1685798982642
1966 1685798982678
1967 1685798982710
1968 1685798982742
1969 1685798982779
1970 1685798982810
1971 1685798982846
1972 1685798982878
1973 1685798982910
1974 1685798982946
1975 1685798982978
1976 1685798983014
1977 1685798983047
1978 1685798983078
1979 1685798983114
1980 1685798983150
1981 1685798983191
1982 1685798983222
1983 1685798983245
1984 1685798983280
1985 1685798983312
1986 1685798983349
1987 1685798983382
1988 1685798983415
1989 1685798983451
1990 1685798983485
1991 1685798983517
1992 1685798983549
1993 1685798983581
1994 1685798983617
1995 1685798983649
1996 1685798983687
1997 1685798983725
1998 1685798983773
1999 1685798983787
2000 1685798983818
2001 1685798983853
2002 1685798983884
2003 1685798983920
2004 1685798983954
2005 1685798983986
2006 1685798984022
2007 1685798984054
2008 1685798984086
2009 1685798984122
2010 1685798984154
2011 1685798984190
2012 1685798984222
2013 1685798984254
2014 1685798984290
2015 1685798984322
2016 1685798984358
2017 1685798984390
2018 1685798984422
2019 1685798984458
2020 1685798984490
2021 1685798984526
2022 1685798984558
2023 1685798984590
2024 1685798984626
2025 1685798984658
2026 1685798984694
2027 1685798984726
2028 1685798984758
2029 1685798984794
2030 1685798984826
2031 1685798984862
2032 1685798984894
2033 1685798984926
2034 1685798984962
2035 1685798984994
2036 1685798985030
2037 1685798985062
2038 1685798985094
2039 1685798985130
2040 1685798985162
2041 1685798985198
2042 1685798985230
2043 1685798985262
2044 1685798985297
2045 1685798985329
2046 1685798985365
2047 1685798985397
2048 1685798985429
2049 1685798985465
2050 1685798985497
2051 1685798985536
2052 1685798985566
2053 1685798985598
2054 1685798985633
2055 1685798985666
2056 1685798985702
2057 1685798985734
2058 1685798985766
2059 1685798985802
2060 1685798985834
2061 1685798985870
2062 1685798985902
2063 1685798985934
2064 1685798985970
2065 1685798986002
2066 1685798986038
2067 1685798986070
2068 1685798986102
2069 1685798986138
2070 1685798986170
2071 1685798986206
2072 1685798986238
2073 1685798986270
2074 1685798986306
2075 1685798986338
2076 1685798986374
2077 1685798986406
2078 1685798986438
2079 1685798986474
2080 1685798986506
2081 1685798986542
2082 1685798986574
2083 1685798986606
2084 1685798986642
2085 1685798986674
2086 1685798986710
2087 1685798986742
2088 1685798986774
2089 1685798986810
2090 1685798986842
2091 1685798986878
2092 1685798986910
2093 1685798986942
2094 1685798986978
2095 1685798987010
2096 1685798987046
2097 1685798987078
2098 1685798987110
2099 1685798987146
2100 1685798987178
2101 1685798987214
2102 1685798987245
2103 1685798987279
2104 1685798987315
2105 1685798987345
2106 1685798987382
2107 1685798987414
2108 1685798987446
2109 1685798987482
2110 1685798987514
2111 1685798987550
2112 1685798987581
2113 1685798987619
2114 1685798987656
2115 1685798987688
2116 1685798987717
2117 1685798987748
2118 1685798987780
2119 1685798987817
2120 1685798987850
2121 1685798987888
2122 1685798987926
2123 1685798987970
2124 1685798987988
2125 1685798988017
2126 1685798988053
2127 1685798988085
2128 1685798988118
2129 1685798988155
2130 1685798988188
2131 1685798988222
2132 1685798988256
2133 1685798988287
2134 1685798988321
2135 1685798988353
2136 1685798988389
2137 1685798988422
2138 1685798988454
2139 1685798988490
2140 1685798988522
2141 1685798988558
2142 1685798988590
2143 1685798988622
2144 1685798988658
2145 1685798988690
2146 1685798988726
2147 1685798988758
2148 1685798988790
2149 1685798988826
2150 1685798988858
2151 1685798988894
2152 1685798988926
2153 1685798988958
2154 1685798988994
2155 1685798989026
2156 1685798989062
2157 1685798989094
2158 1685798989125
2159 1685798989162
2160 1685798989194
2161 1685798989230
2162 1685798989262
2163 1685798989294
2164 1685798989329
2165 1685798989362
2166 1685798989397
2167 1685798989438
2168 1685798989461
2169 1685798989498
2170 1685798989530
2171 1685798989566
2172 1685798989598
2173 1685798989630
2174 1685798989666
2175 1685798989698
2176 1685798989734
2177 1685798989766
2178 1685798989798
2179 1685798989834
2180 1685798989866
2181 1685798989902
2182 1685798989934
2183 1685798989966
2184 1685798990002
2185 1685798990034
2186 1685798990070
2187 1685798990102
2188 1685798990134
2189 1685798990170
2190 1685798990202
2191 1685798990238
2192 1685798990270
2193 1685798990302
2194 1685798990338
2195 1685798990370
2196 1685798990406
2197 1685798990438
2198 1685798990470
2199 1685798990506
2200 1685798990537
2201 1685798990574
2202 1685798990606
2203 1685798990642
2204 1685798990673
2205 1685798990705
2206 1685798990741
2207 1685798990776
2208 1685798990832
2209 1685798990860
2210 1685798990903
2211 1685798990939
2212 1685798990970
2213 1685798991002
2214 1685798991039
2215 1685798991073
2216 1685798991111
2217 1685798991142
2218 1685798991171
2219 1685798991207
2220 1685798991239
2221 1685798991275
2222 1685798991307
2223 1685798991340
2224 1685798991375
2225 1685798991407
2226 1685798991447
2227 1685798991482
2228 1685798991535
2229 1685798991545
2230 1685798991574
2231 1685798991610
2232 1685798991642
2233 1685798991675
2234 1685798991716
2235 1685798991749
2236 1685798991793
2237 1685798991822
2238 1685798991849
2239 1685798991880
2240 1685798991917
2241 1685798991949
2242 1685798991983
2243 1685798992021
2244 1685798992078
2245 1685798992104
2246 1685798992146
2247 1685798992179
2248 1685798992215
2249 1685798992247
2250 1685798992284
2251 1685798992317
2252 1685798992349
2253 1685798992384
2254 1685798992416
2255 1685798992453
2256 1685798992484
2257 1685798992516
2258 1685798992551
2259 1685798992583
2260 1685798992619
2261 1685798992651
2262 1685798992683
2263 1685798992719
2264 1685798992751
2265 1685798992787
2266 1685798992819
2267 1685798992852
2268 1685798992888
2269 1685798992920
2270 1685798992956
2271 1685798992988
2272 1685798993020
2273 1685798993056
2274 1685798993088
2275 1685798993124
2276 1685798993156
2277 1685798993188
2278 1685798993224
2279 1685798993256
2280 1685798993292
2281 1685798993324
2282 1685798993356
2283 1685798993392
2284 1685798993424
2285 1685798993460
2286 1685798993492
2287 1685798993524
2288 1685798993560
2289 1685798993592
2290 1685798993628
2291 1685798993660
2292 1685798993696
2293 1685798993728
2294 1685798993758
2295 1685798993799
2296 1685798993833
2297 1685798993885
2298 1685798993895
2299 1685798993926
2300 1685798993962
2301 1685798993994
2302 1685798994026
2303 1685798994066
2304 1685798994100
2305 1685798994137
2306 1685798994164
2307 1685798994194
2308 1685798994230
2309 1685798994262
2310 1685798994299
2311 1685798994331
2312 1685798994364
2313 1685798994400
2314 1685798994432
2315 1685798994468
2316 1685798994500
2317 1685798994532
2318 1685798994568
2319 1685798994600
2320 1685798994636
2321 1685798994668
2322 1685798994701
2323 1685798994736
2324 1685798994768
2325 1685798994804
2326 1685798994836
2327 1685798994868
2328 1685798994904
2329 1685798994936
2330 1685798994971
2331 1685798995004
2332 1685798995035
2333 1685798995071
2334 1685798995103
2335 1685798995139
2336 1685798995171
2337 1685798995203
2338 1685798995239
2339 1685798995271
2340 1685798995307
2341 1685798995339
2342 1685798995371
2343 1685798995407
2344 1685798995439
2345 1685798995475
2346 1685798995507
2347 1685798995539
2348 1685798995575
2349 1685798995607
2350 1685798995643
2351 1685798995675
2352 1685798995707
2353 1685798995743
2354 1685798995775
2355 1685798995811
2356 1685798995843
2357 1685798995875
2358 1685798995911
2359 1685798995943
2360 1685798995979
2361 1685798996013
2362 1685798996044
2363 1685798996080
2364 1685798996112
2365 1685798996148
2366 1685798996180
2367 1685798996212
2368 1685798996248
2369 1685798996280
2370 1685798996316
2371 1685798996348
2372 1685798996380
2373 1685798996416
2374 1685798996448
2375 1685798996484
2376 1685798996516
2377 1685798996548
2378 1685798996584
2379 1685798996616
2380 1685798996652
2381 1685798996684
2382 1685798996716
2383 1685798996752
2384 1685798996784
2385 1685798996820
2386 1685798996852
2387 1685798996884
2388 1685798996920
2389 1685798996952
2390 1685798996988
2391 1685798997020
2392 1685798997052
2393 1685798997088
2394 1685798997119
2395 1685798997156
2396 1685798997188
2397 1685798997220
2398 1685798997256
2399 1685798997288
2400 1685798997324
2401 1685798997356
2402 1685798997388
2403 1685798997424
2404 1685798997456
2405 1685798997492
2406 1685798997523
2407 1685798997556
2408 1685798997592
2409 1685798997624
2410 1685798997659
2411 1685798997691
2412 1685798997723
2413 1685798997761
2414 1685798997791
2415 1685798997826
2416 1685798997858
2417 1685798997891
2418 1685798997927
2419 1685798997958
2420 1685798997996
2421 1685798998032
2422 1685798998076
2423 1685798998106
2424 1685798998133
2425 1685798998164
2426 1685798998197
2427 1685798998233
2428 1685798998268
2429 1685798998306
2430 1685798998338
2431 1685798998367
2432 1685798998401
2433 1685798998433
2434 1685798998469
2435 1685798998502
2436 1685798998535
2437 1685798998571
2438 1685798998603
2439 1685798998639
2440 1685798998671
2441 1685798998703
2442 1685798998739
2443 1685798998771
2444 1685798998807
2445 1685798998839
2446 1685798998871
2447 1685798998907
2448 1685798998938
2449 1685798998975
2450 1685798999007
2451 1685798999039
2452 1685798999075
2453 1685798999107
2454 1685798999142
2455 1685798999174
2456 1685798999207
2457 1685798999243
2458 1685798999275
2459 1685798999313
2460 1685798999343
2461 1685798999377
2462 1685798999415
2463 1685798999442
2464 1685798999477
2465 1685798999509
2466 1685798999541
2467 1685798999577
2468 1685798999612
2469 1685798999656
2470 1685798999697
2471 1685798999722
2472 1685798999744
2473 1685798999777
2474 1685798999813
2475 1685798999845
2476 1685798999883
2477 1685798999928
2478 1685798999955
2479 1685798999988
2480 1685799000013
2481 1685799000045
2482 1685799000081
2483 1685799000113
2484 1685799000150
2485 1685799000185
2486 1685799000218
2487 1685799000254
2488 1685799000281
2489 1685799000317
2490 1685799000348
2491 1685799000386
2492 1685799000422
2493 1685799000456
2494 1685799000485
2495 1685799000516
2496 1685799000548
2497 1685799000585
2498 1685799000618
2499 1685799000654
2500 1685799000687
2501 1685799000718
2502 1685799000754
2503 1685799000787
2504 1685799000823
2505 1685799000855
2506 1685799000887
2507 1685799000923
2508 1685799000955
2509 1685799000991
2510 1685799001023
2511 1685799001055
2512 1685799001091
2513 1685799001123
2514 1685799001159
2515 1685799001191
2516 1685799001222
2517 1685799001258
2518 1685799001291
2519 1685799001327
2520 1685799001359
2521 1685799001390
2522 1685799001427
2523 1685799001459
2524 1685799001495
2525 1685799001527
2526 1685799001559
2527 1685799001595
2528 1685799001626
2529 1685799001663
2530 1685799001695
2531 1685799001727
2532 1685799001762
2533 1685799001794
2534 1685799001829
2535 1685799001862
2536 1685799001893
2537 1685799001930
2538 1685799001963
2539 1685799001998
2540 1685799002030
2541 1685799002063
2542 1685799002098
2543 1685799002130
2544 1685799002165
2545 1685799002197
2546 1685799002228
2547 1685799002265
2548 1685799002297
2549 1685799002334
2550 1685799002366
2551 1685799002398
2552 1685799002434
2553 1685799002466
2554 1685799002502
2555 1685799002534
2556 1685799002566
2557 1685799002602
2558 1685799002634
2559 1685799002670
2560 1685799002702
2561 1685799002734
2562 1685799002770
2563 1685799002802
2564 1685799002838
2565 1685799002871
2566 1685799002902
2567 1685799002938
2568 1685799002970
2569 1685799003006
2570 1685799003039
2571 1685799003070
2572 1685799003105
2573 1685799003138
2574 1685799003173
2575 1685799003205
2576 1685799003237
2577 1685799003273
2578 1685799003306
2579 1685799003342
2580 1685799003374
2581 1685799003406
2582 1685799003442
2583 1685799003474
2584 1685799003509
2585 1685799003542
2586 1685799003573
2587 1685799003610
2588 1685799003642
2589 1685799003678
2590 1685799003709
2591 1685799003742
2592 1685799003777
2593 1685799003809
2594 1685799003845
2595 1685799003878
2596 1685799003909
2597 1685799003946
2598 1685799003978
2599 1685799004014
2600 1685799004046
2601 1685799004078
2602 1685799004114
2603 1685799004146
2604 1685799004182
2605 1685799004214
2606 1685799004246
2607 1685799004282
2608 1685799004314
2609 1685799004350
2610 1685799004382
2611 1685799004414
2612 1685799004450
2613 1685799004482
2614 1685799004518
2615 1685799004550
2616 1685799004581
2617 1685799004617
2618 1685799004650
2619 1685799004686
2620 1685799004717
2621 1685799004750
2622 1685799004785
2623 1685799004818
2624 1685799004854
2625 1685799004886
2626 1685799004918
2627 1685799004954
2628 1685799004986
2629 1685799005022
2630 1685799005054
2631 1685799005086
2632 1685799005122
2633 1685799005154
2634 1685799005190
2635 1685799005222
2636 1685799005254
2637 1685799005290
2638 1685799005322
2639 1685799005358
2640 1685799005389
2641 1685799005422
2642 1685799005458
2643 1685799005490
2644 1685799005526
2645 1685799005558
2646 1685799005590
2647 1685799005626
2648 1685799005658
2649 1685799005694
2650 1685799005726
2651 1685799005758
2652 1685799005794
2653 1685799005826
2654 1685799005862
2655 1685799005894
2656 1685799005926
2657 1685799005962
2658 1685799005994
2659 1685799006030
2660 1685799006062
2661 1685799006094
2662 1685799006130
2663 1685799006163
2664 1685799006198
2665 1685799006229
2666 1685799006260
2667 1685799006297
2668 1685799006329
2669 1685799006365
2670 1685799006399
2671 1685799006436
2672 1685799006488
2673 1685799006508
2674 1685799006533
2675 1685799006565
2676 1685799006597
2677 1685799006633
2678 1685799006667
2679 1685799006710
2680 1685799006742
2681 1685799006770
2682 1685799006801
2683 1685799006833
2684 1685799006869
2685 1685799006901
2686 1685799006934
2687 1685799006971
2688 1685799007006
2689 1685799007041
2690 1685799007069
2691 1685799007101
2692 1685799007137
2693 1685799007169
2694 1685799007206
2695 1685799007241
2696 1685799007279
2697 1685799007316
2698 1685799007340
2699 1685799007373
2700 1685799007405
2701 1685799007437
2702 1685799007474
2703 1685799007509
2704 1685799007548
2705 1685799007589
2706 1685799007607
2707 1685799007641
2708 1685799007673
2709 1685799007709
2710 1685799007742
2711 1685799007774
2712 1685799007810
2713 1685799007841
2714 1685799007878
2715 1685799007910
2716 1685799007942
2717 1685799007978
2718 1685799008009
2719 1685799008046
2720 1685799008079
2721 1685799008111
2722 1685799008147
2723 1685799008179
2724 1685799008214
2725 1685799008247
2726 1685799008279
2727 1685799008314
2728 1685799008347
2729 1685799008383
2730 1685799008415
2731 1685799008449
2732 1685799008487
2733 1685799008515
2734 1685799008549
2735 1685799008581
2736 1685799008613
2737 1685799008649
2738 1685799008683
2739 1685799008719
2740 1685799008752
2741 1685799008783
2742 1685799008819
2743 1685799008851
2744 1685799008887
2745 1685799008918
2746 1685799008949
2747 1685799008985
2748 1685799009017
2749 1685799009053
2750 1685799009087
2751 1685799009143
2752 1685799009180
2753 1685799009191
2754 1685799009221
2755 1685799009253
2756 1685799009285
2757 1685799009321
2758 1685799009357
2759 1685799009406
2760 1685799009445
2761 1685799009460
2762 1685799009489
2763 1685799009521
2764 1685799009557
2765 1685799009589
2766 1685799009622
2767 1685799009661
2768 1685799009694
2769 1685799009732
2770 1685799009758
2771 1685799009789
2772 1685799009825
2773 1685799009857
2774 1685799009894
2775 1685799009931
2776 1685799009964
2777 1685799010000
2778 1685799010026
2779 1685799010061
2780 1685799010093
2781 1685799010125
2782 1685799010163
2783 1685799010208
2784 1685799010250
2785 1685799010273
2786 1685799010293
2787 1685799010329
2788 1685799010361
2789 1685799010397
2790 1685799010430
2791 1685799010467
2792 1685799010517
2793 1685799010542
2794 1685799010567
2795 1685799010596
2796 1685799010628
2797 1685799010665
2798 1685799010697
2799 1685799010738
2800 1685799010772
2801 1685799010805
2802 1685799010839
2803 1685799010866
2804 1685799010900
2805 1685799010932
2806 1685799010965
2807 1685799011006
2808 1685799011048
2809 1685799011078
2810 1685799011110
2811 1685799011133
2812 1685799011169
2813 1685799011201
2814 1685799011237
2815 1685799011270
2816 1685799011302
2817 1685799011339
2818 1685799011371
2819 1685799011407
2820 1685799011439
2821 1685799011471
2822 1685799011507
2823 1685799011539
2824 1685799011575
2825 1685799011607
2826 1685799011639
2827 1685799011674
2828 1685799011706
2829 1685799011742
2830 1685799011774
2831 1685799011806
2832 1685799011842
2833 1685799011874
2834 1685799011910
2835 1685799011942
2836 1685799011974
2837 1685799012010
2838 1685799012041
2839 1685799012078
2840 1685799012110
2841 1685799012147
2842 1685799012184
2843 1685799012218
2844 1685799012246
2845 1685799012276
2846 1685799012308
2847 1685799012345
2848 1685799012378
2849 1685799012414
2850 1685799012447
2851 1685799012479
2852 1685799012515
2853 1685799012547
2854 1685799012583
2855 1685799012615
2856 1685799012647
2857 1685799012683
2858 1685799012715
2859 1685799012751
2860 1685799012783
2861 1685799012815
2862 1685799012851
2863 1685799012883
2864 1685799012919
2865 1685799012951
2866 1685799012982
2867 1685799013018
2868 1685799013050
2869 1685799013086
2870 1685799013117
2871 1685799013149
2872 1685799013186
2873 1685799013218
2874 1685799013254
2875 1685799013286
2876 1685799013317
2877 1685799013354
2878 1685799013386
2879 1685799013422
2880 1685799013454
2881 1685799013486
2882 1685799013522
2883 1685799013554
2884 1685799013590
2885 1685799013622
2886 1685799013654
2887 1685799013690
2888 1685799013722
2889 1685799013758
2890 1685799013790
2891 1685799013822
2892 1685799013858
2893 1685799013891
2894 1685799013926
2895 1685799013958
2896 1685799013990
2897 1685799014026
2898 1685799014058
2899 1685799014095
2900 1685799014126
2901 1685799014158
2902 1685799014194
2903 1685799014227
2904 1685799014262
2905 1685799014295
2906 1685799014326
2907 1685799014362
2908 1685799014394
2909 1685799014430
2910 1685799014462
2911 1685799014494
2912 1685799014530
2913 1685799014562
2914 1685799014598
2915 1685799014629
2916 1685799014661
2917 1685799014697
2918 1685799014730
2919 1685799014766
2920 1685799014797
2921 1685799014830
2922 1685799014866
2923 1685799014898
2924 1685799014938
2925 1685799014972
2926 1685799015010
2927 1685799015033
2928 1685799015064
2929 1685799015101
2930 1685799015133
2931 1685799015165
2932 1685799015203
2933 1685799015237
2934 1685799015275
2935 1685799015306
2936 1685799015332
2937 1685799015369
2938 1685799015401
2939 1685799015437
2940 1685799015471
2941 1685799015507
2942 1685799015558
2943 1685799015584
2944 1685799015634
2945 1685799015667
2946 1685799015699
2947 1685799015736
2948 1685799015769
2949 1685799015804
2950 1685799015837
2951 1685799015868
2952 1685799015905
2953 1685799015937
2954 1685799015972
2955 1685799016005
2956 1685799016035
2957 1685799016072
2958 1685799016103
2959 1685799016139
2960 1685799016171
2961 1685799016204
2962 1685799016239
2963 1685799016271
2964 1685799016307
2965 1685799016339
2966 1685799016372
2967 1685799016408
2968 1685799016440
2969 1685799016477
2970 1685799016509
2971 1685799016540
2972 1685799016576
2973 1685799016608
2974 1685799016644
2975 1685799016676
2976 1685799016708
2977 1685799016744
2978 1685799016776
2979 1685799016812
2980 1685799016844
2981 1685799016876
2982 1685799016912
2983 1685799016944
2984 1685799016980
2985 1685799017012
2986 1685799017045
2987 1685799017080
2988 1685799017112
2989 1685799017148
2990 1685799017180
2991 1685799017211
2992 1685799017248
2993 1685799017280
2994 1685799017316
2995 1685799017348
2996 1685799017380
2997 1685799017416
2998 1685799017449
2999 1685799017484
3000 1685799017516
3001 1685799017548
3002 1685799017584
3003 1685799017616
3004 1685799017652
3005 1685799017684
3006 1685799017716
3007 1685799017752
3008 1685799017784
3009 1685799017820
3010 1685799017853
3011 1685799017884
3012 1685799017920
3013 1685799017952
3014 1685799017988
3015 1685799018019
3016 1685799018051
3017 1685799018087
3018 1685799018119
3019 1685799018155
3020 1685799018187
3021 1685799018219
3022 1685799018255
3023 1685799018287
3024 1685799018323
3025 1685799018355
3026 1685799018387
3027 1685799018423
3028 1685799018455
3029 1685799018491
3030 1685799018523
3031 1685799018555
3032 1685799018591
3033 1685799018623
3034 1685799018659
3035 1685799018691
3036 1685799018723
3037 1685799018759
3038 1685799018791
3039 1685799018827
3040 1685799018859
3041 1685799018891
3042 1685799018927
3043 1685799018959
3044 1685799018995
3045 1685799019026
3046 1685799019058
3047 1685799019095
3048 1685799019127
3049 1685799019163
3050 1685799019195
3051 1685799019227
3052 1685799019263
3053 1685799019295
3054 1685799019331
3055 1685799019363
3056 1685799019395
3057 1685799019431
3058 1685799019463
3059 1685799019499
3060 1685799019531
3061 1685799019563
3062 1685799019599
3063 1685799019631
3064 1685799019667
3065 1685799019699
3066 1685799019731
3067 1685799019768
3068 1685799019800
3069 1685799019835
3070 1685799019867
3071 1685799019899
3072 1685799019935
3073 1685799019967
3074 1685799020003
3075 1685799020035
3076 1685799020067
3077 1685799020103
3078 1685799020135
3079 1685799020172
3080 1685799020203
3081 1685799020235
3082 1685799020272
3083 1685799020303
3084 1685799020339
3085 1685799020369
3086 1685799020402
3087 1685799020438
3088 1685799020471
3089 1685799020507
3090 1685799020539
3091 1685799020571
3092 1685799020607
3093 1685799020640
3094 1685799020677
3095 1685799020706
3096 1685799020738
3097 1685799020779
3098 1685799020817
3099 1685799020844
3100 1685799020875
3101 1685799020906
3102 1685799020942
3103 1685799020974
3104 1685799021009
3105 1685799021042
3106 1685799021074
3107 1685799021110
3108 1685799021142
3109 1685799021178
3110 1685799021210
3111 1685799021242
3112 1685799021278
3113 1685799021310
3114 1685799021346
3115 1685799021378
3116 1685799021410
3117 1685799021446
3118 1685799021478
3119 1685799021514
3120 1685799021546
3121 1685799021578
3122 1685799021614
3123 1685799021646
3124 1685799021683
3125 1685799021714
3126 1685799021746
3127 1685799021782
3128 1685799021815
3129 1685799021851
3130 1685799021883
3131 1685799021915
3132 1685799021951
3133 1685799021983
3134 1685799022020
3135 1685799022052
3136 1685799022083
3137 1685799022119
3138 1685799022151
3139 1685799022187
3140 1685799022219
3141 1685799022251
3142 1685799022287
3143 1685799022319
3144 1685799022355
3145 1685799022387
3146 1685799022419
3147 1685799022455
3148 1685799022487
3149 1685799022524
3150 1685799022556
3151 1685799022587
3152 1685799022624
3153 1685799022655
3154 1685799022691
3155 1685799022723
3156 1685799022755
3157 1685799022791
3158 1685799022823
3159 1685799022859
3160 1685799022891
3161 1685799022928
3162 1685799022965
3163 1685799022997
3164 1685799023027
3165 1685799023058
3166 1685799023090
3167 1685799023126
3168 1685799023158
3169 1685799023195
3170 1685799023229
3171 1685799023265
3172 1685799023320
3173 1685799023335
3174 1685799023401
3175 1685799023433
3176 1685799023465
3177 1685799023495
3178 1685799023536
3179 1685799023569
3180 1685799023603
3181 1685799023630
3182 1685799023662
3183 1685799023698
3184 1685799023731
3185 1685799023763
3186 1685799023800
3187 1685799023833
3188 1685799023869
3189 1685799023899
3190 1685799023930
3191 1685799023973
3192 1685799024005
3193 1685799024035
3194 1685799024066
3195 1685799024098
3196 1685799024134
3197 1685799024166
3198 1685799024202
3199 1685799024235
3200 1685799024267
3201 1685799024308
3202 1685799024341
3203 1685799024372
3204 1685799024402
3205 1685799024434
3206 1685799024471
3207 1685799024508
3208 1685799024549
3209 1685799024579
3210 1685799024606
3211 1685799024638
3212 1685799024670
3213 1685799024706
3214 1685799024739
3215 1685799024771
3216 1685799024808
3217 1685799024840
3218 1685799024880
3219 1685799024927
3220 1685799024962
3221 1685799024979
3222 1685799025012
3223 1685799025044
3224 1685799025077
3225 1685799025113
3226 1685799025150
3227 1685799025188
3228 1685799025232
3229 1685799025254
3230 1685799025281
3231 1685799025313
3232 1685799025349
3233 1685799025381
