1 1708177798033
2 1708177798093
3 1708177798153
4 1708177798215
5 1708177798275
6 1708177798337
7 1708177798397
8 1708177798463
9 1708177798524
10 1708177798588
11 1708177798647
12 1708177798706
13 1708177798766
14 1708177798828
15 1708177798890
16 1708177798949
17 1708177799009
18 1708177799072
19 1708177799132
20 1708177799192
21 1708177799254
22 1708177799314
23 1708177799376
24 1708177799435
25 1708177799496
26 1708177799557
27 1708177799620
28 1708177799680
29 1708177799740
30 1708177799800
31 1708177799861
32 1708177799921
33 1708177799983
34 1708177800043
35 1708177800103
36 1708177800164
37 1708177800226
38 1708177800287
39 1708177800348
40 1708177800409
41 1708177800472
42 1708177800531
43 1708177800594
44 1708177800650
45 1708177800703
46 1708177800756
47 1708177800814
48 1708177800874
49 1708177800934
50 1708177800995
51 1708177801060
52 1708177801117
53 1708177801176
54 1708177801240
55 1708177801297
56 1708177801356
57 1708177801417
58 1708177801479
59 1708177801537
60 1708177801600
61 1708177801661
62 1708177801723
63 1708177801783
64 1708177801844
65 1708177801900
66 1708177801962
67 1708177802023
68 1708177802086
69 1708177802144
70 1708177802204
71 1708177802266
72 1708177802327
73 1708177802388
74 1708177802445
75 1708177802507
76 1708177802566
77 1708177802631
78 1708177802691
79 1708177802751
80 1708177802810
81 1708177802872
82 1708177802929
83 1708177802989
84 1708177803048
85 1708177803107
86 1708177803172
87 1708177803231
88 1708177803292
89 1708177803355
90 1708177803415
91 1708177803475
92 1708177803533
93 1708177803592
94 1708177803660
95 1708177803717
96 1708177803776
97 1708177803836
98 1708177803899
99 1708177803956
100 1708177804016
101 1708177804077
102 1708177804136
103 1708177804202
104 1708177804265
105 1708177804322
106 1708177804383
107 1708177804442
108 1708177804505
109 1708177804568
110 1708177804621
111 1708177804681
112 1708177804746
113 1708177804805
114 1708177804867
115 1708177804927
116 1708177804986
117 1708177805044
118 1708177805105
119 1708177805167
120 1708177805231
121 1708177805288
122 1708177805349
123 1708177805411
124 1708177805472
125 1708177805530
126 1708177805589
127 1708177805650
128 1708177805710
129 1708177805774
130 1708177805834
131 1708177805894
132 1708177805953
133 1708177806014
134 1708177806074
135 1708177806134
136 1708177806194
137 1708177806256
138 1708177806317
139 1708177806380
140 1708177806436
141 1708177806497
142 1708177806560
143 1708177806619
144 1708177806679
145 1708177806736
146 1708177806804
147 1708177806865
148 1708177806922
149 1708177806984
150 1708177807044
151 1708177807104
152 1708177807177
153 1708177807233
154 1708177807287
155 1708177807347
156 1708177807407
157 1708177807465
158 1708177807528
159 1708177807588
160 1708177807648
161 1708177807704
162 1708177807764
163 1708177807831
164 1708177807893
165 1708177807952
166 1708177808009
167 1708177808071
168 1708177808132
169 1708177808191
170 1708177808249
171 1708177808312
172 1708177808376
173 1708177808432
174 1708177808492
175 1708177808553
176 1708177808615
177 1708177808674
178 1708177808732
179 1708177808796
180 1708177808861
181 1708177808924
182 1708177808978
183 1708177809038
184 1708177809098
185 1708177809158
186 1708177809218
187 1708177809278
188 1708177809337
189 1708177809399
190 1708177809460
191 1708177809523
192 1708177809582
193 1708177809640
194 1708177809700
195 1708177809763
196 1708177809821
197 1708177809880
198 1708177809945
199 1708177810005
200 1708177810065
201 1708177810126
202 1708177810185
203 1708177810246
204 1708177810304
205 1708177810365
206 1708177810429
207 1708177810490
208 1708177810548
209 1708177810608
210 1708177810671
211 1708177810728
212 1708177810789
213 1708177810848
214 1708177810911
215 1708177810972
216 1708177811032
217 1708177811092
218 1708177811152
219 1708177811215
220 1708177811274
221 1708177811332
222 1708177811395
223 1708177811456
224 1708177811516
225 1708177811577
226 1708177811637
227 1708177811697
228 1708177811755
229 1708177811816
230 1708177811879
231 1708177811937
232 1708177812000
233 1708177812060
234 1708177812122
235 1708177812180
236 1708177812240
237 1708177812300
238 1708177812364
239 1708177812420
240 1708177812481
241 1708177812545
242 1708177812605
243 1708177812665
244 1708177812724
245 1708177812784
246 1708177812847
247 1708177812904
248 1708177812964
249 1708177813028
250 1708177813088
251 1708177813150
252 1708177813209
253 1708177813268
254 1708177813330
255 1708177813391
256 1708177813451
257 1708177813512
258 1708177813574
259 1708177813635
260 1708177813697
261 1708177813753
262 1708177813814
263 1708177813876
264 1708177813935
265 1708177813997
266 1708177814055
267 1708177814118
268 1708177814180
269 1708177814238
270 1708177814299
271 1708177814359
272 1708177814419
273 1708177814477
274 1708177814537
275 1708177814603
276 1708177814663
277 1708177814725
278 1708177814784
279 1708177814845
280 1708177814905
281 1708177814960
282 1708177815021
283 1708177815083
284 1708177815145
285 1708177815204
286 1708177815266
287 1708177815328
288 1708177815387
289 1708177815446
290 1708177815507
291 1708177815567
292 1708177815632
293 1708177815688
294 1708177815748
295 1708177815810
296 1708177815871
297 1708177815931
298 1708177815988
299 1708177816050
300 1708177816112
301 1708177816176
302 1708177816236
303 1708177816293
304 1708177816355
305 1708177816415
306 1708177816476
307 1708177816533
308 1708177816595
309 1708177816660
310 1708177816717
311 1708177816777
312 1708177816838
313 1708177816899
314 1708177816960
315 1708177817016
316 1708177817077
317 1708177817139
318 1708177817202
319 1708177817262
320 1708177817323
321 1708177817383
322 1708177817443
323 1708177817501
324 1708177817564
325 1708177817622
326 1708177817684
327 1708177817746
328 1708177817806
329 1708177817866
330 1708177817927
331 1708177817984
332 1708177818045
333 1708177818106
334 1708177818164
335 1708177818228
336 1708177818290
337 1708177818348
338 1708177818410
339 1708177818470
340 1708177818529
341 1708177818592
342 1708177818655
343 1708177818711
344 1708177818774
345 1708177818835
346 1708177818897
347 1708177818953
348 1708177819013
349 1708177819075
350 1708177819136
351 1708177819195
352 1708177819253
353 1708177819319
354 1708177819380
355 1708177819442
356 1708177819499
357 1708177819558
358 1708177819619
359 1708177819676
360 1708177819739
361 1708177819802
362 1708177819863
363 1708177819922
364 1708177819983
365 1708177820043
366 1708177820104
367 1708177820161
368 1708177820221
369 1708177820283
370 1708177820352
371 1708177820409
372 1708177820465
373 1708177820525
374 1708177820585
375 1708177820645
376 1708177820707
377 1708177820767
378 1708177820831
379 1708177820888
380 1708177820949
381 1708177821011
382 1708177821071
383 1708177821131
384 1708177821190
385 1708177821251
386 1708177821314
387 1708177821373
388 1708177821433
389 1708177821495
390 1708177821556
391 1708177821612
392 1708177821675
393 1708177821736
394 1708177821794
395 1708177821852
396 1708177821919
397 1708177821980
398 1708177822039
399 1708177822097
400 1708177822157
401 1708177822218
402 1708177822278
403 1708177822338
404 1708177822402
405 1708177822462
406 1708177822522
407 1708177822582
408 1708177822642
409 1708177822702
410 1708177822777
411 1708177822834
412 1708177822891
413 1708177822948
414 1708177823010
415 1708177823066
416 1708177823127
417 1708177823187
418 1708177823247
419 1708177823304
420 1708177823367
421 1708177823431
422 1708177823492
423 1708177823549
424 1708177823609
425 1708177823669
426 1708177823729
427 1708177823789
428 1708177823851
429 1708177823910
430 1708177823978
431 1708177824035
432 1708177824095
433 1708177824155
434 1708177824216
435 1708177824274
436 1708177824335
437 1708177824394
438 1708177824456
439 1708177824517
440 1708177824580
441 1708177824640
442 1708177824704
443 1708177824761
444 1708177824817
445 1708177824878
446 1708177824938
447 1708177825001
448 1708177825063
449 1708177825123
450 1708177825184
451 1708177825243
452 1708177825303
453 1708177825363
454 1708177825421
455 1708177825482
456 1708177825545
457 1708177825607
458 1708177825666
459 1708177825725
460 1708177825787
461 1708177825847
462 1708177825906
463 1708177825964
464 1708177826027
465 1708177826091
466 1708177826149
467 1708177826209
468 1708177826272
469 1708177826333
470 1708177826392
471 1708177826449
472 1708177826512
473 1708177826575
474 1708177826634
475 1708177826692
476 1708177826755
477 1708177826815
478 1708177826876
479 1708177826934
480 1708177826995
481 1708177827055
482 1708177827121
483 1708177827177
484 1708177827240
485 1708177827298
486 1708177827359
487 1708177827419
488 1708177827478
489 1708177827539
490 1708177827606
491 1708177827664
492 1708177827722
493 1708177827786
494 1708177827846
495 1708177827901
496 1708177827964
497 1708177828023
498 1708177828085
499 1708177828144
500 1708177828205
501 1708177828267
502 1708177828327
503 1708177828387
504 1708177828446
505 1708177828507
506 1708177828576
507 1708177828633
508 1708177828691
509 1708177828752
510 1708177828815
511 1708177828871
512 1708177828932
513 1708177828990
514 1708177829050
515 1708177829110
516 1708177829174
517 1708177829232
518 1708177829296
519 1708177829355
520 1708177829415
521 1708177829475
522 1708177829534
523 1708177829593
524 1708177829655
525 1708177829720
526 1708177829794
527 1708177829847
528 1708177829901
529 1708177829959
530 1708177830018
531 1708177830077
532 1708177830137
533 1708177830202
534 1708177830264
535 1708177830321
536 1708177830382
537 1708177830443
538 1708177830502
539 1708177830560
540 1708177830624
541 1708177830684
542 1708177830747
543 1708177830805
544 1708177830864
545 1708177830927
546 1708177830987
547 1708177831048
548 1708177831105
549 1708177831168
550 1708177831227
551 1708177831291
552 1708177831351
553 1708177831410
554 1708177831471
555 1708177831531
556 1708177831593
557 1708177831649
558 1708177831711
559 1708177831778
560 1708177831837
561 1708177831900
562 1708177831957
563 1708177832016
564 1708177832075
565 1708177832135
566 1708177832195
567 1708177832256
568 1708177832321
569 1708177832384
570 1708177832446
571 1708177832515
572 1708177832568
573 1708177832622
574 1708177832677
575 1708177832744
576 1708177832803
577 1708177832863
578 1708177832923
579 1708177832983
580 1708177833044
581 1708177833103
582 1708177833164
583 1708177833220
584 1708177833282
585 1708177833347
586 1708177833407
587 1708177833467
588 1708177833527
589 1708177833587
590 1708177833648
591 1708177833708
592 1708177833769
593 1708177833829
594 1708177833890
595 1708177833948
596 1708177834009
597 1708177834071
598 1708177834132
599 1708177834195
600 1708177834255
601 1708177834325
602 1708177834381
603 1708177834437
604 1708177834494
605 1708177834555
606 1708177834615
607 1708177834675
608 1708177834734
609 1708177834794
610 1708177834855
611 1708177834918
612 1708177834979
613 1708177835038
614 1708177835100
615 1708177835159
616 1708177835219
617 1708177835278
618 1708177835339
619 1708177835402
620 1708177835463
621 1708177835523
622 1708177835582
623 1708177835643
624 1708177835702
625 1708177835762
626 1708177835824
627 1708177835882
628 1708177835946
629 1708177836004
630 1708177836065
631 1708177836129
632 1708177836187
633 1708177836247
634 1708177836307
635 1708177836367
636 1708177836427
637 1708177836492
638 1708177836550
639 1708177836611
640 1708177836671
641 1708177836732
642 1708177836794
643 1708177836852
644 1708177836912
645 1708177836975
646 1708177837035
647 1708177837096
648 1708177837154
649 1708177837212
650 1708177837276
651 1708177837335
652 1708177837396
653 1708177837455
654 1708177837519
655 1708177837579
656 1708177837639
657 1708177837697
658 1708177837760
659 1708177837819
660 1708177837883
661 1708177837941
662 1708177838003
663 1708177838063
664 1708177838123
665 1708177838182
666 1708177838243
667 1708177838303
668 1708177838365
669 1708177838423
670 1708177838482
671 1708177838547
672 1708177838607
673 1708177838667
674 1708177838727
675 1708177838787
676 1708177838848
677 1708177838906
678 1708177838968
679 1708177839027
680 1708177839091
681 1708177839151
682 1708177839211
683 1708177839271
684 1708177839330
685 1708177839389
686 1708177839452
687 1708177839511
688 1708177839575
689 1708177839635
690 1708177839694
691 1708177839759
692 1708177839816
693 1708177839874
694 1708177839934
695 1708177839995
696 1708177840054
697 1708177840118
698 1708177840179
699 1708177840240
700 1708177840300
701 1708177840359
702 1708177840419
703 1708177840478
704 1708177840539
705 1708177840603
706 1708177840663
707 1708177840723
708 1708177840783
709 1708177840843
710 1708177840902
711 1708177840962
712 1708177841022
713 1708177841083
714 1708177841147
715 1708177841207
716 1708177841268
717 1708177841332
718 1708177841391
719 1708177841451
720 1708177841509
721 1708177841566
722 1708177841627
723 1708177841691
724 1708177841756
725 1708177841815
726 1708177841872
727 1708177841932
728 1708177841994
729 1708177842051
730 1708177842111
731 1708177842176
732 1708177842235
733 1708177842295
734 1708177842355
735 1708177842416
736 1708177842474
737 1708177842535
738 1708177842595
739 1708177842656
740 1708177842719
741 1708177842780
742 1708177842840
743 1708177842900
744 1708177842962
745 1708177843019
746 1708177843079
747 1708177843139
748 1708177843203
749 1708177843263
750 1708177843323
751 1708177843384
752 1708177843442
753 1708177843503
754 1708177843563
755 1708177843623
756 1708177843682
757 1708177843746
758 1708177843807
759 1708177843868
760 1708177843928
761 1708177843987
762 1708177844047
763 1708177844108
764 1708177844167
765 1708177844227
766 1708177844291
767 1708177844351
768 1708177844412
769 1708177844471
770 1708177844532
771 1708177844592
772 1708177844651
773 1708177844709
774 1708177844775
775 1708177844835
776 1708177844896
777 1708177844954
778 1708177845014
779 1708177845074
780 1708177845132
781 1708177845192
782 1708177845252
783 1708177845320
784 1708177845379
785 1708177845440
786 1708177845499
787 1708177845560
788 1708177845620
789 1708177845676
790 1708177845740
791 1708177845799
792 1708177845863
793 1708177845923
794 1708177845981
795 1708177846042
796 1708177846104
797 1708177846164
798 1708177846221
799 1708177846283
800 1708177846347
801 1708177846406
802 1708177846469
803 1708177846527
804 1708177846587
805 1708177846647
806 1708177846707
807 1708177846767
808 1708177846827
809 1708177846891
810 1708177846951
811 1708177847009
812 1708177847071
813 1708177847131
814 1708177847199
815 1708177847256
816 1708177847314
817 1708177847374
818 1708177847435
819 1708177847497
820 1708177847558
821 1708177847618
822 1708177847678
823 1708177847736
824 1708177847795
825 1708177847856
826 1708177847919
827 1708177847979
828 1708177848039
829 1708177848100
830 1708177848158
831 1708177848219
832 1708177848279
833 1708177848339
834 1708177848404
835 1708177848463
836 1708177848530
837 1708177848587
838 1708177848644
839 1708177848704
840 1708177848760
841 1708177848823
842 1708177848883
843 1708177848947
844 1708177849011
845 1708177849069
846 1708177849126
847 1708177849188
848 1708177849247
849 1708177849308
850 1708177849369
851 1708177849427
852 1708177849491
853 1708177849551
854 1708177849614
855 1708177849671
856 1708177849731
857 1708177849791
858 1708177849851
859 1708177849911
860 1708177849975
861 1708177850036
862 1708177850095
863 1708177850156
864 1708177850214
865 1708177850275
866 1708177850335
867 1708177850395
868 1708177850456
869 1708177850519
870 1708177850579
871 1708177850639
872 1708177850699
873 1708177850761
874 1708177850819
875 1708177850879
876 1708177850939
877 1708177850999
878 1708177851063
879 1708177851123
880 1708177851183
881 1708177851243
882 1708177851303
883 1708177851364
884 1708177851423
885 1708177851483
886 1708177851547
887 1708177851607
888 1708177851667
889 1708177851730
890 1708177851788
891 1708177851846
892 1708177851907
893 1708177851967
894 1708177852027
895 1708177852092
896 1708177852151
897 1708177852211
898 1708177852272
899 1708177852332
900 1708177852391
901 1708177852451
902 1708177852511
903 1708177852576
904 1708177852635
905 1708177852695
906 1708177852755
907 1708177852815
908 1708177852874
909 1708177852935
910 1708177852995
911 1708177853055
912 1708177853120
913 1708177853179
914 1708177853238
915 1708177853299
916 1708177853360
917 1708177853419
918 1708177853481
919 1708177853542
920 1708177853603
921 1708177853663
922 1708177853723
923 1708177853783
924 1708177853842
925 1708177853903
926 1708177853964
927 1708177854022
928 1708177854083
929 1708177854147
930 1708177854207
931 1708177854267
932 1708177854327
933 1708177854387
934 1708177854451
935 1708177854514
936 1708177854571
937 1708177854629
938 1708177854691
939 1708177854751
940 1708177854811
941 1708177854871
942 1708177854931
943 1708177854991
944 1708177855051
945 1708177855110
946 1708177855176
947 1708177855236
948 1708177855296
949 1708177855356
950 1708177855415
951 1708177855476
952 1708177855536
953 1708177855595
954 1708177855656
955 1708177855719
956 1708177855779
957 1708177855840
958 1708177855899
959 1708177855957
960 1708177856019
961 1708177856079
962 1708177856139
963 1708177856200
964 1708177856263
965 1708177856323
966 1708177856394
967 1708177856451
968 1708177856510
969 1708177856567
970 1708177856628
971 1708177856685
972 1708177856745
973 1708177856808
974 1708177856867
975 1708177856925
976 1708177856987
977 1708177857048
978 1708177857105
979 1708177857164
980 1708177857228
981 1708177857291
982 1708177857354
983 1708177857410
984 1708177857472
985 1708177857531
986 1708177857594
987 1708177857654
988 1708177857714
989 1708177857778
990 1708177857844
991 1708177857906
992 1708177857964
993 1708177858022
994 1708177858080
995 1708177858139
996 1708177858196
997 1708177858256
998 1708177858319
999 1708177858379
1000 1708177858438
1001 1708177858498
1002 1708177858559
1003 1708177858620
1004 1708177858680
1005 1708177858741
1006 1708177858800
1007 1708177858863
1008 1708177858924
1009 1708177858983
1010 1708177859047
1011 1708177859105
1012 1708177859164
1013 1708177859224
1014 1708177859283
1015 1708177859347
1016 1708177859407
1017 1708177859467
1018 1708177859526
1019 1708177859588
1020 1708177859647
1021 1708177859707
1022 1708177859767
1023 1708177859828
1024 1708177859892
1025 1708177859952
1026 1708177860011
1027 1708177860071
1028 1708177860132
1029 1708177860190
1030 1708177860251
1031 1708177860311
1032 1708177860372
1033 1708177860435
1034 1708177860495
1035 1708177860556
1036 1708177860615
1037 1708177860675
1038 1708177860737
1039 1708177860795
1040 1708177860857
1041 1708177860919
1042 1708177860979
1043 1708177861042
1044 1708177861098
1045 1708177861157
1046 1708177861220
1047 1708177861280
1048 1708177861338
1049 1708177861400
1050 1708177861462
1051 1708177861523
1052 1708177861583
1053 1708177861644
1054 1708177861703
1055 1708177861762
1056 1708177861822
1057 1708177861883
1058 1708177861946
1059 1708177862007
1060 1708177862066
1061 1708177862127
1062 1708177862186
1063 1708177862247
1064 1708177862307
1065 1708177862367
1066 1708177862427
1067 1708177862491
1068 1708177862551
1069 1708177862609
1070 1708177862671
1071 1708177862730
1072 1708177862791
1073 1708177862850
1074 1708177862910
1075 1708177862971
1076 1708177863034
1077 1708177863095
1078 1708177863154
1079 1708177863214
1080 1708177863274
1081 1708177863334
1082 1708177863394
1083 1708177863456
1084 1708177863519
1085 1708177863577
1086 1708177863638
1087 1708177863700
1088 1708177863760
1089 1708177863817
1090 1708177863877
1091 1708177863940
1092 1708177863999
1093 1708177864063
1094 1708177864123
1095 1708177864184
1096 1708177864243
1097 1708177864303
1098 1708177864363
1099 1708177864423
1100 1708177864483
1101 1708177864545
1102 1708177864607
1103 1708177864667
1104 1708177864727
1105 1708177864785
1106 1708177864846
1107 1708177864907
1108 1708177864968
1109 1708177865027
1110 1708177865092
1111 1708177865154
1112 1708177865211
1113 1708177865269
1114 1708177865331
1115 1708177865392
1116 1708177865451
1117 1708177865511
1118 1708177865571
1119 1708177865635
1120 1708177865695
1121 1708177865755
1122 1708177865814
1123 1708177865875
1124 1708177865934
1125 1708177865992
1126 1708177866056
1127 1708177866119
1128 1708177866180
1129 1708177866238
1130 1708177866298
1131 1708177866357
1132 1708177866419
1133 1708177866480
1134 1708177866539
1135 1708177866599
1136 1708177866663
1137 1708177866724
1138 1708177866783
1139 1708177866844
1140 1708177866903
1141 1708177866961
1142 1708177867023
1143 1708177867084
1144 1708177867146
1145 1708177867206
1146 1708177867267
1147 1708177867327
1148 1708177867387
1149 1708177867446
1150 1708177867507
1151 1708177867566
1152 1708177867632
1153 1708177867693
1154 1708177867751
1155 1708177867812
1156 1708177867871
1157 1708177867930
1158 1708177867990
1159 1708177868052
1160 1708177868112
1161 1708177868171
1162 1708177868235
1163 1708177868295
1164 1708177868354
1165 1708177868415
1166 1708177868475
1167 1708177868535
1168 1708177868595
1169 1708177868656
1170 1708177868718
1171 1708177868779
1172 1708177868839
1173 1708177868899
1174 1708177868960
1175 1708177869020
1176 1708177869079
1177 1708177869137
1178 1708177869199
1179 1708177869263
1180 1708177869323
1181 1708177869381
1182 1708177869443
1183 1708177869504
1184 1708177869564
1185 1708177869622
1186 1708177869683
1187 1708177869747
1188 1708177869807
1189 1708177869867
1190 1708177869927
1191 1708177869987
1192 1708177870047
1193 1708177870107
1194 1708177870167
1195 1708177870227
1196 1708177870291
1197 1708177870351
1198 1708177870410
1199 1708177870471
1200 1708177870531
1201 1708177870590
1202 1708177870651
1203 1708177870711
1204 1708177870771
1205 1708177870835
1206 1708177870895
1207 1708177870955
1208 1708177871014
1209 1708177871074
1210 1708177871135
1211 1708177871195
1212 1708177871266
1213 1708177871323
1214 1708177871382
1215 1708177871441
1216 1708177871502
1217 1708177871559
1218 1708177871619
1219 1708177871679
1220 1708177871741
1221 1708177871797
1222 1708177871863
1223 1708177871923
1224 1708177871984
1225 1708177872045
1226 1708177872103
1227 1708177872165
1228 1708177872224
1229 1708177872283
1230 1708177872346
1231 1708177872407
1232 1708177872468
1233 1708177872527
1234 1708177872587
1235 1708177872647
1236 1708177872709
1237 1708177872767
1238 1708177872828
1239 1708177872892
1240 1708177872952
1241 1708177873012
1242 1708177873070
1243 1708177873131
1244 1708177873191
1245 1708177873249
1246 1708177873311
1247 1708177873371
1248 1708177873435
1249 1708177873496
1250 1708177873555
1251 1708177873615
1252 1708177873674
1253 1708177873734
1254 1708177873794
1255 1708177873855
1256 1708177873922
1257 1708177873982
1258 1708177874039
1259 1708177874101
1260 1708177874159
1261 1708177874220
1262 1708177874278
1263 1708177874339
1264 1708177874399
1265 1708177874462
1266 1708177874524
1267 1708177874584
1268 1708177874642
1269 1708177874700
1270 1708177874763
1271 1708177874824
1272 1708177874888
1273 1708177874943
1274 1708177875008
1275 1708177875068
1276 1708177875128
1277 1708177875187
1278 1708177875248
1279 1708177875307
1280 1708177875368
1281 1708177875427
1282 1708177875492
1283 1708177875551
1284 1708177875610
1285 1708177875669
1286 1708177875732
1287 1708177875792
1288 1708177875854
1289 1708177875914
1290 1708177875987
1291 1708177876048
1292 1708177876108
1293 1708177876167
1294 1708177876224
1295 1708177876277
1296 1708177876335
1297 1708177876394
1298 1708177876458
1299 1708177876520
1300 1708177876579
1301 1708177876639
1302 1708177876701
1303 1708177876758
1304 1708177876818
1305 1708177876879
1306 1708177876940
1307 1708177877000
1308 1708177877064
1309 1708177877124
1310 1708177877182
1311 1708177877241
1312 1708177877304
1313 1708177877363
1314 1708177877429
1315 1708177877490
1316 1708177877550
1317 1708177877610
1318 1708177877674
1319 1708177877731
1320 1708177877789
1321 1708177877847
1322 1708177877906
1323 1708177877967
1324 1708177878027
1325 1708177878092
1326 1708177878152
1327 1708177878209
1328 1708177878281
1329 1708177878334
1330 1708177878388
1331 1708177878448
1332 1708177878508
1333 1708177878573
1334 1708177878636
1335 1708177878696
1336 1708177878757
1337 1708177878817
1338 1708177878875
1339 1708177878936
1340 1708177878992
1341 1708177879057
1342 1708177879119
1343 1708177879179
1344 1708177879239
1345 1708177879300
1346 1708177879360
1347 1708177879418
1348 1708177879480
1349 1708177879539
1350 1708177879601
1351 1708177879661
1352 1708177879721
1353 1708177879784
1354 1708177879844
1355 1708177879910
1356 1708177879967
1357 1708177880025
1358 1708177880085
1359 1708177880142
1360 1708177880208
1361 1708177880267
1362 1708177880327
1363 1708177880388
1364 1708177880447
1365 1708177880508
1366 1708177880567
1367 1708177880628
1368 1708177880691
1369 1708177880751
1370 1708177880810
1371 1708177880869
1372 1708177880932
1373 1708177880991
1374 1708177881054
1375 1708177881111
1376 1708177881170
1377 1708177881236
1378 1708177881296
1379 1708177881356
1380 1708177881417
1381 1708177881474
1382 1708177881536
1383 1708177881595
1384 1708177881655
1385 1708177881719
1386 1708177881780
1387 1708177881839
1388 1708177881900
1389 1708177881959
1390 1708177882019
1391 1708177882077
1392 1708177882140
1393 1708177882199
1394 1708177882262
1395 1708177882321
1396 1708177882384
1397 1708177882444
1398 1708177882507
1399 1708177882564
1400 1708177882621
1401 1708177882683
1402 1708177882743
1403 1708177882806
1404 1708177882867
1405 1708177882927
1406 1708177882986
1407 1708177883047
1408 1708177883106
1409 1708177883167
1410 1708177883226
1411 1708177883288
1412 1708177883351
1413 1708177883412
1414 1708177883471
1415 1708177883533
1416 1708177883590
1417 1708177883650
1418 1708177883709
1419 1708177883770
1420 1708177883834
1421 1708177883894
1422 1708177883953
1423 1708177884012
1424 1708177884075
1425 1708177884136
1426 1708177884194
1427 1708177884253
1428 1708177884319
1429 1708177884379
1430 1708177884439
1431 1708177884497
1432 1708177884557
1433 1708177884618
1434 1708177884678
1435 1708177884738
1436 1708177884799
1437 1708177884862
1438 1708177884921
1439 1708177884980
1440 1708177885044
1441 1708177885103
1442 1708177885169
1443 1708177885225
1444 1708177885281
1445 1708177885343
1446 1708177885409
1447 1708177885468
1448 1708177885526
1449 1708177885588
1450 1708177885648
1451 1708177885705
1452 1708177885768
1453 1708177885828
1454 1708177885892
1455 1708177885950
1456 1708177886011
1457 1708177886072
1458 1708177886130
1459 1708177886188
1460 1708177886251
1461 1708177886312
1462 1708177886373
1463 1708177886433
1464 1708177886495
1465 1708177886555
1466 1708177886617
1467 1708177886674
1468 1708177886734
1469 1708177886795
1470 1708177886858
1471 1708177886920
1472 1708177886978
1473 1708177887038
1474 1708177887100
1475 1708177887157
1476 1708177887218
1477 1708177887278
1478 1708177887336
1479 1708177887396
1480 1708177887464
1481 1708177887521
1482 1708177887582
1483 1708177887641
1484 1708177887703
1485 1708177887761
1486 1708177887821
1487 1708177887882
1488 1708177887942
1489 1708177888004
1490 1708177888065
1491 1708177888125
1492 1708177888187
1493 1708177888246
1494 1708177888305
1495 1708177888365
1496 1708177888427
1497 1708177888489
1498 1708177888548
1499 1708177888610
1500 1708177888671
1501 1708177888729
1502 1708177888788
1503 1708177888849
1504 1708177888911
1505 1708177888969
1506 1708177889032
1507 1708177889093
1508 1708177889155
1509 1708177889212
1510 1708177889272
1511 1708177889333
1512 1708177889396
1513 1708177889453
1514 1708177889517
1515 1708177889577
1516 1708177889638
1517 1708177889697
1518 1708177889756
1519 1708177889817
1520 1708177889877
1521 1708177889937
1522 1708177889996
1523 1708177890061
1524 1708177890125
1525 1708177890184
1526 1708177890241
1527 1708177890301
1528 1708177890361
1529 1708177890422
1530 1708177890481
1531 1708177890540
1532 1708177890607
1533 1708177890666
1534 1708177890724
1535 1708177890784
1536 1708177890848
1537 1708177890905
1538 1708177890964
1539 1708177891024
1540 1708177891091
1541 1708177891149
1542 1708177891208
1543 1708177891268
1544 1708177891330
1545 1708177891389
1546 1708177891449
1547 1708177891508
1548 1708177891568
1549 1708177891633
1550 1708177891693
1551 1708177891753
1552 1708177891812
1553 1708177891872
1554 1708177891936
1555 1708177891993
1556 1708177892052
1557 1708177892117
1558 1708177892179
1559 1708177892236
1560 1708177892296
1561 1708177892357
1562 1708177892417
1563 1708177892476
1564 1708177892536
1565 1708177892597
1566 1708177892661
1567 1708177892721
1568 1708177892780
1569 1708177892841
1570 1708177892902
1571 1708177892962
1572 1708177893020
1573 1708177893081
1574 1708177893143
1575 1708177893205
1576 1708177893264
1577 1708177893325
1578 1708177893386
1579 1708177893444
1580 1708177893504
1581 1708177893565
1582 1708177893627
1583 1708177893688
1584 1708177893748
1585 1708177893808
1586 1708177893871
1587 1708177893928
1588 1708177893989
1589 1708177894051
1590 1708177894108
1591 1708177894169
1592 1708177894233
1593 1708177894292
1594 1708177894354
1595 1708177894413
1596 1708177894476
1597 1708177894532
1598 1708177894592
1599 1708177894656
1600 1708177894717
1601 1708177894776
1602 1708177894837
1603 1708177894897
1604 1708177894958
1605 1708177895016
1606 1708177895076
1607 1708177895140
1608 1708177895197
1609 1708177895260
1610 1708177895321
1611 1708177895381
1612 1708177895443
1613 1708177895501
1614 1708177895561
1615 1708177895624
1616 1708177895681
1617 1708177895740
1618 1708177895806
1619 1708177895864
1620 1708177895926
1621 1708177895985
1622 1708177896044
1623 1708177896107
1624 1708177896167
1625 1708177896227
1626 1708177896288
1627 1708177896350
1628 1708177896411
1629 1708177896472
1630 1708177896536
1631 1708177896592
1632 1708177896650
1633 1708177896710
1634 1708177896769
1635 1708177896836
1636 1708177896897
1637 1708177896956
1638 1708177897013
1639 1708177897076
1640 1708177897135
1641 1708177897196
1642 1708177897255
1643 1708177897313
1644 1708177897380
1645 1708177897440
1646 1708177897498
1647 1708177897559
1648 1708177897620
1649 1708177897679
1650 1708177897739
1651 1708177897799
1652 1708177897863
1653 1708177897921
1654 1708177897980
1655 1708177898043
1656 1708177898104
1657 1708177898162
1658 1708177898223
1659 1708177898283
1660 1708177898343
1661 1708177898408
1662 1708177898465
1663 1708177898525
1664 1708177898589
1665 1708177898648
1666 1708177898705
1667 1708177898766
1668 1708177898827
1669 1708177898891
1670 1708177898949
1671 1708177899012
1672 1708177899071
1673 1708177899132
1674 1708177899191
1675 1708177899249
1676 1708177899311
1677 1708177899373
1678 1708177899445
1679 1708177899502
1680 1708177899562
1681 1708177899625
1682 1708177899681
1683 1708177899737
1684 1708177899794
1685 1708177899855
1686 1708177899913
1687 1708177899977
1688 1708177900040
1689 1708177900100
1690 1708177900157
1691 1708177900218
1692 1708177900280
1693 1708177900337
1694 1708177900397
1695 1708177900464
1696 1708177900524
1697 1708177900583
1698 1708177900641
1699 1708177900701
1700 1708177900764
1701 1708177900825
1702 1708177900892
1703 1708177900948
1704 1708177901007
1705 1708177901068
1706 1708177901125
1707 1708177901185
1708 1708177901247
1709 1708177901308
1710 1708177901370
1711 1708177901425
1712 1708177901491
1713 1708177901551
1714 1708177901610
1715 1708177901669
1716 1708177901730
1717 1708177901790
1718 1708177901849
1719 1708177901910
1720 1708177901971
1721 1708177902035
1722 1708177902092
1723 1708177902154
1724 1708177902216
1725 1708177902276
1726 1708177902339
1727 1708177902393
1728 1708177902454
1729 1708177902518
1730 1708177902578
1731 1708177902638
1732 1708177902698
1733 1708177902769
1734 1708177902822
1735 1708177902879
1736 1708177902965
1737 1708177903026
1738 1708177903082
1739 1708177903139
1740 1708177903192
1741 1708177903246
1742 1708177903303
1743 1708177903364
1744 1708177903424
1745 1708177903484
1746 1708177903541
1747 1708177903606
1748 1708177903666
1749 1708177903726
1750 1708177903785
1751 1708177903847
1752 1708177903907
1753 1708177903968
1754 1708177904028
1755 1708177904089
1756 1708177904150
1757 1708177904208
1758 1708177904269
1759 1708177904331
1760 1708177904391
1761 1708177904449
1762 1708177904508
1763 1708177904572
1764 1708177904634
1765 1708177904693
1766 1708177904753
1767 1708177904817
1768 1708177904873
1769 1708177904933
1770 1708177904992
1771 1708177905054
1772 1708177905115
1773 1708177905176
1774 1708177905237
1775 1708177905300
1776 1708177905357
1777 1708177905418
1778 1708177905477
1779 1708177905540
1780 1708177905597
1781 1708177905660
1782 1708177905721
1783 1708177905784
1784 1708177905841
1785 1708177905901
1786 1708177905961
1787 1708177906021
1788 1708177906082
1789 1708177906140
1790 1708177906206
1791 1708177906265
1792 1708177906327
1793 1708177906385
1794 1708177906444
1795 1708177906505
1796 1708177906566
1797 1708177906625
1798 1708177906688
1799 1708177906750
1800 1708177906809
1801 1708177906870
1802 1708177906929
1803 1708177906988
1804 1708177907052
1805 1708177907109
1806 1708177907168
1807 1708177907233
1808 1708177907295
1809 1708177907353
1810 1708177907412
1811 1708177907473
1812 1708177907533
1813 1708177907593
1814 1708177907653
1815 1708177907714
1816 1708177907777
1817 1708177907837
1818 1708177907896
1819 1708177907959
1820 1708177908017
1821 1708177908079
1822 1708177908137
1823 1708177908196
1824 1708177908262
1825 1708177908322
1826 1708177908381
1827 1708177908441
1828 1708177908504
1829 1708177908562
1830 1708177908621
1831 1708177908680
1832 1708177908743
1833 1708177908805
1834 1708177908864
1835 1708177908925
1836 1708177908985
1837 1708177909045
1838 1708177909105
1839 1708177909165
1840 1708177909226
1841 1708177909289
1842 1708177909349
1843 1708177909408
1844 1708177909471
1845 1708177909529
1846 1708177909588
1847 1708177909650
1848 1708177909712
1849 1708177909770
1850 1708177909839
1851 1708177909893
1852 1708177909954
1853 1708177910015
1854 1708177910074
1855 1708177910133
1856 1708177910194
1857 1708177910254
1858 1708177910314
1859 1708177910378
1860 1708177910437
1861 1708177910500
1862 1708177910560
1863 1708177910617
1864 1708177910679
1865 1708177910739
1866 1708177910802
1867 1708177910862
1868 1708177910921
1869 1708177910982
1870 1708177911044
1871 1708177911101
1872 1708177911163
1873 1708177911224
1874 1708177911284
1875 1708177911341
1876 1708177911407
1877 1708177911468
1878 1708177911528
1879 1708177911595
1880 1708177911650
1881 1708177911707
1882 1708177911770
1883 1708177911832
1884 1708177911889
1885 1708177911952
1886 1708177912012
1887 1708177912069
1888 1708177912129
1889 1708177912191
1890 1708177912249
1891 1708177912309
1892 1708177912371
1893 1708177912437
1894 1708177912494
1895 1708177912553
1896 1708177912615
1897 1708177912676
1898 1708177912736
1899 1708177912794
1900 1708177912854
1901 1708177912914
1902 1708177912978
1903 1708177913037
1904 1708177913098
1905 1708177913160
1906 1708177913220
1907 1708177913277
1908 1708177913338
1909 1708177913400
1910 1708177913461
1911 1708177913520
1912 1708177913583
1913 1708177913641
1914 1708177913700
1915 1708177913762
1916 1708177913823
1917 1708177913884
1918 1708177913941
1919 1708177914005
1920 1708177914068
1921 1708177914125
1922 1708177914185
1923 1708177914246
1924 1708177914305
1925 1708177914366
1926 1708177914425
1927 1708177914485
1928 1708177914552
1929 1708177914610
1930 1708177914669
1931 1708177914729
1932 1708177914792
1933 1708177914849
1934 1708177914909
1935 1708177914970
1936 1708177915034
1937 1708177915095
1938 1708177915153
1939 1708177915213
1940 1708177915275
1941 1708177915336
1942 1708177915397
1943 1708177915453
1944 1708177915516
1945 1708177915580
1946 1708177915641
1947 1708177915701
1948 1708177915760
1949 1708177915819
1950 1708177915880
1951 1708177915937
1952 1708177915998
1953 1708177916065
1954 1708177916130
1955 1708177916184
1956 1708177916241
1957 1708177916304
1958 1708177916364
1959 1708177916421
1960 1708177916482
1961 1708177916544
1962 1708177916608
1963 1708177916668
1964 1708177916727
1965 1708177916788
1966 1708177916848
1967 1708177916906
1968 1708177916966
1969 1708177917028
1970 1708177917089
1971 1708177917149
1972 1708177917209
1973 1708177917272
1974 1708177917332
1975 1708177917389
1976 1708177917449
1977 1708177917512
1978 1708177917572
1979 1708177917633
1980 1708177917693
1981 1708177917756
1982 1708177917817
1983 1708177917873
1984 1708177917933
1985 1708177917996
1986 1708177918057
1987 1708177918116
1988 1708177918181
1989 1708177918240
1990 1708177918302
1991 1708177918360
1992 1708177918417
1993 1708177918480
1994 1708177918540
1995 1708177918601
1996 1708177918662
1997 1708177918722
1998 1708177918785
1999 1708177918841
2000 1708177918902
2001 1708177918964
2002 1708177919025
2003 1708177919081
2004 1708177919142
2005 1708177919207
2006 1708177919267
2007 1708177919331
2008 1708177919386
2009 1708177919445
2010 1708177919505
2011 1708177919566
2012 1708177919626
2013 1708177919685
2014 1708177919748
2015 1708177919809
2016 1708177919870
2017 1708177919929
2018 1708177919988
2019 1708177920049
2020 1708177920112
2021 1708177920169
2022 1708177920233
2023 1708177920294
2024 1708177920353
2025 1708177920413
2026 1708177920472
2027 1708177920533
2028 1708177920595
2029 1708177920652
2030 1708177920713
2031 1708177920780
2032 1708177920837
2033 1708177920896
2034 1708177920957
2035 1708177921018
2036 1708177921078
2037 1708177921136
2038 1708177921197
2039 1708177921261
2040 1708177921322
2041 1708177921382
2042 1708177921440
2043 1708177921500
2044 1708177921561
2045 1708177921621
2046 1708177921682
2047 1708177921741
2048 1708177921804
2049 1708177921866
2050 1708177921925
2051 1708177921985
2052 1708177922045
2053 1708177922105
2054 1708177922166
2055 1708177922225
2056 1708177922285
2057 1708177922349
2058 1708177922410
2059 1708177922470
2060 1708177922529
2061 1708177922589
2062 1708177922650
2063 1708177922709
2064 1708177922769
2065 1708177922833
2066 1708177922896
2067 1708177922953
2068 1708177923013
2069 1708177923073
2070 1708177923136
2071 1708177923193
2072 1708177923253
2073 1708177923314
2074 1708177923378
2075 1708177923440
2076 1708177923500
2077 1708177923557
2078 1708177923617
2079 1708177923678
2080 1708177923737
2081 1708177923799
2082 1708177923861
2083 1708177923920
2084 1708177923981
2085 1708177924041
2086 1708177924101
2087 1708177924167
2088 1708177924224
2089 1708177924281
2090 1708177924342
2091 1708177924406
2092 1708177924466
2093 1708177924525
2094 1708177924585
2095 1708177924648
2096 1708177924709
2097 1708177924771
2098 1708177924826
2099 1708177924888
2100 1708177924953
2101 1708177925009
2102 1708177925070
2103 1708177925133
2104 1708177925193
2105 1708177925249
2106 1708177925309
2107 1708177925371
2108 1708177925436
2109 1708177925494
2110 1708177925554
2111 1708177925615
2112 1708177925675
2113 1708177925733
2114 1708177925796
2115 1708177925855
2116 1708177925917
2117 1708177925977
2118 1708177926036
2119 1708177926097
2120 1708177926158
2121 1708177926219
2122 1708177926280
2123 1708177926339
2124 1708177926399
2125 1708177926462
2126 1708177926522
2127 1708177926583
2128 1708177926643
2129 1708177926702
2130 1708177926763
2131 1708177926822
2132 1708177926886
2133 1708177926941
2134 1708177927005
2135 1708177927068
2136 1708177927131
2137 1708177927188
2138 1708177927247
2139 1708177927307
2140 1708177927367
2141 1708177927426
2142 1708177927487
2143 1708177927551
2144 1708177927621
2145 1708177927677
2146 1708177927733
2147 1708177927790
2148 1708177927852
2149 1708177927909
2150 1708177927972
2151 1708177928035
2152 1708177928095
2153 1708177928152
2154 1708177928213
2155 1708177928276
2156 1708177928335
2157 1708177928393
2158 1708177928456
2159 1708177928515
2160 1708177928583
2161 1708177928642
2162 1708177928699
2163 1708177928761
2164 1708177928823
2165 1708177928889
2166 1708177928946
2167 1708177929004
2168 1708177929070
2169 1708177929126
2170 1708177929182
2171 1708177929245
2172 1708177929304
2173 1708177929361
2174 1708177929423
2175 1708177929484
2176 1708177929544
2177 1708177929605
2178 1708177929667
2179 1708177929728
2180 1708177929788
2181 1708177929845
2182 1708177929907
2183 1708177929968
2184 1708177930028
2185 1708177930086
2186 1708177930150
2187 1708177930212
2188 1708177930272
2189 1708177930331
2190 1708177930390
2191 1708177930450
2192 1708177930510
2193 1708177930570
2194 1708177930635
2195 1708177930696
2196 1708177930754
2197 1708177930813
2198 1708177930876
2199 1708177930936
2200 1708177930994
2201 1708177931053
2202 1708177931115
2203 1708177931180
2204 1708177931237
2205 1708177931297
2206 1708177931359
2207 1708177931417
2208 1708177931477
2209 1708177931539
2210 1708177931599
2211 1708177931658
2212 1708177931723
2213 1708177931783
2214 1708177931843
2215 1708177931904
2216 1708177931964
2217 1708177932024
2218 1708177932080
2219 1708177932140
2220 1708177932206
2221 1708177932267
2222 1708177932328
2223 1708177932387
2224 1708177932446
2225 1708177932505
2226 1708177932568
2227 1708177932628
2228 1708177932687
2229 1708177932749
2230 1708177932811
2231 1708177932871
2232 1708177932932
2233 1708177932991
2234 1708177933052
2235 1708177933112
2236 1708177933172
2237 1708177933235
2238 1708177933296
2239 1708177933356
2240 1708177933414
2241 1708177933474
2242 1708177933535
2243 1708177933595
2244 1708177933655
2245 1708177933716
2246 1708177933780
2247 1708177933841
2248 1708177933901
2249 1708177933959
2250 1708177934020
2251 1708177934081
2252 1708177934151
2253 1708177934203
2254 1708177934256
2255 1708177934321
2256 1708177934382
2257 1708177934443
2258 1708177934505
2259 1708177934563
2260 1708177934625
2261 1708177934684
2262 1708177934743
2263 1708177934807
2264 1708177934873
2265 1708177934939
2266 1708177934994
2267 1708177935047
2268 1708177935108
2269 1708177935168
2270 1708177935228
2271 1708177935288
2272 1708177935352
2273 1708177935410
2274 1708177935470
2275 1708177935532
2276 1708177935592
2277 1708177935649
2278 1708177935710
2279 1708177935772
2280 1708177935837
2281 1708177935894
2282 1708177935954
2283 1708177936016
2284 1708177936075
2285 1708177936133
2286 1708177936195
2287 1708177936256
2288 1708177936315
2289 1708177936380
2290 1708177936438
2291 1708177936500
2292 1708177936561
2293 1708177936624
2294 1708177936678
2295 1708177936737
2296 1708177936801
2297 1708177936858
2298 1708177936921
2299 1708177936983
2300 1708177937043
2301 1708177937103
2302 1708177937164
2303 1708177937223
2304 1708177937283
2305 1708177937344
2306 1708177937408
2307 1708177937468
2308 1708177937527
2309 1708177937587
2310 1708177937648
2311 1708177937705
2312 1708177937766
2313 1708177937832
2314 1708177937891
2315 1708177937950
2316 1708177938011
2317 1708177938072
2318 1708177938131
2319 1708177938191
2320 1708177938251
2321 1708177938312
2322 1708177938371
2323 1708177938435
2324 1708177938495
2325 1708177938555
2326 1708177938615
2327 1708177938676
2328 1708177938735
2329 1708177938796
2330 1708177938853
2331 1708177938915
2332 1708177938981
2333 1708177939040
2334 1708177939100
2335 1708177939157
2336 1708177939219
2337 1708177939280
2338 1708177939340
2339 1708177939399
2340 1708177939461
2341 1708177939524
2342 1708177939584
2343 1708177939644
2344 1708177939704
2345 1708177939764
2346 1708177939824
2347 1708177939884
2348 1708177939944
2349 1708177940008
2350 1708177940070
2351 1708177940128
2352 1708177940188
2353 1708177940249
2354 1708177940310
2355 1708177940369
2356 1708177940428
2357 1708177940488
2358 1708177940551
2359 1708177940612
2360 1708177940672
2361 1708177940732
2362 1708177940792
2363 1708177940849
2364 1708177940912
2365 1708177940972
2366 1708177941036
2367 1708177941094
2368 1708177941154
2369 1708177941215
2370 1708177941275
2371 1708177941334
2372 1708177941395
2373 1708177941455
2374 1708177941514
2375 1708177941578
2376 1708177941638
2377 1708177941700
2378 1708177941760
2379 1708177941818
2380 1708177941878
2381 1708177941939
2382 1708177942000
2383 1708177942059
2384 1708177942124
2385 1708177942183
2386 1708177942243
2387 1708177942303
2388 1708177942364
2389 1708177942423
2390 1708177942483
2391 1708177942544
2392 1708177942608
2393 1708177942668
2394 1708177942728
2395 1708177942786
2396 1708177942846
2397 1708177942910
2398 1708177942969
2399 1708177943027
2400 1708177943088
2401 1708177943152
2402 1708177943212
2403 1708177943272
2404 1708177943332
2405 1708177943393
2406 1708177943452
2407 1708177943510
2408 1708177943570
2409 1708177943636
2410 1708177943696
2411 1708177943755
2412 1708177943816
2413 1708177943876
2414 1708177943935
2415 1708177943996
2416 1708177944056
2417 1708177944116
2418 1708177944180
2419 1708177944239
2420 1708177944300
2421 1708177944360
2422 1708177944420
2423 1708177944480
2424 1708177944541
2425 1708177944606
2426 1708177944664
2427 1708177944721
2428 1708177944783
2429 1708177944844
2430 1708177944904
2431 1708177944963
2432 1708177945024
2433 1708177945086
2434 1708177945145
2435 1708177945205
2436 1708177945267
2437 1708177945329
2438 1708177945388
2439 1708177945448
2440 1708177945507
2441 1708177945568
2442 1708177945628
2443 1708177945689
2444 1708177945749
2445 1708177945809
2446 1708177945869
2447 1708177945929
2448 1708177945989
2449 1708177946050
2450 1708177946115
2451 1708177946172
2452 1708177946235
2453 1708177946297
2454 1708177946364
2455 1708177946424
2456 1708177946481
2457 1708177946539
2458 1708177946602
2459 1708177946659
2460 1708177946716
2461 1708177946780
2462 1708177946839
2463 1708177946900
2464 1708177946960
2465 1708177947020
2466 1708177947079
2467 1708177947138
2468 1708177947200
2469 1708177947259
2470 1708177947324
2471 1708177947383
2472 1708177947444
2473 1708177947503
2474 1708177947564
2475 1708177947624
2476 1708177947684
2477 1708177947743
2478 1708177947808
2479 1708177947868
2480 1708177947928
2481 1708177947988
2482 1708177948048
2483 1708177948112
2484 1708177948173
2485 1708177948229
2486 1708177948288
2487 1708177948351
2488 1708177948412
2489 1708177948471
2490 1708177948532
2491 1708177948592
2492 1708177948651
2493 1708177948712
2494 1708177948771
2495 1708177948832
2496 1708177948896
2497 1708177948956
2498 1708177949016
2499 1708177949076
2500 1708177949134
2501 1708177949196
2502 1708177949255
2503 1708177949316
2504 1708177949379
2505 1708177949439
2506 1708177949499
2507 1708177949560
2508 1708177949619
2509 1708177949679
2510 1708177949739
2511 1708177949798
2512 1708177949858
2513 1708177949923
2514 1708177949984
2515 1708177950043
2516 1708177950103
2517 1708177950164
2518 1708177950224
2519 1708177950285
2520 1708177950342
2521 1708177950407
2522 1708177950468
2523 1708177950526
2524 1708177950587
2525 1708177950648
2526 1708177950707
2527 1708177950766
2528 1708177950828
2529 1708177950887
2530 1708177950952
2531 1708177951010
2532 1708177951070
2533 1708177951132
2534 1708177951191
2535 1708177951249
2536 1708177951312
2537 1708177951371
2538 1708177951429
2539 1708177951494
2540 1708177951556
2541 1708177951616
2542 1708177951676
2543 1708177951733
2544 1708177951794
2545 1708177951857
2546 1708177951917
2547 1708177951981
2548 1708177952037
2549 1708177952099
2550 1708177952160
2551 1708177952220
2552 1708177952280
2553 1708177952338
2554 1708177952399
2555 1708177952459
2556 1708177952523
2557 1708177952581
2558 1708177952642
2559 1708177952702
2560 1708177952762
2561 1708177952822
2562 1708177952882
2563 1708177952944
2564 1708177953007
2565 1708177953066
2566 1708177953127
2567 1708177953187
2568 1708177953247
2569 1708177953307
2570 1708177953367
2571 1708177953427
2572 1708177953487
2573 1708177953550
2574 1708177953611
2575 1708177953671
2576 1708177953731
2577 1708177953791
2578 1708177953851
2579 1708177953912
2580 1708177953972
2581 1708177954030
2582 1708177954094
2583 1708177954153
2584 1708177954213
2585 1708177954273
2586 1708177954336
2587 1708177954396
2588 1708177954467
2589 1708177954527
2590 1708177954587
2591 1708177954644
2592 1708177954703
2593 1708177954764
2594 1708177954819
2595 1708177954879
2596 1708177954941
2597 1708177954999
2598 1708177955061
2599 1708177955124
2600 1708177955185
2601 1708177955244
2602 1708177955304
2603 1708177955367
2604 1708177955426
2605 1708177955485
2606 1708177955542
2607 1708177955609
2608 1708177955673
2609 1708177955729
2610 1708177955787
2611 1708177955847
2612 1708177955908
2613 1708177955968
2614 1708177956027
2615 1708177956089
2616 1708177956152
2617 1708177956212
2618 1708177956272
2619 1708177956332
2620 1708177956391
2621 1708177956452
2622 1708177956512
2623 1708177956572
2624 1708177956635
2625 1708177956696
2626 1708177956756
2627 1708177956816
2628 1708177956875
2629 1708177956935
2630 1708177956996
2631 1708177957056
2632 1708177957116
2633 1708177957180
2634 1708177957239
2635 1708177957300
2636 1708177957359
2637 1708177957418
2638 1708177957480
2639 1708177957540
2640 1708177957600
2641 1708177957657
2642 1708177957726
2643 1708177957787
2644 1708177957848
2645 1708177957906
2646 1708177957965
2647 1708177958023
2648 1708177958087
2649 1708177958147
2650 1708177958207
2651 1708177958269
2652 1708177958327
2653 1708177958386
2654 1708177958447
2655 1708177958507
2656 1708177958567
2657 1708177958628
2658 1708177958687
2659 1708177958751
2660 1708177958812
2661 1708177958871
2662 1708177958931
2663 1708177958992
2664 1708177959055
2665 1708177959109
2666 1708177959170
2667 1708177959232
2668 1708177959296
2669 1708177959354
2670 1708177959416
2671 1708177959475
2672 1708177959536
2673 1708177959596
2674 1708177959655
2675 1708177959716
2676 1708177959780
2677 1708177959839
2678 1708177959900
2679 1708177959959
2680 1708177960020
2681 1708177960081
2682 1708177960140
2683 1708177960199
2684 1708177960260
2685 1708177960322
2686 1708177960382
2687 1708177960445
2688 1708177960504
2689 1708177960564
2690 1708177960624
2691 1708177960684
2692 1708177960747
2693 1708177960807
2694 1708177960868
2695 1708177960927
2696 1708177960987
2697 1708177961046
2698 1708177961107
2699 1708177961167
2700 1708177961228
2701 1708177961286
2702 1708177961353
2703 1708177961414
2704 1708177961474
2705 1708177961532
2706 1708177961592
2707 1708177961651
2708 1708177961711
2709 1708177961772
2710 1708177961831
2711 1708177961895
2712 1708177961955
2713 1708177962015
2714 1708177962076
2715 1708177962135
2716 1708177962195
2717 1708177962256
2718 1708177962315
2719 1708177962379
2720 1708177962439
2721 1708177962500
2722 1708177962559
2723 1708177962619
2724 1708177962679
2725 1708177962739
2726 1708177962799
2727 1708177962860
2728 1708177962923
2729 1708177962983
2730 1708177963044
2731 1708177963103
2732 1708177963163
2733 1708177963224
2734 1708177963283
2735 1708177963344
2736 1708177963406
2737 1708177963466
2738 1708177963528
2739 1708177963589
2740 1708177963646
2741 1708177963705
2742 1708177963767
2743 1708177963828
2744 1708177963888
2745 1708177963949
2746 1708177964009
2747 1708177964072
2748 1708177964132
2749 1708177964189
2750 1708177964251
2751 1708177964311
2752 1708177964372
2753 1708177964431
2754 1708177964496
2755 1708177964556
2756 1708177964617
2757 1708177964674
2758 1708177964736
2759 1708177964796
2760 1708177964856
2761 1708177964916
2762 1708177964980
2763 1708177965040
2764 1708177965100
2765 1708177965160
2766 1708177965219
2767 1708177965280
2768 1708177965339
2769 1708177965400
2770 1708177965460
2771 1708177965526
2772 1708177965583
2773 1708177965642
2774 1708177965702
2775 1708177965762
2776 1708177965822
2777 1708177965882
2778 1708177965944
2779 1708177966006
2780 1708177966066
2781 1708177966126
2782 1708177966188
2783 1708177966247
2784 1708177966306
2785 1708177966367
2786 1708177966428
2787 1708177966488
2788 1708177966551
2789 1708177966611
2790 1708177966671
2791 1708177966732
2792 1708177966792
2793 1708177966852
2794 1708177966909
2795 1708177966970
2796 1708177967032
2797 1708177967093
2798 1708177967153
2799 1708177967215
2800 1708177967276
2801 1708177967336
2802 1708177967397
2803 1708177967453
2804 1708177967514
2805 1708177967579
2806 1708177967640
2807 1708177967701
2808 1708177967763
2809 1708177967822
2810 1708177967881
2811 1708177967940
2812 1708177967999
2813 1708177968059
2814 1708177968124
2815 1708177968182
2816 1708177968245
2817 1708177968303
2818 1708177968365
2819 1708177968424
2820 1708177968484
2821 1708177968544
2822 1708177968603
2823 1708177968668
2824 1708177968728
2825 1708177968787
2826 1708177968848
2827 1708177968908
2828 1708177968968
2829 1708177969028
2830 1708177969088
2831 1708177969150
2832 1708177969210
2833 1708177969273
2834 1708177969333
2835 1708177969390
2836 1708177969451
2837 1708177969512
2838 1708177969573
2839 1708177969629
2840 1708177969696
2841 1708177969756
2842 1708177969815
2843 1708177969874
2844 1708177969935
2845 1708177969996
2846 1708177970055
2847 1708177970116
2848 1708177970180
2849 1708177970241
2850 1708177970301
2851 1708177970360
2852 1708177970420
2853 1708177970482
2854 1708177970541
2855 1708177970599
2856 1708177970661
2857 1708177970724
2858 1708177970791
2859 1708177970846
2860 1708177970902
2861 1708177970964
2862 1708177971026
2863 1708177971082
2864 1708177971143
2865 1708177971205
2866 1708177971265
2867 1708177971326
2868 1708177971388
2869 1708177971448
2870 1708177971506
2871 1708177971565
2872 1708177971628
2873 1708177971688
2874 1708177971752
2875 1708177971810
2876 1708177971872
2877 1708177971932
2878 1708177971991
2879 1708177972052
2880 1708177972111
2881 1708177972172
2882 1708177972231
2883 1708177972296
2884 1708177972355
2885 1708177972416
2886 1708177972475
2887 1708177972537
2888 1708177972597
2889 1708177972656
2890 1708177972717
2891 1708177972777
2892 1708177972840
2893 1708177972901
2894 1708177972962
2895 1708177973020
2896 1708177973080
2897 1708177973140
2898 1708177973201
2899 1708177973261
2900 1708177973323
2901 1708177973384
2902 1708177973447
2903 1708177973507
2904 1708177973565
2905 1708177973624
2906 1708177973683
2907 1708177973741
2908 1708177973802
2909 1708177973867
2910 1708177973931
2911 1708177973987
2912 1708177974046
2913 1708177974107
2914 1708177974165
2915 1708177974229
2916 1708177974285
2917 1708177974350
2918 1708177974409
2919 1708177974468
2920 1708177974530
2921 1708177974592
2922 1708177974653
2923 1708177974709
2924 1708177974770
2925 1708177974831
2926 1708177974894
2927 1708177974953
2928 1708177975016
2929 1708177975076
2930 1708177975133
2931 1708177975193
2932 1708177975256
2933 1708177975314
2934 1708177975378
2935 1708177975440
2936 1708177975498
2937 1708177975560
2938 1708177975620
2939 1708177975677
2940 1708177975739
2941 1708177975797
2942 1708177975857
2943 1708177975921
2944 1708177975985
2945 1708177976042
2946 1708177976103
2947 1708177976162
2948 1708177976221
2949 1708177976283
2950 1708177976344
2951 1708177976401
2952 1708177976469
2953 1708177976535
2954 1708177976592
2955 1708177976650
2956 1708177976707
2957 1708177976768
2958 1708177976828
2959 1708177976892
2960 1708177976950
2961 1708177977012
2962 1708177977073
2963 1708177977133
2964 1708177977190
2965 1708177977252
2966 1708177977312
2967 1708177977369
2968 1708177977430
2969 1708177977494
2970 1708177977561
2971 1708177977615
2972 1708177977675
2973 1708177977736
2974 1708177977794
2975 1708177977853
2976 1708177977914
2977 1708177977979
2978 1708177978040
2979 1708177978097
2980 1708177978161
2981 1708177978219
2982 1708177978281
2983 1708177978338
2984 1708177978399
2985 1708177978460
2986 1708177978521
2987 1708177978581
2988 1708177978644
2989 1708177978701
2990 1708177978761
2991 1708177978822
2992 1708177978884
2993 1708177978949
2994 1708177979004
2995 1708177979065
2996 1708177979128
2997 1708177979188
2998 1708177979245
2999 1708177979305
3000 1708177979368
3001 1708177979428
3002 1708177979485
3003 1708177979549
3004 1708177979610
3005 1708177979670
3006 1708177979730
3007 1708177979789
3008 1708177979849
3009 1708177979912
3010 1708177979969
3011 1708177980029
3012 1708177980093
3013 1708177980153
3014 1708177980213
3015 1708177980273
3016 1708177980334
3017 1708177980394
3018 1708177980453
3019 1708177980513
3020 1708177980577
3021 1708177980638
3022 1708177980697
3023 1708177980757
3024 1708177980818
3025 1708177980877
3026 1708177980941
3027 1708177980997
3028 1708177981057
3029 1708177981124
3030 1708177981187
3031 1708177981246
3032 1708177981301
3033 1708177981363
3034 1708177981424
3035 1708177981484
3036 1708177981541
3037 1708177981603
3038 1708177981668
3039 1708177981728
3040 1708177981786
3041 1708177981848
3042 1708177981908
3043 1708177981969
3044 1708177982026
3045 1708177982085
3046 1708177982151
3047 1708177982213
3048 1708177982270
3049 1708177982332
3050 1708177982391
3051 1708177982451
3052 1708177982528
3053 1708177982583
3054 1708177982637
3055 1708177982697
3056 1708177982755
3057 1708177982816
3058 1708177982881
3059 1708177982933
3060 1708177982993
3061 1708177983053
3062 1708177983118
3063 1708177983180
3064 1708177983242
3065 1708177983303
3066 1708177983360
3067 1708177983420
3068 1708177983484
3069 1708177983544
3070 1708177983602
3071 1708177983661
3072 1708177983722
3073 1708177983781
3074 1708177983845
3075 1708177983903
3076 1708177983973
3077 1708177984027
3078 1708177984082
3079 1708177984144
3080 1708177984204
3081 1708177984267
3082 1708177984326
3083 1708177984388
3084 1708177984448
3085 1708177984505
3086 1708177984566
3087 1708177984628
3088 1708177984688
3089 1708177984749
3090 1708177984811
3091 1708177984872
3092 1708177984933
3093 1708177984991
3094 1708177985052
3095 1708177985111
3096 1708177985175
3097 1708177985231
3098 1708177985295
3099 1708177985356
3100 1708177985418
3101 1708177985474
3102 1708177985536
3103 1708177985597
3104 1708177985666
3105 1708177985727
3106 1708177985784
3107 1708177985844
3108 1708177985904
3109 1708177985961
3110 1708177986019
3111 1708177986080
3112 1708177986140
3113 1708177986198
3114 1708177986261
3115 1708177986325
3116 1708177986384
3117 1708177986444
3118 1708177986504
3119 1708177986564
3120 1708177986624
3121 1708177986681
3122 1708177986742
3123 1708177986805
3124 1708177986869
3125 1708177986930
3126 1708177986999
3127 1708177987060
3128 1708177987125
3129 1708177987179
3130 1708177987232
3131 1708177987290
3132 1708177987352
3133 1708177987413
3134 1708177987472
3135 1708177987532
3136 1708177987593
3137 1708177987651
3138 1708177987711
3139 1708177987771
3140 1708177987829
3141 1708177987893
3142 1708177987954
3143 1708177988015
3144 1708177988077
3145 1708177988134
3146 1708177988194
3147 1708177988255
3148 1708177988315
3149 1708177988374
3150 1708177988438
3151 1708177988498
3152 1708177988558
3153 1708177988617
3154 1708177988679
3155 1708177988738
3156 1708177988797
3157 1708177988857
3158 1708177988924
3159 1708177988981
3160 1708177989041
3161 1708177989102
3162 1708177989162
3163 1708177989222
3164 1708177989281
3165 1708177989342
3166 1708177989405
3167 1708177989465
3168 1708177989525
3169 1708177989586
3170 1708177989646
3171 1708177989709
3172 1708177989772
3173 1708177989826
3174 1708177989890
3175 1708177989952
3176 1708177990010
3177 1708177990069
3178 1708177990132
3179 1708177990192
3180 1708177990253
3181 1708177990310
3182 1708177990370
3183 1708177990432
3184 1708177990496
3185 1708177990554
3186 1708177990613
3187 1708177990677
3188 1708177990739
3189 1708177990800
3190 1708177990857
3191 1708177990917
3192 1708177990975
3193 1708177991037
3194 1708177991098
3195 1708177991159
3196 1708177991220
3197 1708177991280
3198 1708177991341
3199 1708177991402
3200 1708177991461
3201 1708177991525
3202 1708177991584
3203 1708177991643
3204 1708177991705
3205 1708177991765
3206 1708177991822
3207 1708177991884
3208 1708177991944
3209 1708177992002
3210 1708177992068
3211 1708177992128
3212 1708177992188
3213 1708177992245
3214 1708177992309
3215 1708177992368
3216 1708177992428
3217 1708177992490
3218 1708177992549
3219 1708177992613
3220 1708177992675
3221 1708177992732
3222 1708177992793
3223 1708177992852
3224 1708177992913
3225 1708177992970
3226 1708177993030
3227 1708177993095
3228 1708177993155
3229 1708177993213
3230 1708177993275
3231 1708177993336
3232 1708177993398
3233 1708177993453
3234 1708177993514
3235 1708177993576
3236 1708177993644
3237 1708177993704
3238 1708177993761
3239 1708177993819
3240 1708177993879
3241 1708177993938
3242 1708177994000
3243 1708177994060
3244 1708177994125
3245 1708177994182
3246 1708177994245
3247 1708177994304
3248 1708177994365
3249 1708177994423
3250 1708177994485
3251 1708177994544
3252 1708177994606
3253 1708177994668
3254 1708177994728
3255 1708177994790
3256 1708177994849
3257 1708177994906
3258 1708177994969
3259 1708177995028
3260 1708177995089
3261 1708177995149
3262 1708177995212
3263 1708177995272
3264 1708177995333
3265 1708177995394
3266 1708177995451
3267 1708177995510
3268 1708177995570
3269 1708177995631
3270 1708177995695
3271 1708177995756
3272 1708177995815
3273 1708177995874
3274 1708177995937
3275 1708177995996
3276 1708177996059
3277 1708177996117
3278 1708177996174
3279 1708177996240
3280 1708177996300
3281 1708177996361
3282 1708177996418
3283 1708177996479
3284 1708177996540
3285 1708177996598
3286 1708177996657
3287 1708177996724
3288 1708177996784
3289 1708177996849
3290 1708177996907
3291 1708177996964
3292 1708177997026
3293 1708177997081
3294 1708177997141
3295 1708177997202
3296 1708177997268
3297 1708177997333
3298 1708177997388
3299 1708177997447
3300 1708177997508
3301 1708177997569
3302 1708177997629
3303 1708177997686
3304 1708177997752
3305 1708177997813
3306 1708177997873
3307 1708177997929
3308 1708177997991
3309 1708177998052
3310 1708177998113
3311 1708177998172
3312 1708177998230
3313 1708177998295
3314 1708177998357
3315 1708177998422
