1 1707578223488
2 1707578223615
3 1707578223667
4 1707578223719
5 1707578223779
6 1707578223841
7 1707578223901
8 1707578223960
9 1707578224021
10 1707578224086
11 1707578224147
12 1707578224206
13 1707578224266
14 1707578224327
15 1707578224387
16 1707578224447
17 1707578224506
18 1707578224564
19 1707578224631
20 1707578224690
21 1707578224751
22 1707578224811
23 1707578224870
24 1707578224931
25 1707578224991
26 1707578225051
27 1707578225111
28 1707578225176
29 1707578225235
30 1707578225295
31 1707578225355
32 1707578225415
33 1707578225475
34 1707578225535
35 1707578225595
36 1707578225659
37 1707578225719
38 1707578225779
39 1707578225839
40 1707578225899
41 1707578225959
42 1707578226019
43 1707578226074
44 1707578226135
45 1707578226204
46 1707578226263
47 1707578226319
48 1707578226381
49 1707578226441
50 1707578226499
51 1707578226564
52 1707578226618
53 1707578226683
54 1707578226744
55 1707578226803
56 1707578226862
57 1707578226923
58 1707578226983
59 1707578227045
60 1707578227103
61 1707578227165
62 1707578227227
63 1707578227289
64 1707578227346
65 1707578227407
66 1707578227467
67 1707578227529
68 1707578227587
69 1707578227646
70 1707578227709
71 1707578227773
72 1707578227831
73 1707578227891
74 1707578227952
75 1707578228012
76 1707578228073
77 1707578228131
78 1707578228193
79 1707578228257
80 1707578228314
81 1707578228375
82 1707578228436
83 1707578228496
84 1707578228554
85 1707578228614
86 1707578228677
87 1707578228735
88 1707578228798
89 1707578228860
90 1707578228919
91 1707578228981
92 1707578229038
93 1707578229099
94 1707578229161
95 1707578229219
96 1707578229282
97 1707578229345
98 1707578229403
99 1707578229464
100 1707578229522
101 1707578229582
102 1707578229642
103 1707578229702
104 1707578229764
105 1707578229829
106 1707578229889
107 1707578229948
108 1707578230006
109 1707578230066
110 1707578230127
111 1707578230189
112 1707578230250
113 1707578230306
114 1707578230370
115 1707578230430
116 1707578230493
117 1707578230553
118 1707578230613
119 1707578230673
120 1707578230733
121 1707578230790
122 1707578230858
123 1707578230917
124 1707578230978
125 1707578231034
126 1707578231098
127 1707578231155
128 1707578231214
129 1707578231275
130 1707578231335
131 1707578231402
132 1707578231460
133 1707578231518
134 1707578231581
135 1707578231641
136 1707578231699
137 1707578231759
138 1707578231821
139 1707578231883
140 1707578231943
141 1707578232002
142 1707578232065
143 1707578232123
144 1707578232182
145 1707578232244
146 1707578232303
147 1707578232363
148 1707578232426
149 1707578232489
150 1707578232547
151 1707578232609
152 1707578232666
153 1707578232727
154 1707578232789
155 1707578232847
156 1707578232906
157 1707578232970
158 1707578233030
159 1707578233093
160 1707578233152
161 1707578233210
162 1707578233273
163 1707578233333
164 1707578233392
165 1707578233454
166 1707578233517
167 1707578233577
168 1707578233636
169 1707578233695
170 1707578233757
171 1707578233817
172 1707578233876
173 1707578233934
174 1707578234001
175 1707578234059
176 1707578234118
177 1707578234181
178 1707578234241
179 1707578234299
180 1707578234358
181 1707578234421
182 1707578234479
183 1707578234545
184 1707578234602
185 1707578234664
186 1707578234723
187 1707578234785
188 1707578234842
189 1707578234902
190 1707578234965
191 1707578235027
192 1707578235086
193 1707578235149
194 1707578235207
195 1707578235269
196 1707578235326
197 1707578235388
198 1707578235446
199 1707578235509
200 1707578235570
201 1707578235633
202 1707578235690
203 1707578235753
204 1707578235810
205 1707578235871
206 1707578235933
207 1707578235991
208 1707578236054
209 1707578236117
210 1707578236175
211 1707578236237
212 1707578236294
213 1707578236354
214 1707578236417
215 1707578236475
216 1707578236535
217 1707578236601
218 1707578236658
219 1707578236721
220 1707578236778
221 1707578236838
222 1707578236901
223 1707578236959
224 1707578237018
225 1707578237081
226 1707578237143
227 1707578237205
228 1707578237262
229 1707578237324
230 1707578237382
231 1707578237445
232 1707578237503
233 1707578237563
234 1707578237629
235 1707578237687
236 1707578237746
237 1707578237809
238 1707578237867
239 1707578237929
240 1707578237986
241 1707578238046
242 1707578238109
243 1707578238171
244 1707578238230
245 1707578238291
246 1707578238351
247 1707578238412
248 1707578238470
249 1707578238530
250 1707578238593
251 1707578238655
252 1707578238714
253 1707578238776
254 1707578238834
255 1707578238897
256 1707578238954
257 1707578239014
258 1707578239077
259 1707578239135
260 1707578239198
261 1707578239261
262 1707578239318
263 1707578239381
264 1707578239438
265 1707578239498
266 1707578239561
267 1707578239618
268 1707578239678
269 1707578239745
270 1707578239803
271 1707578239865
272 1707578239922
273 1707578239983
274 1707578240043
275 1707578240105
276 1707578240162
277 1707578240227
278 1707578240289
279 1707578240346
280 1707578240406
281 1707578240469
282 1707578240526
283 1707578240589
284 1707578240646
285 1707578240706
286 1707578240773
287 1707578240830
288 1707578240890
289 1707578240953
290 1707578241010
291 1707578241072
292 1707578241130
293 1707578241190
294 1707578241257
295 1707578241316
296 1707578241377
297 1707578241434
298 1707578241494
299 1707578241557
300 1707578241615
301 1707578241677
302 1707578241734
303 1707578241799
304 1707578241859
305 1707578241921
306 1707578241978
307 1707578242039
308 1707578242098
309 1707578242161
310 1707578242218
311 1707578242279
312 1707578242342
313 1707578242402
314 1707578242462
315 1707578242522
316 1707578242585
317 1707578242645
318 1707578242704
319 1707578242762
320 1707578242829
321 1707578242888
322 1707578242949
323 1707578243006
324 1707578243069
325 1707578243128
326 1707578243188
327 1707578243247
328 1707578243309
329 1707578243371
330 1707578243430
331 1707578243493
332 1707578243552
333 1707578243611
334 1707578243670
335 1707578243732
336 1707578243791
337 1707578243857
338 1707578243914
339 1707578243974
340 1707578244037
341 1707578244094
342 1707578244154
343 1707578244216
344 1707578244274
345 1707578244337
346 1707578244398
347 1707578244459
348 1707578244519
349 1707578244581
350 1707578244638
351 1707578244698
352 1707578244761
353 1707578244818
354 1707578244880
355 1707578244942
356 1707578245005
357 1707578245062
358 1707578245122
359 1707578245185
360 1707578245244
361 1707578245302
362 1707578245362
363 1707578245429
364 1707578245486
365 1707578245549
366 1707578245607
367 1707578245666
368 1707578245729
369 1707578245788
370 1707578245846
371 1707578245908
372 1707578245972
373 1707578246032
374 1707578246090
375 1707578246151
376 1707578246211
377 1707578246272
378 1707578246330
379 1707578246392
380 1707578246455
381 1707578246517
382 1707578246574
383 1707578246634
384 1707578246697
385 1707578246755
386 1707578246814
387 1707578246876
388 1707578246935
389 1707578247000
390 1707578247059
391 1707578247118
392 1707578247181
393 1707578247238
394 1707578247298
395 1707578247360
396 1707578247419
397 1707578247481
398 1707578247542
399 1707578247602
400 1707578247664
401 1707578247722
402 1707578247783
403 1707578247842
404 1707578247905
405 1707578247962
406 1707578248029
407 1707578248086
408 1707578248148
409 1707578248206
410 1707578248266
411 1707578248329
412 1707578248386
413 1707578248448
414 1707578248506
415 1707578248571
416 1707578248631
417 1707578248691
418 1707578248750
419 1707578248810
420 1707578248872
421 1707578248930
422 1707578248990
423 1707578249056
424 1707578249114
425 1707578249177
426 1707578249237
427 1707578249294
428 1707578249357
429 1707578249416
430 1707578249475
431 1707578249534
432 1707578249601
433 1707578249658
434 1707578249718
435 1707578249780
436 1707578249838
437 1707578249901
438 1707578249958
439 1707578250018
440 1707578250080
441 1707578250145
442 1707578250201
443 1707578250263
444 1707578250323
445 1707578250384
446 1707578250442
447 1707578250503
448 1707578250563
449 1707578250628
450 1707578250686
451 1707578250745
452 1707578250809
453 1707578250867
454 1707578250926
455 1707578250987
456 1707578251046
457 1707578251106
458 1707578251171
459 1707578251232
460 1707578251290
461 1707578251352
462 1707578251410
463 1707578251471
464 1707578251532
465 1707578251592
466 1707578251649
467 1707578251716
468 1707578251774
469 1707578251836
470 1707578251893
471 1707578251954
472 1707578252016
473 1707578252074
474 1707578252134
475 1707578252201
476 1707578252258
477 1707578252320
478 1707578252378
479 1707578252438
480 1707578252500
481 1707578252559
482 1707578252618
483 1707578252680
484 1707578252742
485 1707578252804
486 1707578252862
487 1707578252923
488 1707578252984
489 1707578253043
490 1707578253102
491 1707578253163
492 1707578253227
493 1707578253289
494 1707578253347
495 1707578253406
496 1707578253468
497 1707578253527
498 1707578253586
499 1707578253648
500 1707578253706
501 1707578253773
502 1707578253831
503 1707578253890
504 1707578253952
505 1707578254010
506 1707578254070
507 1707578254132
508 1707578254190
509 1707578254253
510 1707578254314
511 1707578254374
512 1707578254436
513 1707578254494
514 1707578254554
515 1707578254616
516 1707578254674
517 1707578254736
518 1707578254798
519 1707578254859
520 1707578254918
521 1707578254980
522 1707578255037
523 1707578255098
524 1707578255160
525 1707578255218
526 1707578255278
527 1707578255344
528 1707578255402
529 1707578255464
530 1707578255522
531 1707578255583
532 1707578255642
533 1707578255704
534 1707578255761
535 1707578255828
536 1707578255886
537 1707578255948
538 1707578256005
539 1707578256068
540 1707578256127
541 1707578256188
542 1707578256245
543 1707578256305
544 1707578256373
545 1707578256430
546 1707578256492
547 1707578256549
548 1707578256610
549 1707578256672
550 1707578256730
551 1707578256794
552 1707578256850
553 1707578256916
554 1707578256974
555 1707578257037
556 1707578257093
557 1707578257154
558 1707578257216
559 1707578257274
560 1707578257334
561 1707578257400
562 1707578257458
563 1707578257520
564 1707578257577
565 1707578257639
566 1707578257698
567 1707578257760
568 1707578257817
569 1707578257878
570 1707578257945
571 1707578258002
572 1707578258062
573 1707578258124
574 1707578258182
575 1707578258244
576 1707578258301
577 1707578258364
578 1707578258428
579 1707578258486
580 1707578258546
581 1707578258608
582 1707578258666
583 1707578258728
584 1707578258786
585 1707578258846
586 1707578258908
587 1707578258970
588 1707578259030
589 1707578259093
590 1707578259150
591 1707578259212
592 1707578259270
593 1707578259330
594 1707578259392
595 1707578259451
596 1707578259514
597 1707578259577
598 1707578259636
599 1707578259696
600 1707578259756
601 1707578259814
602 1707578259876
603 1707578259936
604 1707578259998
605 1707578260058
606 1707578260118
607 1707578260179
608 1707578260238
609 1707578260298
610 1707578260360
611 1707578260419
612 1707578260478
613 1707578260544
614 1707578260604
615 1707578260664
616 1707578260724
617 1707578260782
618 1707578260844
619 1707578260904
620 1707578260962
621 1707578261026
622 1707578261089
623 1707578261146
624 1707578261206
625 1707578261266
626 1707578261328
627 1707578261386
628 1707578261445
629 1707578261508
630 1707578261571
631 1707578261631
632 1707578261690
633 1707578261750
634 1707578261812
635 1707578261872
636 1707578261930
637 1707578261991
638 1707578262052
639 1707578262114
640 1707578262175
641 1707578262234
642 1707578262296
643 1707578262355
644 1707578262413
645 1707578262475
646 1707578262534
647 1707578262600
648 1707578262657
649 1707578262720
650 1707578262778
651 1707578262840
652 1707578262897
653 1707578262957
654 1707578263020
655 1707578263078
656 1707578263141
657 1707578263204
658 1707578263262
659 1707578263324
660 1707578263382
661 1707578263442
662 1707578263504
663 1707578263562
664 1707578263626
665 1707578263688
666 1707578263746
667 1707578263808
668 1707578263866
669 1707578263926
670 1707578263988
671 1707578264046
672 1707578264106
673 1707578264172
674 1707578264230
675 1707578264293
676 1707578264350
677 1707578264410
678 1707578264472
679 1707578264532
680 1707578264591
681 1707578264650
682 1707578264716
683 1707578264776
684 1707578264835
685 1707578264895
686 1707578264956
687 1707578265015
688 1707578265073
689 1707578265136
690 1707578265197
691 1707578265257
692 1707578265317
693 1707578265378
694 1707578265440
695 1707578265500
696 1707578265560
697 1707578265618
698 1707578265679
699 1707578265744
700 1707578265803
701 1707578265862
702 1707578265924
703 1707578265984
704 1707578266042
705 1707578266101
706 1707578266164
707 1707578266228
708 1707578266289
709 1707578266346
710 1707578266409
711 1707578266466
712 1707578266527
713 1707578266587
714 1707578266647
715 1707578266707
716 1707578266770
717 1707578266831
718 1707578266891
719 1707578266952
720 1707578267010
721 1707578267071
722 1707578267130
723 1707578267193
724 1707578267252
725 1707578267315
726 1707578267376
727 1707578267434
728 1707578267494
729 1707578267556
730 1707578267615
731 1707578267676
732 1707578267734
733 1707578267799
734 1707578267858
735 1707578267920
736 1707578267978
737 1707578268038
738 1707578268100
739 1707578268160
740 1707578268219
741 1707578268278
742 1707578268344
743 1707578268403
744 1707578268461
745 1707578268524
746 1707578268582
747 1707578268644
748 1707578268702
749 1707578268761
750 1707578268824
751 1707578268886
752 1707578268946
753 1707578269008
754 1707578269066
755 1707578269128
756 1707578269186
757 1707578269246
758 1707578269309
759 1707578269370
760 1707578269430
761 1707578269492
762 1707578269550
763 1707578269612
764 1707578269670
765 1707578269730
766 1707578269792
767 1707578269852
768 1707578269914
769 1707578269974
770 1707578270036
771 1707578270094
772 1707578270157
773 1707578270214
774 1707578270276
775 1707578270334
776 1707578270398
777 1707578270460
778 1707578270518
779 1707578270580
780 1707578270637
781 1707578270699
782 1707578270758
783 1707578270821
784 1707578270878
785 1707578270942
786 1707578271004
787 1707578271064
788 1707578271123
789 1707578271182
790 1707578271244
791 1707578271302
792 1707578271362
793 1707578271421
794 1707578271487
795 1707578271548
796 1707578271606
797 1707578271665
798 1707578271726
799 1707578271788
800 1707578271846
801 1707578271908
802 1707578271969
803 1707578272030
804 1707578272091
805 1707578272152
806 1707578272210
807 1707578272269
808 1707578272332
809 1707578272390
810 1707578272450
811 1707578272516
812 1707578272574
813 1707578272637
814 1707578272695
815 1707578272754
816 1707578272816
817 1707578272876
818 1707578272937
819 1707578272998
820 1707578273060
821 1707578273120
822 1707578273180
823 1707578273238
824 1707578273300
825 1707578273360
826 1707578273418
827 1707578273478
828 1707578273544
829 1707578273604
830 1707578273665
831 1707578273721
832 1707578273784
833 1707578273842
834 1707578273901
835 1707578273964
836 1707578274022
837 1707578274088
838 1707578274149
839 1707578274205
840 1707578274266
841 1707578274328
842 1707578274388
843 1707578274446
844 1707578274509
845 1707578274572
846 1707578274630
847 1707578274690
848 1707578274752
849 1707578274810
850 1707578274869
851 1707578274931
852 1707578274990
853 1707578275052
854 1707578275113
855 1707578275173
856 1707578275236
857 1707578275294
858 1707578275354
859 1707578275416
860 1707578275474
861 1707578275536
862 1707578275597
863 1707578275659
864 1707578275718
865 1707578275781
866 1707578275837
867 1707578275898
868 1707578275960
869 1707578276018
870 1707578276078
871 1707578276144
872 1707578276202
873 1707578276264
874 1707578276321
875 1707578276382
876 1707578276444
877 1707578276501
878 1707578276562
879 1707578276624
880 1707578276685
881 1707578276748
882 1707578276805
883 1707578276866
884 1707578276928
885 1707578276986
886 1707578277045
887 1707578277108
888 1707578277170
889 1707578277232
890 1707578277289
891 1707578277351
892 1707578277410
893 1707578277472
894 1707578277529
895 1707578277591
896 1707578277650
897 1707578277716
898 1707578277773
899 1707578277835
900 1707578277895
901 1707578277956
902 1707578278013
903 1707578278073
904 1707578278136
905 1707578278197
906 1707578278258
907 1707578278318
908 1707578278378
909 1707578278440
910 1707578278497
911 1707578278558
912 1707578278620
913 1707578278678
914 1707578278741
915 1707578278804
916 1707578278862
917 1707578278924
918 1707578278982
919 1707578279042
920 1707578279104
921 1707578279162
922 1707578279222
923 1707578279288
924 1707578279346
925 1707578279408
926 1707578279466
927 1707578279526
928 1707578279588
929 1707578279646
930 1707578279705
931 1707578279772
932 1707578279830
933 1707578279892
934 1707578279949
935 1707578280010
936 1707578280071
937 1707578280130
938 1707578280190
939 1707578280252
940 1707578280314
941 1707578280376
942 1707578280434
943 1707578280495
944 1707578280556
945 1707578280614
946 1707578280673
947 1707578280736
948 1707578280798
949 1707578280860
950 1707578280917
951 1707578280978
952 1707578281039
953 1707578281100
954 1707578281157
955 1707578281218
956 1707578281280
957 1707578281343
958 1707578281402
959 1707578281461
960 1707578281524
961 1707578281582
962 1707578281641
963 1707578281704
964 1707578281762
965 1707578281824
966 1707578281885
967 1707578281947
968 1707578282006
969 1707578282068
970 1707578282126
971 1707578282187
972 1707578282248
973 1707578282306
974 1707578282369
975 1707578282431
976 1707578282491
977 1707578282552
978 1707578282609
979 1707578282670
980 1707578282732
981 1707578282790
982 1707578282850
983 1707578282916
984 1707578282974
985 1707578283036
986 1707578283093
987 1707578283156
988 1707578283214
989 1707578283276
990 1707578283333
991 1707578283399
992 1707578283458
993 1707578283520
994 1707578283577
995 1707578283637
996 1707578283700
997 1707578283758
998 1707578283818
999 1707578283880
1000 1707578283942
1001 1707578284003
1002 1707578284061
1003 1707578284122
1004 1707578284184
1005 1707578284241
1006 1707578284302
1007 1707578284361
1008 1707578284424
1009 1707578284486
1010 1707578284545
1011 1707578284606
1012 1707578284668
1013 1707578284725
1014 1707578284785
1015 1707578284848
1016 1707578284906
1017 1707578284972
1018 1707578285029
1019 1707578285091
1020 1707578285150
1021 1707578285212
1022 1707578285271
1023 1707578285330
1024 1707578285392
1025 1707578285452
1026 1707578285513
1027 1707578285574
1028 1707578285636
1029 1707578285693
1030 1707578285753
1031 1707578285816
1032 1707578285873
1033 1707578285936
1034 1707578285998
1035 1707578286058
1036 1707578286119
1037 1707578286178
1038 1707578286237
1039 1707578286300
1040 1707578286358
1041 1707578286419
1042 1707578286477
1043 1707578286541
1044 1707578286604
1045 1707578286662
1046 1707578286724
1047 1707578286781
1048 1707578286841
1049 1707578286904
1050 1707578286962
1051 1707578287024
1052 1707578287085
1053 1707578287148
1054 1707578287206
1055 1707578287268
1056 1707578287326
1057 1707578287385
1058 1707578287448
1059 1707578287506
1060 1707578287569
1061 1707578287632
1062 1707578287690
1063 1707578287752
1064 1707578287809
1065 1707578287871
1066 1707578287930
1067 1707578287990
1068 1707578288049
1069 1707578288117
1070 1707578288174
1071 1707578288236
1072 1707578288295
1073 1707578288353
1074 1707578288416
1075 1707578288476
1076 1707578288534
1077 1707578288597
1078 1707578288658
1079 1707578288721
1080 1707578288777
1081 1707578288837
1082 1707578288897
1083 1707578288960
1084 1707578289019
1085 1707578289079
1086 1707578289144
1087 1707578289203
1088 1707578289265
1089 1707578289322
1090 1707578289383
1091 1707578289444
1092 1707578289502
1093 1707578289561
1094 1707578289623
1095 1707578289688
1096 1707578289748
1097 1707578289807
1098 1707578289867
1099 1707578289928
1100 1707578289987
1101 1707578290048
1102 1707578290108
1103 1707578290171
1104 1707578290231
1105 1707578290290
1106 1707578290350
1107 1707578290412
1108 1707578290472
1109 1707578290530
1110 1707578290592
1111 1707578290650
1112 1707578290714
1113 1707578290775
1114 1707578290834
1115 1707578290895
1116 1707578290954
1117 1707578291013
1118 1707578291076
1119 1707578291134
1120 1707578291197
1121 1707578291260
1122 1707578291318
1123 1707578291380
1124 1707578291437
1125 1707578291497
1126 1707578291560
1127 1707578291617
1128 1707578291677
1129 1707578291744
1130 1707578291801
1131 1707578291864
1132 1707578291922
1133 1707578291984
1134 1707578292042
1135 1707578292104
1136 1707578292161
1137 1707578292222
1138 1707578292288
1139 1707578292346
1140 1707578292405
1141 1707578292467
1142 1707578292525
1143 1707578292588
1144 1707578292645
1145 1707578292705
1146 1707578292771
1147 1707578292829
1148 1707578292892
1149 1707578292949
1150 1707578293012
1151 1707578293070
1152 1707578293129
1153 1707578293192
1154 1707578293249
1155 1707578293316
1156 1707578293373
1157 1707578293433
1158 1707578293496
1159 1707578293555
1160 1707578293613
1161 1707578293674
1162 1707578293735
1163 1707578293794
1164 1707578293857
1165 1707578293920
1166 1707578293978
1167 1707578294040
1168 1707578294098
1169 1707578294158
1170 1707578294220
1171 1707578294278
1172 1707578294341
1173 1707578294404
1174 1707578294462
1175 1707578294524
1176 1707578294581
1177 1707578294643
1178 1707578294702
1179 1707578294764
1180 1707578294821
1181 1707578294885
1182 1707578294948
1183 1707578295006
1184 1707578295065
1185 1707578295127
1186 1707578295186
1187 1707578295248
1188 1707578295305
1189 1707578295369
1190 1707578295432
1191 1707578295490
1192 1707578295549
1193 1707578295612
1194 1707578295669
1195 1707578295732
1196 1707578295789
1197 1707578295850
1198 1707578295916
1199 1707578295973
1200 1707578296035
1201 1707578296093
1202 1707578296156
1203 1707578296214
1204 1707578296274
1205 1707578296336
1206 1707578296396
1207 1707578296457
1208 1707578296518
1209 1707578296577
1210 1707578296640
1211 1707578296698
1212 1707578296758
1213 1707578296819
1214 1707578296878
1215 1707578296944
1216 1707578297001
1217 1707578297064
1218 1707578297122
1219 1707578297184
1220 1707578297241
1221 1707578297303
1222 1707578297364
1223 1707578297421
1224 1707578297487
1225 1707578297546
1226 1707578297608
1227 1707578297666
1228 1707578297725
1229 1707578297787
1230 1707578297845
1231 1707578297908
1232 1707578297969
1233 1707578298030
1234 1707578298092
1235 1707578298150
1236 1707578298209
1237 1707578298272
1238 1707578298329
1239 1707578298391
1240 1707578298449
1241 1707578298516
1242 1707578298573
1243 1707578298635
1244 1707578298693
1245 1707578298755
1246 1707578298813
1247 1707578298875
1248 1707578298933
1249 1707578298995
1250 1707578299058
1251 1707578299119
1252 1707578299176
1253 1707578299239
1254 1707578299298
1255 1707578299360
1256 1707578299417
1257 1707578299479
1258 1707578299542
1259 1707578299604
1260 1707578299661
1261 1707578299721
1262 1707578299784
1263 1707578299841
1264 1707578299902
1265 1707578299964
1266 1707578300021
1267 1707578300088
1268 1707578300146
1269 1707578300205
1270 1707578300268
1271 1707578300325
1272 1707578300385
1273 1707578300448
1274 1707578300505
1275 1707578300572
1276 1707578300630
1277 1707578300689
1278 1707578300751
1279 1707578300810
1280 1707578300869
1281 1707578300932
1282 1707578300990
1283 1707578301050
1284 1707578301113
1285 1707578301176
1286 1707578301234
1287 1707578301296
1288 1707578301353
1289 1707578301415
1290 1707578301475
1291 1707578301534
1292 1707578301593
1293 1707578301657
1294 1707578301720
1295 1707578301778
1296 1707578301840
1297 1707578301897
1298 1707578301957
1299 1707578302020
1300 1707578302077
1301 1707578302144
1302 1707578302204
1303 1707578302261
1304 1707578302323
1305 1707578302383
1306 1707578302442
1307 1707578302501
1308 1707578302563
1309 1707578302623
1310 1707578302687
1311 1707578302746
1312 1707578302807
1313 1707578302867
1314 1707578302925
1315 1707578302985
1316 1707578303048
1317 1707578303105
1318 1707578303170
1319 1707578303230
1320 1707578303291
1321 1707578303349
1322 1707578303409
1323 1707578303472
1324 1707578303529
1325 1707578303592
1326 1707578303649
1327 1707578303716
1328 1707578303773
1329 1707578303836
1330 1707578303893
1331 1707578303956
1332 1707578304013
1333 1707578304076
1334 1707578304134
1335 1707578304194
1336 1707578304260
1337 1707578304318
1338 1707578304377
1339 1707578304439
1340 1707578304497
1341 1707578304560
1342 1707578304617
1343 1707578304677
1344 1707578304744
1345 1707578304801
1346 1707578304862
1347 1707578304921
1348 1707578304984
1349 1707578305041
1350 1707578305101
1351 1707578305163
1352 1707578305221
1353 1707578305288
1354 1707578305345
1355 1707578305405
1356 1707578305468
1357 1707578305525
1358 1707578305585
1359 1707578305648
1360 1707578305705
1361 1707578305771
1362 1707578305830
1363 1707578305889
1364 1707578305952
1365 1707578306009
1366 1707578306070
1367 1707578306132
1368 1707578306189
1369 1707578306252
1370 1707578306313
1371 1707578306373
1372 1707578306436
1373 1707578306493
1374 1707578306553
1375 1707578306616
1376 1707578306674
1377 1707578306735
1378 1707578306794
1379 1707578306857
1380 1707578306919
1381 1707578306977
1382 1707578307037
1383 1707578307099
1384 1707578307157
1385 1707578307219
1386 1707578307277
1387 1707578307344
1388 1707578307401
1389 1707578307463
1390 1707578307522
1391 1707578307581
1392 1707578307644
1393 1707578307702
1394 1707578307761
1395 1707578307824
1396 1707578307885
1397 1707578307948
1398 1707578308006
1399 1707578308065
1400 1707578308128
1401 1707578308186
1402 1707578308245
1403 1707578308307
1404 1707578308369
1405 1707578308432
1406 1707578308490
1407 1707578308550
1408 1707578308611
1409 1707578308669
1410 1707578308729
1411 1707578308791
1412 1707578308850
1413 1707578308915
1414 1707578308973
1415 1707578309035
1416 1707578309093
1417 1707578309156
1418 1707578309213
1419 1707578309275
1420 1707578309335
1421 1707578309395
1422 1707578309457
1423 1707578309517
1424 1707578309579
1425 1707578309637
1426 1707578309697
1427 1707578309760
1428 1707578309817
1429 1707578309880
1430 1707578309941
1431 1707578310001
1432 1707578310063
1433 1707578310122
1434 1707578310181
1435 1707578310243
1436 1707578310302
1437 1707578310364
1438 1707578310421
1439 1707578310487
1440 1707578310546
1441 1707578310608
1442 1707578310675
1443 1707578310727
1444 1707578310784
1445 1707578310845
1446 1707578310906
1447 1707578310968
1448 1707578311032
1449 1707578311091
1450 1707578311149
1451 1707578311209
1452 1707578311271
1453 1707578311331
1454 1707578311391
1455 1707578311449
1456 1707578311516
1457 1707578311575
1458 1707578311634
1459 1707578311693
1460 1707578311755
1461 1707578311814
1462 1707578311873
1463 1707578311935
1464 1707578311993
1465 1707578312060
1466 1707578312117
1467 1707578312179
1468 1707578312237
1469 1707578312300
1470 1707578312357
1471 1707578312418
1472 1707578312478
1473 1707578312543
1474 1707578312601
1475 1707578312662
1476 1707578312722
1477 1707578312783
1478 1707578312842
1479 1707578312901
1480 1707578312963
1481 1707578313022
1482 1707578313085
1483 1707578313147
1484 1707578313207
1485 1707578313265
1486 1707578313325
1487 1707578313387
1488 1707578313445
1489 1707578313508
1490 1707578313565
1491 1707578313629
1492 1707578313691
1493 1707578313749
1494 1707578313809
1495 1707578313871
1496 1707578313929
1497 1707578313991
1498 1707578314049
1499 1707578314113
1500 1707578314175
1501 1707578314233
1502 1707578314293
1503 1707578314355
1504 1707578314413
1505 1707578314475
1506 1707578314533
1507 1707578314593
1508 1707578314659
1509 1707578314718
1510 1707578314777
1511 1707578314839
1512 1707578314897
1513 1707578314959
1514 1707578315016
1515 1707578315078
1516 1707578315142
1517 1707578315203
1518 1707578315260
1519 1707578315323
1520 1707578315381
1521 1707578315443
1522 1707578315501
1523 1707578315562
1524 1707578315621
1525 1707578315687
1526 1707578315745
1527 1707578315805
1528 1707578315867
1529 1707578315925
1530 1707578315984
1531 1707578316047
1532 1707578316105
1533 1707578316167
1534 1707578316228
1535 1707578316291
1536 1707578316349
1537 1707578316411
1538 1707578316469
1539 1707578316529
1540 1707578316591
1541 1707578316649
1542 1707578316713
1543 1707578316773
1544 1707578316833
1545 1707578316896
1546 1707578316954
1547 1707578317013
1548 1707578317073
1549 1707578317135
1550 1707578317193
1551 1707578317260
1552 1707578317316
1553 1707578317377
1554 1707578317439
1555 1707578317497
1556 1707578317557
1557 1707578317619
1558 1707578317677
1559 1707578317743
1560 1707578317800
1561 1707578317861
1562 1707578317923
1563 1707578317981
1564 1707578318041
1565 1707578318103
1566 1707578318161
1567 1707578318223
1568 1707578318285
1569 1707578318347
1570 1707578318405
1571 1707578318467
1572 1707578318525
1573 1707578318586
1574 1707578318647
1575 1707578318706
1576 1707578318765
1577 1707578318831
1578 1707578318889
1579 1707578318951
1580 1707578319009
1581 1707578319069
1582 1707578319131
1583 1707578319189
1584 1707578319249
1585 1707578319315
1586 1707578319373
1587 1707578319436
1588 1707578319493
1589 1707578319554
1590 1707578319614
1591 1707578319674
1592 1707578319733
1593 1707578319794
1594 1707578319858
1595 1707578319918
1596 1707578319977
1597 1707578320039
1598 1707578320097
1599 1707578320159
1600 1707578320218
1601 1707578320276
1602 1707578320341
1603 1707578320402
1604 1707578320460
1605 1707578320521
1606 1707578320583
1607 1707578320641
1608 1707578320701
1609 1707578320763
1610 1707578320821
1611 1707578320887
1612 1707578320944
1613 1707578321007
1614 1707578321066
1615 1707578321127
1616 1707578321185
1617 1707578321247
1618 1707578321305
1619 1707578321367
1620 1707578321429
1621 1707578321491
1622 1707578321550
1623 1707578321612
1624 1707578321668
1625 1707578321731
1626 1707578321789
1627 1707578321852
1628 1707578321913
1629 1707578321973
1630 1707578322035
1631 1707578322093
1632 1707578322153
1633 1707578322215
1634 1707578322274
1635 1707578322335
1636 1707578322393
1637 1707578322459
1638 1707578322517
1639 1707578322579
1640 1707578322637
1641 1707578322698
1642 1707578322759
1643 1707578322818
1644 1707578322876
1645 1707578322943
1646 1707578323002
1647 1707578323062
1648 1707578323121
1649 1707578323180
1650 1707578323243
1651 1707578323304
1652 1707578323361
1653 1707578323423
1654 1707578323485
1655 1707578323547
1656 1707578323605
1657 1707578323665
1658 1707578323727
1659 1707578323787
1660 1707578323845
1661 1707578323907
1662 1707578323965
1663 1707578324030
1664 1707578324089
1665 1707578324151
1666 1707578324209
1667 1707578324272
1668 1707578324328
1669 1707578324389
1670 1707578324451
1671 1707578324513
1672 1707578324573
1673 1707578324633
1674 1707578324695
1675 1707578324753
1676 1707578324813
1677 1707578324875
1678 1707578324933
1679 1707578324995
1680 1707578325056
1681 1707578325118
1682 1707578325178
1683 1707578325239
1684 1707578325297
1685 1707578325356
1686 1707578325419
1687 1707578325478
1688 1707578325541
1689 1707578325603
1690 1707578325661
1691 1707578325723
1692 1707578325782
1693 1707578325842
1694 1707578325903
1695 1707578325961
1696 1707578326021
1697 1707578326087
1698 1707578326146
1699 1707578326207
1700 1707578326264
1701 1707578326324
1702 1707578326387
1703 1707578326445
1704 1707578326504
1705 1707578326567
1706 1707578326628
1707 1707578326691
1708 1707578326748
1709 1707578326809
1710 1707578326871
1711 1707578326929
1712 1707578326988
1713 1707578327052
1714 1707578327113
1715 1707578327175
1716 1707578327232
1717 1707578327293
1718 1707578327355
1719 1707578327413
1720 1707578327472
1721 1707578327535
1722 1707578327593
1723 1707578327659
1724 1707578327716
1725 1707578327778
1726 1707578327838
1727 1707578327900
1728 1707578327957
1729 1707578328017
1730 1707578328079
1731 1707578328143
1732 1707578328201
1733 1707578328263
1734 1707578328321
1735 1707578328382
1736 1707578328441
1737 1707578328501
1738 1707578328563
1739 1707578328620
1740 1707578328685
1741 1707578328746
1742 1707578328806
1743 1707578328866
1744 1707578328924
1745 1707578328985
1746 1707578329045
1747 1707578329107
1748 1707578329165
1749 1707578329228
1750 1707578329291
1751 1707578329349
1752 1707578329409
1753 1707578329471
1754 1707578329529
1755 1707578329591
1756 1707578329650
1757 1707578329712
1758 1707578329775
1759 1707578329833
1760 1707578329892
1761 1707578329955
1762 1707578330012
1763 1707578330075
1764 1707578330132
1765 1707578330192
1766 1707578330259
1767 1707578330317
1768 1707578330379
1769 1707578330437
1770 1707578330499
1771 1707578330557
1772 1707578330617
1773 1707578330679
1774 1707578330741
1775 1707578330803
1776 1707578330862
1777 1707578330920
1778 1707578330983
1779 1707578331043
1780 1707578331101
1781 1707578331161
1782 1707578331223
1783 1707578331287
1784 1707578331346
1785 1707578331405
1786 1707578331467
1787 1707578331525
1788 1707578331585
1789 1707578331647
1790 1707578331705
1791 1707578331767
1792 1707578331829
1793 1707578331888
1794 1707578331949
1795 1707578332010
1796 1707578332070
1797 1707578332128
1798 1707578332189
1799 1707578332250
1800 1707578332313
1801 1707578332375
1802 1707578332432
1803 1707578332494
1804 1707578332553
1805 1707578332613
1806 1707578332672
1807 1707578332735
1808 1707578332793
1809 1707578332859
1810 1707578332916
1811 1707578332977
1812 1707578333037
1813 1707578333100
1814 1707578333156
1815 1707578333217
1816 1707578333279
1817 1707578333336
1818 1707578333403
1819 1707578333460
1820 1707578333523
1821 1707578333581
1822 1707578333640
1823 1707578333700
1824 1707578333760
1825 1707578333820
1826 1707578333887
1827 1707578333946
1828 1707578334007
1829 1707578334067
1830 1707578334125
1831 1707578334184
1832 1707578334244
1833 1707578334307
1834 1707578334364
1835 1707578334428
1836 1707578334491
1837 1707578334549
1838 1707578334608
1839 1707578334670
1840 1707578334729
1841 1707578334790
1842 1707578334848
1843 1707578334915
1844 1707578334972
1845 1707578335035
1846 1707578335093
1847 1707578335153
1848 1707578335215
1849 1707578335275
1850 1707578335334
1851 1707578335393
1852 1707578335459
1853 1707578335517
1854 1707578335576
1855 1707578335639
1856 1707578335697
1857 1707578335759
1858 1707578335816
1859 1707578335879
1860 1707578335937
1861 1707578336003
1862 1707578336060
1863 1707578336121
1864 1707578336184
1865 1707578336241
1866 1707578336300
1867 1707578336361
1868 1707578336421
1869 1707578336487
1870 1707578336544
1871 1707578336605
1872 1707578336667
1873 1707578336725
1874 1707578336784
1875 1707578336847
1876 1707578336904
1877 1707578336967
1878 1707578337028
1879 1707578337090
1880 1707578337149
1881 1707578337211
1882 1707578337268
1883 1707578337330
1884 1707578337389
1885 1707578337451
1886 1707578337512
1887 1707578337573
1888 1707578337633
1889 1707578337695
1890 1707578337753
1891 1707578337813
1892 1707578337875
1893 1707578337933
1894 1707578337993
1895 1707578338059
1896 1707578338116
1897 1707578338179
1898 1707578338236
1899 1707578338297
1900 1707578338357
1901 1707578338419
1902 1707578338476
1903 1707578338537
1904 1707578338603
1905 1707578338661
1906 1707578338720
1907 1707578338783
1908 1707578338840
1909 1707578338903
1910 1707578338960
1911 1707578339020
1912 1707578339087
1913 1707578339147
1914 1707578339204
1915 1707578339264
1916 1707578339327
1917 1707578339385
1918 1707578339444
1919 1707578339507
1920 1707578339565
1921 1707578339631
1922 1707578339688
1923 1707578339751
1924 1707578339809
1925 1707578339871
1926 1707578339929
1927 1707578339988
1928 1707578340051
1929 1707578340113
1930 1707578340172
1931 1707578340235
1932 1707578340293
1933 1707578340355
1934 1707578340412
1935 1707578340473
1936 1707578340533
1937 1707578340595
1938 1707578340656
1939 1707578340718
1940 1707578340778
1941 1707578340836
1942 1707578340897
1943 1707578340956
1944 1707578341018
1945 1707578341076
1946 1707578341137
1947 1707578341200
1948 1707578341263
1949 1707578341321
1950 1707578341380
1951 1707578341443
1952 1707578341501
1953 1707578341563
1954 1707578341620
1955 1707578341687
1956 1707578341745
1957 1707578341807
1958 1707578341864
1959 1707578341924
1960 1707578341987
1961 1707578342045
1962 1707578342104
1963 1707578342167
1964 1707578342229
1965 1707578342291
1966 1707578342348
1967 1707578342408
1968 1707578342470
1969 1707578342529
1970 1707578342588
1971 1707578342650
1972 1707578342712
1973 1707578342775
1974 1707578342832
1975 1707578342893
1976 1707578342953
1977 1707578343015
1978 1707578343072
1979 1707578343133
1980 1707578343193
1981 1707578343259
1982 1707578343316
1983 1707578343378
1984 1707578343437
1985 1707578343499
1986 1707578343556
1987 1707578343618
1988 1707578343677
1989 1707578343738
1990 1707578343800
1991 1707578343862
1992 1707578343921
1993 1707578343983
1994 1707578344042
1995 1707578344101
1996 1707578344163
1997 1707578344221
1998 1707578344286
1999 1707578344344
2000 1707578344407
2001 1707578344465
2002 1707578344524
2003 1707578344587
2004 1707578344645
2005 1707578344707
2006 1707578344764
2007 1707578344830
2008 1707578344888
2009 1707578344950
2010 1707578345008
2011 1707578345068
2012 1707578345129
2013 1707578345189
2014 1707578345248
2015 1707578345315
2016 1707578345373
2017 1707578345435
2018 1707578345492
2019 1707578345552
2020 1707578345615
2021 1707578345673
2022 1707578345732
2023 1707578345795
2024 1707578345856
2025 1707578345919
2026 1707578345976
2027 1707578346039
2028 1707578346097
2029 1707578346159
2030 1707578346216
2031 1707578346277
2032 1707578346337
2033 1707578346402
2034 1707578346460
2035 1707578346521
2036 1707578346580
2037 1707578346644
2038 1707578346700
2039 1707578346760
2040 1707578346823
2041 1707578346884
2042 1707578346945
2043 1707578347004
2044 1707578347064
2045 1707578347127
2046 1707578347187
2047 1707578347244
2048 1707578347304
2049 1707578347367
2050 1707578347428
2051 1707578347491
2052 1707578347549
2053 1707578347609
2054 1707578347671
2055 1707578347729
2056 1707578347788
2057 1707578347849
2058 1707578347913
2059 1707578347975
2060 1707578348032
2061 1707578348092
2062 1707578348155
2063 1707578348213
2064 1707578348272
2065 1707578348335
2066 1707578348392
2067 1707578348459
2068 1707578348516
2069 1707578348576
2070 1707578348639
2071 1707578348697
2072 1707578348756
2073 1707578348819
2074 1707578348877
2075 1707578348938
2076 1707578349000
2077 1707578349061
2078 1707578349120
2079 1707578349183
2080 1707578349241
2081 1707578349301
2082 1707578349362
2083 1707578349421
2084 1707578349484
2085 1707578349545
2086 1707578349607
2087 1707578349666
2088 1707578349724
2089 1707578349785
2090 1707578349847
2091 1707578349904
2092 1707578349964
2093 1707578350031
2094 1707578350088
2095 1707578350151
2096 1707578350209
2097 1707578350268
2098 1707578350331
2099 1707578350388
2100 1707578350448
2101 1707578350515
2102 1707578350572
2103 1707578350635
2104 1707578350692
2105 1707578350752
2106 1707578350815
2107 1707578350873
2108 1707578350933
2109 1707578350995
2110 1707578351057
2111 1707578351118
2112 1707578351176
2113 1707578351236
2114 1707578351299
2115 1707578351356
2116 1707578351416
2117 1707578351479
2118 1707578351536
2119 1707578351603
2120 1707578351660
2121 1707578351720
2122 1707578351783
2123 1707578351840
2124 1707578351902
2125 1707578351960
2126 1707578352022
2127 1707578352085
2128 1707578352144
2129 1707578352207
2130 1707578352265
2131 1707578352325
2132 1707578352384
2133 1707578352447
2134 1707578352506
2135 1707578352565
2136 1707578352628
2137 1707578352690
2138 1707578352749
2139 1707578352809
2140 1707578352868
2141 1707578352930
2142 1707578352989
2143 1707578353050
2144 1707578353108
2145 1707578353173
2146 1707578353235
2147 1707578353292
2148 1707578353352
2149 1707578353414
2150 1707578353473
2151 1707578353534
2152 1707578353592
2153 1707578353658
2154 1707578353716
2155 1707578353778
2156 1707578353836
2157 1707578353897
2158 1707578353959
2159 1707578354016
2160 1707578354076
2161 1707578354137
2162 1707578354202
2163 1707578354260
2164 1707578354322
2165 1707578354380
2166 1707578354442
2167 1707578354501
2168 1707578354560
2169 1707578354623
2170 1707578354685
2171 1707578354745
2172 1707578354804
2173 1707578354866
2174 1707578354926
2175 1707578354987
2176 1707578355044
2177 1707578355103
2178 1707578355163
2179 1707578355228
2180 1707578355291
2181 1707578355350
2182 1707578355410
2183 1707578355470
2184 1707578355529
2185 1707578355588
2186 1707578355651
2187 1707578355710
2188 1707578355772
2189 1707578355832
2190 1707578355895
2191 1707578355955
2192 1707578356014
2193 1707578356073
2194 1707578356134
2195 1707578356194
2196 1707578356257
2197 1707578356317
2198 1707578356378
2199 1707578356438
2200 1707578356497
2201 1707578356556
2202 1707578356617
2203 1707578356679
2204 1707578356739
2205 1707578356800
2206 1707578356862
2207 1707578356922
2208 1707578356982
2209 1707578357041
2210 1707578357102
2211 1707578357161
2212 1707578357220
2213 1707578357287
2214 1707578357344
2215 1707578357406
2216 1707578357464
2217 1707578357524
2218 1707578357586
2219 1707578357644
2220 1707578357704
2221 1707578357766
2222 1707578357829
2223 1707578357889
2224 1707578357948
2225 1707578358010
2226 1707578358069
2227 1707578358130
2228 1707578358188
2229 1707578358250
2230 1707578358308
2231 1707578358374
2232 1707578358432
2233 1707578358492
2234 1707578358554
2235 1707578358612
2236 1707578358672
2237 1707578358733
2238 1707578358794
2239 1707578358856
2240 1707578358916
2241 1707578358978
2242 1707578359036
2243 1707578359099
2244 1707578359156
2245 1707578359219
2246 1707578359278
2247 1707578359337
2248 1707578359401
2249 1707578359463
2250 1707578359521
2251 1707578359582
2252 1707578359640
2253 1707578359700
2254 1707578359763
2255 1707578359820
2256 1707578359884
2257 1707578359946
2258 1707578360004
2259 1707578360066
2260 1707578360124
2261 1707578360185
2262 1707578360245
2263 1707578360307
2264 1707578360364
2265 1707578360429
2266 1707578360490
2267 1707578360548
2268 1707578360608
2269 1707578360671
2270 1707578360728
2271 1707578360790
2272 1707578360848
2273 1707578360909
2274 1707578360975
2275 1707578361032
2276 1707578361092
2277 1707578361154
2278 1707578361212
2279 1707578361275
2280 1707578361332
2281 1707578361394
2282 1707578361456
2283 1707578361519
2284 1707578361576
2285 1707578361636
2286 1707578361698
2287 1707578361757
2288 1707578361817
2289 1707578361877
2290 1707578361938
2291 1707578362000
2292 1707578362060
2293 1707578362119
2294 1707578362179
2295 1707578362242
2296 1707578362302
2297 1707578362360
2298 1707578362420
2299 1707578362487
2300 1707578362544
2301 1707578362606
2302 1707578362663
2303 1707578362724
2304 1707578362787
2305 1707578362843
2306 1707578362904
2307 1707578362966
2308 1707578363028
2309 1707578363090
2310 1707578363148
2311 1707578363208
2312 1707578363270
2313 1707578363328
2314 1707578363388
2315 1707578363450
2316 1707578363508
2317 1707578363574
2318 1707578363632
2319 1707578363693
2320 1707578363752
2321 1707578363815
2322 1707578363871
2323 1707578363932
2324 1707578363995
2325 1707578364057
2326 1707578364117
2327 1707578364176
2328 1707578364238
2329 1707578364298
2330 1707578364359
2331 1707578364418
2332 1707578364478
2333 1707578364538
2334 1707578364600
2335 1707578364660
2336 1707578364722
2337 1707578364780
2338 1707578364839
2339 1707578364902
2340 1707578364961
2341 1707578365023
2342 1707578365083
2343 1707578365145
2344 1707578365204
2345 1707578365265
2346 1707578365323
2347 1707578365386
2348 1707578365445
2349 1707578365506
2350 1707578365563
2351 1707578365630
2352 1707578365688
2353 1707578365750
2354 1707578365807
2355 1707578365868
2356 1707578365931
2357 1707578365988
2358 1707578366048
2359 1707578366110
2360 1707578366172
2361 1707578366234
2362 1707578366292
2363 1707578366353
2364 1707578366413
2365 1707578366472
2366 1707578366532
2367 1707578366594
2368 1707578366657
2369 1707578366717
2370 1707578366775
2371 1707578366836
2372 1707578366898
2373 1707578366956
2374 1707578367016
2375 1707578367078
2376 1707578367137
2377 1707578367202
2378 1707578367259
2379 1707578367320
2380 1707578367382
2381 1707578367440
2382 1707578367500
2383 1707578367562
2384 1707578367620
2385 1707578367686
2386 1707578367743
2387 1707578367806
2388 1707578367865
2389 1707578367926
2390 1707578367983
2391 1707578368045
2392 1707578368104
2393 1707578368166
2394 1707578368227
2395 1707578368290
2396 1707578368348
2397 1707578368410
2398 1707578368468
2399 1707578368529
2400 1707578368590
2401 1707578368649
2402 1707578368708
2403 1707578368774
2404 1707578368832
2405 1707578368894
2406 1707578368952
2407 1707578369014
2408 1707578369072
2409 1707578369134
2410 1707578369192
2411 1707578369258
2412 1707578369318
2413 1707578369376
2414 1707578369436
2415 1707578369498
2416 1707578369557
2417 1707578369618
2418 1707578369676
2419 1707578369737
2420 1707578369802
2421 1707578369860
2422 1707578369920
2423 1707578369982
2424 1707578370041
2425 1707578370100
2426 1707578370159
2427 1707578370222
2428 1707578370286
2429 1707578370344
2430 1707578370404
2431 1707578370466
2432 1707578370524
2433 1707578370586
2434 1707578370643
2435 1707578370704
2436 1707578370766
2437 1707578370828
2438 1707578370888
2439 1707578370949
2440 1707578371009
2441 1707578371069
2442 1707578371127
2443 1707578371190
2444 1707578371248
2445 1707578371310
2446 1707578371372
2447 1707578371432
2448 1707578371494
2449 1707578371552
2450 1707578371611
2451 1707578371675
2452 1707578371732
2453 1707578371794
2454 1707578371855
2455 1707578371918
2456 1707578371977
2457 1707578372038
2458 1707578372096
2459 1707578372158
2460 1707578372216
2461 1707578372278
2462 1707578372336
2463 1707578372400
2464 1707578372462
2465 1707578372521
2466 1707578372579
2467 1707578372642
2468 1707578372700
2469 1707578372762
2470 1707578372821
2471 1707578372884
2472 1707578372946
2473 1707578373006
2474 1707578373064
2475 1707578373124
2476 1707578373186
2477 1707578373245
2478 1707578373304
2479 1707578373365
2480 1707578373430
2481 1707578373490
2482 1707578373548
2483 1707578373609
2484 1707578373669
2485 1707578373728
2486 1707578373787
2487 1707578373848
2488 1707578373910
2489 1707578373972
2490 1707578374033
2491 1707578374092
2492 1707578374154
2493 1707578374212
2494 1707578374271
2495 1707578374334
2496 1707578374392
2497 1707578374458
2498 1707578374515
2499 1707578374576
2500 1707578374636
2501 1707578374699
2502 1707578374755
2503 1707578374816
2504 1707578374876
2505 1707578374936
2506 1707578375000
2507 1707578375062
2508 1707578375120
2509 1707578375182
2510 1707578375242
2511 1707578375300
2512 1707578375362
2513 1707578375422
2514 1707578375485
2515 1707578375544
2516 1707578375606
2517 1707578375664
2518 1707578375723
2519 1707578375786
2520 1707578375845
2521 1707578375904
2522 1707578375964
2523 1707578376030
2524 1707578376088
2525 1707578376150
2526 1707578376208
2527 1707578376269
2528 1707578376329
2529 1707578376388
2530 1707578376447
2531 1707578376510
2532 1707578376572
2533 1707578376634
2534 1707578376691
2535 1707578376752
2536 1707578376812
2537 1707578376872
2538 1707578376931
2539 1707578376995
2540 1707578377056
2541 1707578377118
2542 1707578377176
2543 1707578377235
2544 1707578377298
2545 1707578377355
2546 1707578377420
2547 1707578377475
2548 1707578377535
2549 1707578377603
2550 1707578377660
2551 1707578377722
2552 1707578377780
2553 1707578377839
2554 1707578377902
2555 1707578377959
2556 1707578378019
2557 1707578378079
2558 1707578378143
2559 1707578378206
2560 1707578378267
2561 1707578378327
2562 1707578378386
2563 1707578378446
2564 1707578378505
2565 1707578378566
2566 1707578378630
2567 1707578378690
2568 1707578378749
2569 1707578378808
2570 1707578378870
2571 1707578378929
2572 1707578378988
2573 1707578379047
2574 1707578379110
2575 1707578379173
2576 1707578379231
2577 1707578379294
2578 1707578379351
2579 1707578379414
2580 1707578379473
2581 1707578379531
2582 1707578379594
2583 1707578379656
2584 1707578379715
2585 1707578379778
2586 1707578379836
2587 1707578379898
2588 1707578379955
2589 1707578380016
2590 1707578380078
2591 1707578380136
2592 1707578380199
2593 1707578380262
2594 1707578380319
2595 1707578380382
2596 1707578380439
2597 1707578380500
2598 1707578380562
2599 1707578380620
2600 1707578380679
2601 1707578380746
2602 1707578380804
2603 1707578380866
2604 1707578380923
2605 1707578380986
2606 1707578381044
2607 1707578381106
2608 1707578381164
2609 1707578381227
2610 1707578381291
2611 1707578381348
2612 1707578381407
2613 1707578381470
2614 1707578381528
2615 1707578381590
2616 1707578381647
2617 1707578381707
2618 1707578381774
2619 1707578381832
2620 1707578381891
2621 1707578381953
2622 1707578382012
2623 1707578382074
2624 1707578382135
2625 1707578382191
2626 1707578382258
2627 1707578382318
2628 1707578382377
2629 1707578382435
2630 1707578382497
2631 1707578382558
2632 1707578382619
2633 1707578382675
2634 1707578382738
2635 1707578382802
2636 1707578382861
2637 1707578382920
2638 1707578382981
2639 1707578383042
2640 1707578383102
2641 1707578383160
2642 1707578383222
2643 1707578383282
2644 1707578383343
2645 1707578383404
2646 1707578383464
2647 1707578383526
2648 1707578383583
2649 1707578383645
2650 1707578383703
2651 1707578383766
2652 1707578383827
2653 1707578383887
2654 1707578383950
2655 1707578384007
2656 1707578384067
2657 1707578384129
2658 1707578384187
2659 1707578384250
2660 1707578384307
2661 1707578384371
2662 1707578384434
2663 1707578384492
2664 1707578384551
2665 1707578384614
2666 1707578384672
2667 1707578384734
2668 1707578384791
2669 1707578384855
2670 1707578384918
2671 1707578384976
2672 1707578385035
2673 1707578385098
2674 1707578385156
2675 1707578385218
2676 1707578385275
2677 1707578385338
2678 1707578385399
2679 1707578385462
2680 1707578385519
2681 1707578385580
2682 1707578385640
2683 1707578385700
2684 1707578385759
2685 1707578385819
2686 1707578385881
2687 1707578385946
2688 1707578386003
2689 1707578386063
2690 1707578386126
2691 1707578386184
2692 1707578386243
2693 1707578386305
2694 1707578386364
2695 1707578386430
2696 1707578386487
2697 1707578386547
2698 1707578386610
2699 1707578386668
2700 1707578386727
2701 1707578386790
2702 1707578386847
2703 1707578386910
2704 1707578386971
2705 1707578387031
2706 1707578387094
2707 1707578387153
2708 1707578387211
2709 1707578387274
2710 1707578387332
2711 1707578387394
2712 1707578387455
2713 1707578387515
2714 1707578387577
2715 1707578387635
2716 1707578387695
2717 1707578387758
2718 1707578387816
2719 1707578387878
2720 1707578387935
2721 1707578388002
2722 1707578388059
2723 1707578388122
2724 1707578388180
2725 1707578388239
2726 1707578388301
2727 1707578388360
2728 1707578388419
2729 1707578388482
2730 1707578388543
2731 1707578388606
2732 1707578388664
2733 1707578388724
2734 1707578388785
2735 1707578388844
2736 1707578388903
2737 1707578388965
2738 1707578389028
2739 1707578389090
2740 1707578389147
2741 1707578389207
2742 1707578389270
2743 1707578389328
2744 1707578389387
2745 1707578389450
2746 1707578389508
2747 1707578389574
2748 1707578389631
2749 1707578389692
2750 1707578389752
2751 1707578389814
2752 1707578389871
2753 1707578389931
2754 1707578389994
2755 1707578390056
2756 1707578390115
2757 1707578390177
2758 1707578390235
2759 1707578390298
2760 1707578390355
2761 1707578390417
2762 1707578390476
2763 1707578390538
2764 1707578390599
2765 1707578390661
2766 1707578390720
2767 1707578390782
2768 1707578390839
2769 1707578390899
2770 1707578390962
2771 1707578391019
2772 1707578391080
2773 1707578391144
2774 1707578391205
2775 1707578391264
2776 1707578391323
2777 1707578391385
2778 1707578391444
2779 1707578391506
2780 1707578391563
2781 1707578391629
2782 1707578391687
2783 1707578391750
2784 1707578391807
2785 1707578391868
2786 1707578391929
2787 1707578391987
2788 1707578392048
2789 1707578392108
2790 1707578392174
2791 1707578392232
2792 1707578392291
2793 1707578392351
2794 1707578392413
2795 1707578392474
2796 1707578392534
2797 1707578392591
2798 1707578392655
2799 1707578392718
2800 1707578392775
2801 1707578392838
2802 1707578392895
2803 1707578392956
2804 1707578393015
2805 1707578393077
2806 1707578393135
2807 1707578393199
2808 1707578393261
2809 1707578393320
2810 1707578393379
2811 1707578393440
2812 1707578393501
2813 1707578393560
2814 1707578393619
2815 1707578393681
2816 1707578393743
2817 1707578393806
2818 1707578393863
2819 1707578393923
2820 1707578393986
2821 1707578394043
2822 1707578394103
2823 1707578394166
2824 1707578394227
2825 1707578394290
2826 1707578394347
2827 1707578394409
2828 1707578394467
2829 1707578394530
2830 1707578394587
2831 1707578394647
2832 1707578394709
2833 1707578394774
2834 1707578394831
2835 1707578394894
2836 1707578394952
2837 1707578395014
2838 1707578395071
2839 1707578395131
2840 1707578395194
2841 1707578395255
2842 1707578395315
2843 1707578395378
2844 1707578395435
2845 1707578395498
2846 1707578395555
2847 1707578395615
2848 1707578395676
2849 1707578395738
2850 1707578395799
2851 1707578395860
2852 1707578395920
2853 1707578395982
2854 1707578396039
2855 1707578396099
2856 1707578396161
2857 1707578396220
2858 1707578396279
2859 1707578396345
2860 1707578396404
2861 1707578396464
2862 1707578396523
2863 1707578396584
2864 1707578396644
2865 1707578396705
2866 1707578396763
2867 1707578396829
2868 1707578396887
2869 1707578396949
2870 1707578397007
2871 1707578397067
2872 1707578397129
2873 1707578397188
2874 1707578397247
2875 1707578397307
2876 1707578397373
2877 1707578397432
2878 1707578397491
2879 1707578397553
2880 1707578397611
2881 1707578397673
2882 1707578397731
2883 1707578397793
2884 1707578397851
2885 1707578397917
2886 1707578397975
2887 1707578398035
2888 1707578398097
2889 1707578398155
2890 1707578398215
2891 1707578398277
2892 1707578398335
2893 1707578398401
2894 1707578398459
2895 1707578398519
2896 1707578398581
2897 1707578398641
2898 1707578398699
2899 1707578398761
2900 1707578398821
2901 1707578398879
2902 1707578398943
2903 1707578399006
2904 1707578399063
2905 1707578399126
2906 1707578399183
2907 1707578399245
2908 1707578399303
2909 1707578399365
2910 1707578399427
2911 1707578399488
2912 1707578399548
2913 1707578399609
2914 1707578399667
2915 1707578399727
2916 1707578399788
2917 1707578399846
2918 1707578399907
2919 1707578399972
2920 1707578400033
2921 1707578400094
2922 1707578400153
2923 1707578400211
2924 1707578400274
2925 1707578400333
2926 1707578400391
2927 1707578400453
2928 1707578400515
2929 1707578400577
2930 1707578400635
2931 1707578400695
2932 1707578400757
2933 1707578400816
2934 1707578400875
2935 1707578400936
2936 1707578401001
2937 1707578401059
2938 1707578401119
2939 1707578401181
2940 1707578401239
2941 1707578401301
2942 1707578401359
2943 1707578401420
2944 1707578401481
2945 1707578401544
2946 1707578401603
2947 1707578401665
2948 1707578401723
2949 1707578401785
2950 1707578401843
2951 1707578401905
2952 1707578401963
2953 1707578402029
2954 1707578402087
2955 1707578402147
2956 1707578402209
2957 1707578402267
2958 1707578402327
2959 1707578402390
2960 1707578402447
2961 1707578402509
2962 1707578402571
2963 1707578402631
2964 1707578402693
2965 1707578402751
2966 1707578402811
2967 1707578402873
2968 1707578402931
2969 1707578402993
2970 1707578403051
2971 1707578403116
2972 1707578403177
2973 1707578403235
2974 1707578403295
2975 1707578403357
2976 1707578403415
2977 1707578403477
2978 1707578403534
2979 1707578403601
2980 1707578403659
2981 1707578403721
2982 1707578403778
2983 1707578403841
2984 1707578403899
2985 1707578403961
2986 1707578404019
2987 1707578404079
2988 1707578404145
2989 1707578404203
2990 1707578404263
2991 1707578404325
2992 1707578404383
2993 1707578404445
2994 1707578404503
2995 1707578404564
2996 1707578404628
2997 1707578404688
2998 1707578404747
2999 1707578404807
3000 1707578404868
3001 1707578404928
3002 1707578404987
3003 1707578405048
3004 1707578405107
3005 1707578405173
3006 1707578405231
3007 1707578405293
3008 1707578405351
3009 1707578405413
3010 1707578405472
3011 1707578405531
3012 1707578405593
3013 1707578405651
3014 1707578405715
3015 1707578405777
3016 1707578405835
3017 1707578405897
3018 1707578405956
3019 1707578406017
3020 1707578406075
3021 1707578406137
3022 1707578406200
3023 1707578406259
3024 1707578406321
3025 1707578406381
3026 1707578406440
3027 1707578406499
3028 1707578406561
3029 1707578406621
3030 1707578406680
3031 1707578406744
3032 1707578406805
3033 1707578406863
3034 1707578406923
3035 1707578406985
3036 1707578407043
3037 1707578407105
3038 1707578407163
3039 1707578407228
3040 1707578407287
3041 1707578407349
3042 1707578407407
3043 1707578407466
3044 1707578407530
3045 1707578407587
3046 1707578407649
3047 1707578407707
3048 1707578407771
3049 1707578407833
3050 1707578407891
3051 1707578407954
3052 1707578408012
3053 1707578408071
3054 1707578408133
3055 1707578408191
3056 1707578408251
3057 1707578408317
3058 1707578408375
3059 1707578408437
3060 1707578408495
3061 1707578408556
3062 1707578408616
3063 1707578408677
3064 1707578408734
3065 1707578408801
3066 1707578408859
3067 1707578408921
3068 1707578408978
3069 1707578409040
3070 1707578409099
3071 1707578409161
3072 1707578409219
3073 1707578409281
3074 1707578409343
3075 1707578409404
3076 1707578409463
3077 1707578409523
3078 1707578409585
3079 1707578409643
3080 1707578409703
3081 1707578409765
3082 1707578409828
3083 1707578409889
3084 1707578409947
3085 1707578410006
3086 1707578410067
3087 1707578410129
3088 1707578410186
3089 1707578410249
3090 1707578410307
3091 1707578410373
3092 1707578410431
3093 1707578410490
3094 1707578410553
3095 1707578410611
3096 1707578410670
3097 1707578410733
3098 1707578410791
3099 1707578410854
3100 1707578410914
3101 1707578410977
3102 1707578411035
3103 1707578411097
3104 1707578411155
3105 1707578411217
3106 1707578411275
3107 1707578411337
3108 1707578411398
3109 1707578411459
3110 1707578411521
3111 1707578411579
3112 1707578411639
3113 1707578411701
3114 1707578411759
3115 1707578411820
3116 1707578411878
3117 1707578411945
3118 1707578412003
3119 1707578412065
3120 1707578412122
3121 1707578412183
3122 1707578412245
3123 1707578412303
3124 1707578412363
3125 1707578412429
3126 1707578412487
3127 1707578412549
3128 1707578412606
3129 1707578412666
3130 1707578412729
3131 1707578412787
3132 1707578412847
3133 1707578412909
3134 1707578412972
3135 1707578413033
3136 1707578413090
3137 1707578413153
3138 1707578413212
3139 1707578413271
3140 1707578413330
3141 1707578413393
3142 1707578413451
3143 1707578413516
3144 1707578413574
3145 1707578413636
3146 1707578413696
3147 1707578413755
3148 1707578413814
3149 1707578413877
3150 1707578413935
3151 1707578414001
3152 1707578414058
3153 1707578414118
3154 1707578414181
3155 1707578414239
3156 1707578414298
3157 1707578414361
3158 1707578414419
3159 1707578414481
3160 1707578414542
3161 1707578414605
3162 1707578414663
3163 1707578414725
3164 1707578414783
3165 1707578414842
3166 1707578414905
3167 1707578414963
3168 1707578415027
3169 1707578415089
3170 1707578415147
3171 1707578415209
3172 1707578415266
3173 1707578415329
3174 1707578415387
3175 1707578415449
3176 1707578415507
3177 1707578415570
3178 1707578415633
3179 1707578415691
3180 1707578415750
3181 1707578415813
3182 1707578415871
3183 1707578415933
3184 1707578415990
3185 1707578416053
3186 1707578416116
3187 1707578416176
3188 1707578416234
3189 1707578416297
3190 1707578416355
3191 1707578416417
3192 1707578416474
3193 1707578416537
3194 1707578416599
3195 1707578416659
3196 1707578416718
3197 1707578416781
3198 1707578416839
3199 1707578416901
3200 1707578416958
3201 1707578417019
3202 1707578417080
3203 1707578417145
3204 1707578417203
3205 1707578417262
3206 1707578417325
3207 1707578417382
3208 1707578417442
3209 1707578417505
3210 1707578417563
3211 1707578417629
3212 1707578417687
3213 1707578417747
3214 1707578417809
3215 1707578417869
3216 1707578417929
3217 1707578417987
3218 1707578418048
3219 1707578418109
3220 1707578418171
3221 1707578418230
3222 1707578418293
3223 1707578418351
3224 1707578418410
3225 1707578418473
3226 1707578418530
3227 1707578418593
3228 1707578418650
3229 1707578418716
3230 1707578418776
3231 1707578418835
3232 1707578418894
3233 1707578418957
3234 1707578419014
3235 1707578419077
3236 1707578419134
3237 1707578419199
3238 1707578419260
3239 1707578419319
3240 1707578419378
3241 1707578419441
3242 1707578419499
3243 1707578419561
3244 1707578419618
3245 1707578419680
3246 1707578419744
3247 1707578419803
3248 1707578419862
3249 1707578419925
3250 1707578419983
3251 1707578420045
3252 1707578420102
3253 1707578420163
3254 1707578420229
3255 1707578420287
3256 1707578420347
3257 1707578420409
3258 1707578420467
3259 1707578420529
3260 1707578420586
3261 1707578420646
3262 1707578420709
3263 1707578420771
3264 1707578420830
3265 1707578420893
3266 1707578420951
3267 1707578421013
3268 1707578421070
3269 1707578421133
3270 1707578421191
3271 1707578421253
3272 1707578421314
3273 1707578421374
3274 1707578421436
3275 1707578421494
3276 1707578421554
3277 1707578421617
3278 1707578421674
3279 1707578421737
3280 1707578421798
3281 1707578421859
3282 1707578421920
3283 1707578421979
3284 1707578422038
3285 1707578422099
3286 1707578422159
3287 1707578422220
3288 1707578422279
3289 1707578422342
3290 1707578422402
3291 1707578422462
3292 1707578422524
3293 1707578422585
3294 1707578422643
3295 1707578422705
3296 1707578422767
3297 1707578422823
3298 1707578422886
3299 1707578422949
3300 1707578423007
3301 1707578423069
3302 1707578423127
3303 1707578423186
3304 1707578423249
3305 1707578423307
3306 1707578423370
3307 1707578423433
3308 1707578423490
3309 1707578423553
3310 1707578423612
3311 1707578423670
3312 1707578423733
3313 1707578423791
3314 1707578423850
3315 1707578423916
3316 1707578423975
3317 1707578424036
3318 1707578424094
3319 1707578424154
3320 1707578424217
3321 1707578424277
3322 1707578424334
3323 1707578424401
3324 1707578424459
3325 1707578424521
3326 1707578424578
3327 1707578424639
3328 1707578424699
3329 1707578424760
3330 1707578424818
3331 1707578424880
3332 1707578424943
3333 1707578425004
3334 1707578425062
3335 1707578425123
3336 1707578425185
3337 1707578425242
3338 1707578425303
3339 1707578425363
3340 1707578425423
3341 1707578425489
3342 1707578425546
3343 1707578425608
3344 1707578425667
3345 1707578425729
3346 1707578425786
3347 1707578425846
3348 1707578425909
3349 1707578425970
3350 1707578426030
3351 1707578426093
3352 1707578426151
3353 1707578426213
3354 1707578426270
3355 1707578426331
3356 1707578426391
3357 1707578426453
3358 1707578426514
3359 1707578426575
3360 1707578426637
3361 1707578426695
3362 1707578426754
3363 1707578426817
3364 1707578426874
3365 1707578426937
3366 1707578426998
3367 1707578427059
3368 1707578427120
3369 1707578427179
3370 1707578427238
3371 1707578427301
3372 1707578427358
3373 1707578427421
3374 1707578427478
3375 1707578427544
3376 1707578427603
3377 1707578427665
3378 1707578427722
3379 1707578427782
3380 1707578427845
3381 1707578427902
3382 1707578427962
3383 1707578428024
3384 1707578428088
3385 1707578428147
3386 1707578428208
3387 1707578428266
3388 1707578428329
3389 1707578428389
3390 1707578428446
3391 1707578428509
3392 1707578428570
3393 1707578428633
3394 1707578428690
3395 1707578428751
3396 1707578428811
3397 1707578428870
3398 1707578428930
3399 1707578428993
3400 1707578429050
3401 1707578429117
3402 1707578429174
3403 1707578429236
3404 1707578429294
3405 1707578429356
3406 1707578429414
3407 1707578429475
3408 1707578429535
3409 1707578429601
3410 1707578429658
3411 1707578429718
3412 1707578429781
3413 1707578429839
3414 1707578429898
3415 1707578429961
3416 1707578430018
3417 1707578430081
3418 1707578430142
3419 1707578430202
3420 1707578430265
3421 1707578430322
3422 1707578430382
3423 1707578430445
3424 1707578430503
3425 1707578430565
3426 1707578430625
3427 1707578430687
3428 1707578430749
3429 1707578430809
3430 1707578430868
3431 1707578430926
3432 1707578430989
3433 1707578431048
3434 1707578431110
3435 1707578431173
3436 1707578431233
3437 1707578431293
3438 1707578431350
3439 1707578431411
3440 1707578431472
3441 1707578431532
3442 1707578431592
3443 1707578431651
3444 1707578431717
3445 1707578431776
3446 1707578431835
3447 1707578431895
3448 1707578431957
3449 1707578432017
3450 1707578432077
3451 1707578432134
3452 1707578432202
3453 1707578432260
3454 1707578432318
3455 1707578432378
3456 1707578432441
3457 1707578432499
3458 1707578432558
3459 1707578432618
3460 1707578432680
3461 1707578432742
3462 1707578432802
3463 1707578432862
3464 1707578432924
3465 1707578432982
3466 1707578433042
3467 1707578433105
3468 1707578433162
3469 1707578433222
3470 1707578433287
3471 1707578433346
3472 1707578433407
3473 1707578433466
3474 1707578433527
3475 1707578433586
3476 1707578433646
3477 1707578433709
3478 1707578433770
3479 1707578433830
3480 1707578433891
3481 1707578433950
3482 1707578434013
3483 1707578434070
3484 1707578434133
3485 1707578434190
3486 1707578434252
3487 1707578434314
3488 1707578434374
3489 1707578434437
3490 1707578434494
3491 1707578434554
3492 1707578434615
3493 1707578434674
3494 1707578434737
3495 1707578434798
3496 1707578434858
3497 1707578434921
3498 1707578434978
3499 1707578435040
3500 1707578435098
3501 1707578435161
3502 1707578435218
3503 1707578435278
3504 1707578435345
3505 1707578435402
3506 1707578435466
3507 1707578435522
3508 1707578435582
3509 1707578435643
3510 1707578435702
3511 1707578435762
3512 1707578435825
3513 1707578435886
3514 1707578435949
3515 1707578436006
3516 1707578436066
3517 1707578436128
3518 1707578436186
3519 1707578436246
3520 1707578436307
3521 1707578436370
3522 1707578436433
3523 1707578436490
3524 1707578436550
3525 1707578436612
3526 1707578436670
3527 1707578436730
3528 1707578436792
3529 1707578436850
3530 1707578436917
3531 1707578436974
3532 1707578437034
3533 1707578437097
3534 1707578437154
3535 1707578437214
3536 1707578437274
3537 1707578437337
3538 1707578437398
3539 1707578437458
3540 1707578437519
3541 1707578437578
3542 1707578437641
3543 1707578437698
3544 1707578437758
3545 1707578437821
3546 1707578437878
3547 1707578437942
3548 1707578438002
3549 1707578438065
3550 1707578438122
3551 1707578438185
3552 1707578438242
3553 1707578438302
3554 1707578438364
3555 1707578438422
3556 1707578438486
3557 1707578438548
3558 1707578438606
3559 1707578438669
3560 1707578438726
3561 1707578438786
3562 1707578438849
3563 1707578438906
3564 1707578438970
3565 1707578439032
3566 1707578439090
3567 1707578439153
3568 1707578439210
3569 1707578439270
3570 1707578439332
3571 1707578439390
3572 1707578439450
3573 1707578439516
3574 1707578439574
3575 1707578439636
3576 1707578439694
3577 1707578439754
3578 1707578439816
3579 1707578439874
3580 1707578439934
3581 1707578439998
3582 1707578440061
3583 1707578440118
3584 1707578440178
3585 1707578440241
3586 1707578440298
3587 1707578440361
3588 1707578440418
3589 1707578440478
3590 1707578440544
3591 1707578440602
3592 1707578440662
3593 1707578440723
3594 1707578440782
3595 1707578440845
3596 1707578440901
3597 1707578440962
3598 1707578441025
3599 1707578441086
3600 1707578441146
3601 1707578441206
3602 1707578441269
3603 1707578441326
3604 1707578441386
3605 1707578441449
3606 1707578441506
3607 1707578441573
3608 1707578441629
3609 1707578441691
3610 1707578441750
3611 1707578441813
3612 1707578441870
3613 1707578441930
3614 1707578441992
3615 1707578442051
3616 1707578442113
3617 1707578442176
3618 1707578442234
3619 1707578442296
3620 1707578442354
3621 1707578442414
3622 1707578442476
3623 1707578442534
3624 1707578442593
3625 1707578442661
3626 1707578442719
3627 1707578442780
3628 1707578442838
3629 1707578442900
3630 1707578442959
3631 1707578443020
3632 1707578443077
3633 1707578443144
3634 1707578443202
3635 1707578443264
3636 1707578443321
3637 1707578443382
3638 1707578443444
3639 1707578443502
3640 1707578443562
3641 1707578443624
3642 1707578443686
3643 1707578443746
3644 1707578443806
3645 1707578443867
3646 1707578443927
3647 1707578443988
3648 1707578444045
3649 1707578444106
3650 1707578444172
3651 1707578444230
3652 1707578444289
3653 1707578444352
3654 1707578444410
3655 1707578444472
3656 1707578444529
3657 1707578444590
3658 1707578444652
3659 1707578444715
3660 1707578444773
3661 1707578444835
3662 1707578444894
3663 1707578444956
3664 1707578445013
3665 1707578445075
3666 1707578445136
3667 1707578445198
3668 1707578445258
3669 1707578445320
3670 1707578445378
3671 1707578445440
3672 1707578445497
3673 1707578445558
3674 1707578445621
3675 1707578445678
3676 1707578445742
3677 1707578445803
3678 1707578445862
3679 1707578445927
3680 1707578445982
3681 1707578446043
3682 1707578446102
3683 1707578446164
3684 1707578446224
3685 1707578446286
3686 1707578446348
3687 1707578446408
3688 1707578446465
3689 1707578446526
3690 1707578446588
3691 1707578446646
3692 1707578446705
3693 1707578446769
3694 1707578446829
3695 1707578446890
3696 1707578446952
3697 1707578447011
3698 1707578447072
3699 1707578447131
3700 1707578447190
3701 1707578447250
3702 1707578447316
3703 1707578447376
3704 1707578447437
3705 1707578447494
3706 1707578447554
3707 1707578447616
3708 1707578447674
3709 1707578447734
3710 1707578447796
3711 1707578447858
3712 1707578447917
3713 1707578447980
3714 1707578448038
3715 1707578448100
3716 1707578448157
3717 1707578448219
3718 1707578448278
3719 1707578448344
3720 1707578448402
3721 1707578448461
3722 1707578448524
3723 1707578448581
3724 1707578448642
3725 1707578448704
3726 1707578448763
3727 1707578448822
3728 1707578448886
3729 1707578448946
3730 1707578449008
3731 1707578449066
3732 1707578449125
3733 1707578449187
3734 1707578449246
3735 1707578449308
3736 1707578449369
3737 1707578449431
3738 1707578449490
3739 1707578449552
3740 1707578449612
3741 1707578449670
3742 1707578449732
3743 1707578449790
3744 1707578449849
3745 1707578449916
3746 1707578449974
3747 1707578450037
3748 1707578450095
3749 1707578450154
3750 1707578450218
3751 1707578450276
3752 1707578450335
3753 1707578450394
3754 1707578450461
3755 1707578450518
3756 1707578450577
3757 1707578450640
3758 1707578450698
3759 1707578450758
3760 1707578450817
3761 1707578450880
3762 1707578450942
3763 1707578451004
3764 1707578451063
3765 1707578451122
3766 1707578451185
3767 1707578451243
3768 1707578451301
3769 1707578451363
3770 1707578451422
3771 1707578451487
3772 1707578451546
3773 1707578451605
3774 1707578451668
3775 1707578451727
3776 1707578451785
3777 1707578451848
3778 1707578451906
3779 1707578451972
3780 1707578452030
3781 1707578452089
3782 1707578452152
3783 1707578452210
3784 1707578452269
3785 1707578452332
3786 1707578452390
3787 1707578452452
3788 1707578452514
3789 1707578452573
3790 1707578452636
3791 1707578452694
3792 1707578452753
3793 1707578452813
3794 1707578452875
3795 1707578452934
3796 1707578452996
3797 1707578453057
3798 1707578453118
3799 1707578453180
3800 1707578453237
3801 1707578453301
3802 1707578453357
3803 1707578453418
3804 1707578453480
3805 1707578453542
3806 1707578453601
3807 1707578453664
3808 1707578453722
3809 1707578453784
3810 1707578453841
3811 1707578453903
3812 1707578453962
3813 1707578454022
3814 1707578454085
3815 1707578454146
3816 1707578454208
3817 1707578454265
3818 1707578454326
3819 1707578454387
3820 1707578454446
3821 1707578454508
3822 1707578454569
3823 1707578454630
3824 1707578454692
3825 1707578454750
3826 1707578454810
3827 1707578454872
3828 1707578454930
3829 1707578454992
3830 1707578455049
3831 1707578455114
3832 1707578455178
3833 1707578455233
3834 1707578455294
3835 1707578455356
3836 1707578455414
3837 1707578455476
3838 1707578455533
3839 1707578455594
3840 1707578455660
3841 1707578455718
3842 1707578455777
3843 1707578455840
3844 1707578455898
3845 1707578455960
3846 1707578456017
3847 1707578456078
3848 1707578456144
3849 1707578456202
3850 1707578456261
3851 1707578456326
3852 1707578456386
3853 1707578456445
3854 1707578456501
3855 1707578456562
3856 1707578456624
3857 1707578456686
3858 1707578456745
3859 1707578456808
3860 1707578456866
3861 1707578456928
3862 1707578456986
3863 1707578457046
3864 1707578457108
3865 1707578457170
3866 1707578457230
3867 1707578457290
3868 1707578457351
3869 1707578457410
3870 1707578457469
3871 1707578457532
3872 1707578457590
3873 1707578457652
3874 1707578457713
3875 1707578457774
3876 1707578457834
3877 1707578457896
3878 1707578457954
3879 1707578458014
3880 1707578458076
3881 1707578458134
3882 1707578458193
3883 1707578458260
3884 1707578458318
3885 1707578458380
3886 1707578458438
3887 1707578458497
3888 1707578458560
3889 1707578458618
3890 1707578458678
3891 1707578458744
3892 1707578458802
3893 1707578458864
3894 1707578458921
3895 1707578458982
3896 1707578459042
3897 1707578459103
3898 1707578459161
3899 1707578459222
3900 1707578459288
3901 1707578459346
3902 1707578459406
3903 1707578459468
3904 1707578459526
3905 1707578459588
3906 1707578459646
3907 1707578459706
3908 1707578459772
3909 1707578459830
3910 1707578459890
3911 1707578459952
3912 1707578460009
3913 1707578460072
3914 1707578460129
3915 1707578460189
3916 1707578460252
3917 1707578460314
3918 1707578460373
3919 1707578460437
3920 1707578460494
3921 1707578460557
3922 1707578460613
3923 1707578460674
3924 1707578460736
3925 1707578460794
3926 1707578460858
3927 1707578460920
3928 1707578460978
3929 1707578461041
3930 1707578461098
3931 1707578461158
3932 1707578461220
3933 1707578461278
3934 1707578461341
3935 1707578461404
3936 1707578461462
3937 1707578461524
3938 1707578461583
3939 1707578461642
3940 1707578461704
3941 1707578461764
3942 1707578461824
3943 1707578461885
3944 1707578461949
3945 1707578462006
3946 1707578462065
3947 1707578462128
3948 1707578462186
3949 1707578462246
3950 1707578462305
3951 1707578462369
3952 1707578462433
3953 1707578462490
3954 1707578462550
3955 1707578462612
3956 1707578462670
3957 1707578462730
3958 1707578462789
3959 1707578462852
3960 1707578462914
3961 1707578462976
3962 1707578463033
3963 1707578463094
3964 1707578463156
3965 1707578463213
3966 1707578463273
3967 1707578463336
3968 1707578463394
3969 1707578463459
3970 1707578463518
3971 1707578463578
3972 1707578463640
3973 1707578463698
3974 1707578463757
3975 1707578463819
3976 1707578463878
3977 1707578463944
3978 1707578464001
3979 1707578464061
3980 1707578464124
3981 1707578464182
3982 1707578464241
3983 1707578464304
3984 1707578464364
3985 1707578464422
3986 1707578464486
3987 1707578464547
3988 1707578464605
3989 1707578464668
3990 1707578464727
3991 1707578464786
3992 1707578464848
3993 1707578464906
3994 1707578464969
3995 1707578465032
3996 1707578465090
3997 1707578465152
3998 1707578465210
3999 1707578465269
4000 1707578465332
4001 1707578465390
4002 1707578465449
4003 1707578465517
4004 1707578465573
4005 1707578465636
4006 1707578465694
4007 1707578465753
4008 1707578465815
4009 1707578465874
4010 1707578465933
4011 1707578465994
4012 1707578466060
4013 1707578466119
4014 1707578466178
4015 1707578466239
4016 1707578466298
4017 1707578466360
4018 1707578466417
4019 1707578466477
4020 1707578466544
4021 1707578466601
4022 1707578466661
4023 1707578466724
4024 1707578466782
4025 1707578466844
4026 1707578466902
4027 1707578466961
4028 1707578467024
4029 1707578467086
4030 1707578467146
4031 1707578467209
4032 1707578467265
4033 1707578467328
4034 1707578467386
4035 1707578467445
4036 1707578467508
4037 1707578467569
4038 1707578467629
4039 1707578467692
4040 1707578467750
4041 1707578467812
4042 1707578467869
4043 1707578467929
4044 1707578467992
4045 1707578468050
4046 1707578468116
4047 1707578468173
4048 1707578468233
4049 1707578468296
4050 1707578468353
4051 1707578468416
4052 1707578468473
4053 1707578468533
4054 1707578468596
4055 1707578468660
4056 1707578468718
4057 1707578468777
4058 1707578468839
4059 1707578468898
4060 1707578468957
4061 1707578469017
4062 1707578469080
4063 1707578469141
4064 1707578469203
4065 1707578469261
4066 1707578469325
4067 1707578469382
4068 1707578469441
4069 1707578469502
4070 1707578469562
4071 1707578469622
4072 1707578469685
4073 1707578469746
4074 1707578469808
4075 1707578469865
4076 1707578469925
4077 1707578469988
4078 1707578470045
4079 1707578470107
4080 1707578470165
4081 1707578470229
4082 1707578470289
4083 1707578470349
4084 1707578470410
4085 1707578470471
4086 1707578470531
4087 1707578470591
4088 1707578470650
4089 1707578470713
4090 1707578470776
4091 1707578470836
4092 1707578470893
4093 1707578470953
4094 1707578471016
4095 1707578471073
4096 1707578471133
4097 1707578471195
4098 1707578471258
4099 1707578471320
4100 1707578471377
4101 1707578471438
4102 1707578471498
4103 1707578471560
4104 1707578471617
4105 1707578471677
4106 1707578471744
4107 1707578471802
4108 1707578471861
4109 1707578471924
4110 1707578471982
4111 1707578472044
4112 1707578472101
4113 1707578472161
4114 1707578472223
4115 1707578472285
4116 1707578472345
4117 1707578472406
4118 1707578472468
4119 1707578472526
4120 1707578472585
4121 1707578472647
4122 1707578472705
4123 1707578472768
4124 1707578472829
4125 1707578472889
4126 1707578472952
4127 1707578473009
4128 1707578473069
4129 1707578473132
4130 1707578473189
4131 1707578473252
4132 1707578473313
4133 1707578473373
4134 1707578473436
4135 1707578473493
4136 1707578473553
4137 1707578473614
4138 1707578473674
4139 1707578473735
4140 1707578473793
4141 1707578473858
4142 1707578473918
4143 1707578473979
4144 1707578474037
4145 1707578474097
4146 1707578474160
4147 1707578474217
4148 1707578474277
4149 1707578474342
4150 1707578474401
4151 1707578474463
4152 1707578474521
4153 1707578474581
4154 1707578474643
4155 1707578474701
4156 1707578474761
4157 1707578474822
4158 1707578474885
4159 1707578474947
4160 1707578475005
4161 1707578475067
4162 1707578475125
4163 1707578475188
4164 1707578475245
4165 1707578475305
4166 1707578475368
