1 1707059776719
2 1707059776852
3 1707059776906
4 1707059776959
5 1707059777011
6 1707059777064
7 1707059777116
8 1707059777171
9 1707059777226
10 1707059777280
11 1707059777336
12 1707059777392
13 1707059777447
14 1707059777504
15 1707059777560
16 1707059777616
17 1707059777671
18 1707059777727
19 1707059777784
20 1707059777840
21 1707059777896
22 1707059777952
23 1707059778009
24 1707059778069
25 1707059778129
26 1707059778189
27 1707059778254
28 1707059778314
29 1707059778373
30 1707059778433
31 1707059778493
32 1707059778553
33 1707059778614
34 1707059778673
35 1707059778734
36 1707059778798
37 1707059778858
38 1707059778918
39 1707059778978
40 1707059779038
41 1707059779098
42 1707059779158
43 1707059779213
44 1707059779274
45 1707059779342
46 1707059779402
47 1707059779458
48 1707059779517
49 1707059779581
50 1707059779641
51 1707059779697
52 1707059779757
53 1707059779821
54 1707059779884
55 1707059779941
56 1707059780001
57 1707059780064
58 1707059780121
59 1707059780181
60 1707059780242
61 1707059780301
62 1707059780365
63 1707059780426
64 1707059780485
65 1707059780546
66 1707059780605
67 1707059780665
68 1707059780728
69 1707059780785
70 1707059780849
71 1707059780912
72 1707059780970
73 1707059781029
74 1707059781092
75 1707059781149
76 1707059781212
77 1707059781269
78 1707059781329
79 1707059781396
80 1707059781453
81 1707059781513
82 1707059781575
83 1707059781633
84 1707059781695
85 1707059781753
86 1707059781814
87 1707059781875
88 1707059781939
89 1707059781997
90 1707059782060
91 1707059782117
92 1707059782180
93 1707059782237
94 1707059782297
95 1707059782359
96 1707059782422
97 1707059782481
98 1707059782541
99 1707059782604
100 1707059782662
101 1707059782721
102 1707059782784
103 1707059782842
104 1707059782904
105 1707059782965
106 1707059783028
107 1707059783086
108 1707059783147
109 1707059783205
110 1707059783266
111 1707059783328
112 1707059783386
113 1707059783449
114 1707059783512
115 1707059783570
116 1707059783632
117 1707059783689
118 1707059783752
119 1707059783810
120 1707059783872
121 1707059783929
122 1707059783994
123 1707059784056
124 1707059784114
125 1707059784173
126 1707059784233
127 1707059784296
128 1707059784354
129 1707059784413
130 1707059784476
131 1707059784538
132 1707059784599
133 1707059784657
134 1707059784718
135 1707059784780
136 1707059784838
137 1707059784897
138 1707059784960
139 1707059785022
140 1707059785082
141 1707059785141
142 1707059785203
143 1707059785262
144 1707059785324
145 1707059785381
146 1707059785442
147 1707059785504
148 1707059785568
149 1707059785625
150 1707059785686
151 1707059785748
152 1707059785806
153 1707059785865
154 1707059785928
155 1707059785986
156 1707059786048
157 1707059786109
158 1707059786170
159 1707059786230
160 1707059786292
161 1707059786349
162 1707059786409
163 1707059786471
164 1707059786529
165 1707059786594
166 1707059786653
167 1707059786716
168 1707059786775
169 1707059786833
170 1707059786895
171 1707059786955
172 1707059787016
173 1707059787073
174 1707059787138
175 1707059787200
176 1707059787258
177 1707059787317
178 1707059787380
179 1707059787437
180 1707059787500
181 1707059787557
182 1707059787623
183 1707059787682
184 1707059787744
185 1707059787801
186 1707059787863
187 1707059787922
188 1707059787984
189 1707059788041
190 1707059788102
191 1707059788168
192 1707059788226
193 1707059788285
194 1707059788348
195 1707059788407
196 1707059788465
197 1707059788525
198 1707059788587
199 1707059788652
200 1707059788710
201 1707059788769
202 1707059788832
203 1707059788890
204 1707059788952
205 1707059789009
206 1707059789070
207 1707059789132
208 1707059789194
209 1707059789254
210 1707059789313
211 1707059789375
212 1707059789433
213 1707059789493
214 1707059789556
215 1707059789614
216 1707059789676
217 1707059789737
218 1707059789798
219 1707059789860
220 1707059789918
221 1707059789977
222 1707059790040
223 1707059790100
224 1707059790159
225 1707059790221
226 1707059790283
227 1707059790344
228 1707059790401
229 1707059790461
230 1707059790524
231 1707059790581
232 1707059790644
233 1707059790701
234 1707059790766
235 1707059790828
236 1707059790886
237 1707059790945
238 1707059791008
239 1707059791066
240 1707059791128
241 1707059791185
242 1707059791245
243 1707059791312
244 1707059791370
245 1707059791429
246 1707059791492
247 1707059791550
248 1707059791612
249 1707059791669
250 1707059791730
251 1707059791795
252 1707059791855
253 1707059791913
254 1707059791974
255 1707059792035
256 1707059792094
257 1707059792153
258 1707059792215
259 1707059792273
260 1707059792340
261 1707059792397
262 1707059792459
263 1707059792518
264 1707059792580
265 1707059792637
266 1707059792698
267 1707059792760
268 1707059792822
269 1707059792881
270 1707059792943
271 1707059793002
272 1707059793062
273 1707059793121
274 1707059793184
275 1707059793244
276 1707059793302
277 1707059793365
278 1707059793428
279 1707059793486
280 1707059793547
281 1707059793605
282 1707059793666
283 1707059793728
284 1707059793786
285 1707059793849
286 1707059793912
287 1707059793970
288 1707059794032
289 1707059794089
290 1707059794150
291 1707059794212
292 1707059794271
293 1707059794329
294 1707059794393
295 1707059794456
296 1707059794514
297 1707059794573
298 1707059794634
299 1707059794696
300 1707059794754
301 1707059794816
302 1707059794873
303 1707059794939
304 1707059794999
305 1707059795060
306 1707059795117
307 1707059795177
308 1707059795240
309 1707059795298
310 1707059795357
311 1707059795424
312 1707059795482
313 1707059795544
314 1707059795601
315 1707059795662
316 1707059795724
317 1707059795781
318 1707059795842
319 1707059795904
320 1707059795966
321 1707059796026
322 1707059796085
323 1707059796147
324 1707059796207
325 1707059796266
326 1707059796325
327 1707059796387
328 1707059796446
329 1707059796510
330 1707059796569
331 1707059796632
332 1707059796690
333 1707059796750
334 1707059796809
335 1707059796871
336 1707059796931
337 1707059796995
338 1707059797053
339 1707059797114
340 1707059797174
341 1707059797234
342 1707059797293
343 1707059797356
344 1707059797415
345 1707059797476
346 1707059797537
347 1707059797600
348 1707059797658
349 1707059797720
350 1707059797777
351 1707059797840
352 1707059797900
353 1707059797958
354 1707059798021
355 1707059798084
356 1707059798144
357 1707059798203
358 1707059798261
359 1707059798322
360 1707059798384
361 1707059798441
362 1707059798502
363 1707059798568
364 1707059798627
365 1707059798686
366 1707059798745
367 1707059798807
368 1707059798866
369 1707059798928
370 1707059798985
371 1707059799050
372 1707059799111
373 1707059799172
374 1707059799229
375 1707059799290
376 1707059799352
377 1707059799410
378 1707059799469
379 1707059799532
380 1707059799595
381 1707059799656
382 1707059799713
383 1707059799774
384 1707059799836
385 1707059799894
386 1707059799953
387 1707059800016
388 1707059800074
389 1707059800140
390 1707059800197
391 1707059800259
392 1707059800320
393 1707059800378
394 1707059800438
395 1707059800500
396 1707059800559
397 1707059800624
398 1707059800681
399 1707059800742
400 1707059800804
401 1707059800862
402 1707059800921
403 1707059800984
404 1707059801042
405 1707059801104
406 1707059801165
407 1707059801228
408 1707059801288
409 1707059801346
410 1707059801405
411 1707059801468
412 1707059801529
413 1707059801585
414 1707059801646
415 1707059801712
416 1707059801771
417 1707059801830
418 1707059801889
419 1707059801952
420 1707059802011
421 1707059802072
422 1707059802129
423 1707059802195
424 1707059802255
425 1707059802314
426 1707059802373
427 1707059802436
428 1707059802495
429 1707059802554
430 1707059802613
431 1707059802677
432 1707059802739
433 1707059802800
434 1707059802857
435 1707059802919
436 1707059802978
437 1707059803040
438 1707059803097
439 1707059803158
440 1707059803224
441 1707059803281
442 1707059803341
443 1707059803404
444 1707059803462
445 1707059803524
446 1707059803581
447 1707059803641
448 1707059803704
449 1707059803767
450 1707059803825
451 1707059803888
452 1707059803946
453 1707059804006
454 1707059804065
455 1707059804128
456 1707059804186
457 1707059804252
458 1707059804309
459 1707059804372
460 1707059804430
461 1707059804492
462 1707059804549
463 1707059804612
464 1707059804672
465 1707059804729
466 1707059804793
467 1707059804856
468 1707059804914
469 1707059804976
470 1707059805033
471 1707059805095
472 1707059805154
473 1707059805216
474 1707059805273
475 1707059805340
476 1707059805399
477 1707059805460
478 1707059805517
479 1707059805578
480 1707059805640
481 1707059805700
482 1707059805757
483 1707059805824
484 1707059805884
485 1707059805942
486 1707059806001
487 1707059806064
488 1707059806122
489 1707059806184
490 1707059806241
491 1707059806301
492 1707059806368
493 1707059806426
494 1707059806485
495 1707059806547
496 1707059806606
497 1707059806667
498 1707059806725
499 1707059806786
500 1707059806847
501 1707059806911
502 1707059806969
503 1707059807030
504 1707059807092
505 1707059807150
506 1707059807209
507 1707059807272
508 1707059807331
509 1707059807396
510 1707059807453
511 1707059807514
512 1707059807576
513 1707059807635
514 1707059807693
515 1707059807754
516 1707059807814
517 1707059807876
518 1707059807937
519 1707059807998
520 1707059808059
521 1707059808119
522 1707059808177
523 1707059808239
524 1707059808298
525 1707059808360
526 1707059808417
527 1707059808483
528 1707059808543
529 1707059808604
530 1707059808662
531 1707059808724
532 1707059808781
533 1707059808843
534 1707059808901
535 1707059808966
536 1707059809026
537 1707059809087
538 1707059809145
539 1707059809206
540 1707059809267
541 1707059809328
542 1707059809387
543 1707059809448
544 1707059809511
545 1707059809572
546 1707059809632
547 1707059809689
548 1707059809752
549 1707059809809
550 1707059809872
551 1707059809930
552 1707059809993
553 1707059810056
554 1707059810114
555 1707059810176
556 1707059810233
557 1707059810294
558 1707059810354
559 1707059810416
560 1707059810473
561 1707059810538
562 1707059810600
563 1707059810660
564 1707059810717
565 1707059810777
566 1707059810840
567 1707059810898
568 1707059810957
569 1707059811020
570 1707059811084
571 1707059811143
572 1707059811201
573 1707059811262
574 1707059811324
575 1707059811381
576 1707059811442
577 1707059811504
578 1707059811568
579 1707059811627
580 1707059811685
581 1707059811746
582 1707059811808
583 1707059811866
584 1707059811925
585 1707059811987
586 1707059812045
587 1707059812112
588 1707059812169
589 1707059812231
590 1707059812291
591 1707059812349
592 1707059812409
593 1707059812471
594 1707059812530
595 1707059812596
596 1707059812653
597 1707059812714
598 1707059812776
599 1707059812834
600 1707059812893
601 1707059812955
602 1707059813014
603 1707059813075
604 1707059813137
605 1707059813199
606 1707059813260
607 1707059813318
608 1707059813378
609 1707059813440
610 1707059813499
611 1707059813557
612 1707059813620
613 1707059813682
614 1707059813744
615 1707059813802
616 1707059813861
617 1707059813924
618 1707059813985
619 1707059814044
620 1707059814101
621 1707059814165
622 1707059814228
623 1707059814287
624 1707059814346
625 1707059814407
626 1707059814466
627 1707059814528
628 1707059814585
629 1707059814645
630 1707059814711
631 1707059814770
632 1707059814829
633 1707059814891
634 1707059814950
635 1707059815012
636 1707059815070
637 1707059815132
638 1707059815193
639 1707059815258
640 1707059815313
641 1707059815374
642 1707059815435
643 1707059815494
644 1707059815555
645 1707059815615
646 1707059815676
647 1707059815740
648 1707059815798
649 1707059815857
650 1707059815920
651 1707059815980
652 1707059816038
653 1707059816100
654 1707059816159
655 1707059816219
656 1707059816282
657 1707059816341
658 1707059816404
659 1707059816463
660 1707059816523
661 1707059816584
662 1707059816644
663 1707059816704
664 1707059816768
665 1707059816827
666 1707059816887
667 1707059816946
668 1707059817008
669 1707059817065
670 1707059817128
671 1707059817187
672 1707059817247
673 1707059817310
674 1707059817371
675 1707059817430
676 1707059817489
677 1707059817552
678 1707059817610
679 1707059817672
680 1707059817729
681 1707059817796
682 1707059817855
683 1707059817914
684 1707059817973
685 1707059818036
686 1707059818094
687 1707059818154
688 1707059818215
689 1707059818273
690 1707059818338
691 1707059818400
692 1707059818457
693 1707059818519
694 1707059818578
695 1707059818640
696 1707059818697
697 1707059818757
698 1707059818820
699 1707059818882
700 1707059818941
701 1707059819004
702 1707059819061
703 1707059819124
704 1707059819182
705 1707059819244
706 1707059819301
707 1707059819368
708 1707059819425
709 1707059819485
710 1707059819548
711 1707059819606
712 1707059819665
713 1707059819728
714 1707059819786
715 1707059819847
716 1707059819909
717 1707059819972
718 1707059820030
719 1707059820091
720 1707059820150
721 1707059820209
722 1707059820272
723 1707059820332
724 1707059820393
725 1707059820455
726 1707059820515
727 1707059820574
728 1707059820634
729 1707059820694
730 1707059820756
731 1707059820814
732 1707059820873
733 1707059820940
734 1707059820998
735 1707059821060
736 1707059821117
737 1707059821179
738 1707059821240
739 1707059821300
740 1707059821357
741 1707059821419
742 1707059821482
743 1707059821543
744 1707059821601
745 1707059821662
746 1707059821723
747 1707059821783
748 1707059821841
749 1707059821904
750 1707059821967
751 1707059822026
752 1707059822085
753 1707059822147
754 1707059822207
755 1707059822267
756 1707059822325
757 1707059822386
758 1707059822447
759 1707059822511
760 1707059822569
761 1707059822632
762 1707059822691
763 1707059822752
764 1707059822809
765 1707059822871
766 1707059822930
767 1707059822996
768 1707059823053
769 1707059823116
770 1707059823176
771 1707059823234
772 1707059823293
773 1707059823356
774 1707059823416
775 1707059823475
776 1707059823537
777 1707059823599
778 1707059823658
779 1707059823720
780 1707059823777
781 1707059823840
782 1707059823898
783 1707059823960
784 1707059824017
785 1707059824084
786 1707059824143
787 1707059824204
788 1707059824261
789 1707059824324
790 1707059824382
791 1707059824443
792 1707059824501
793 1707059824565
794 1707059824628
795 1707059824686
796 1707059824748
797 1707059824805
798 1707059824865
799 1707059824928
800 1707059824987
801 1707059825046
802 1707059825109
803 1707059825172
804 1707059825230
805 1707059825292
806 1707059825349
807 1707059825412
808 1707059825470
809 1707059825532
810 1707059825593
811 1707059825655
812 1707059825714
813 1707059825776
814 1707059825833
815 1707059825895
816 1707059825954
817 1707059826016
818 1707059826073
819 1707059826140
820 1707059826198
821 1707059826260
822 1707059826318
823 1707059826378
824 1707059826441
825 1707059826498
826 1707059826557
827 1707059826617
828 1707059826684
829 1707059826741
830 1707059826801
831 1707059826861
832 1707059826923
833 1707059826981
834 1707059827041
835 1707059827102
836 1707059827166
837 1707059827225
838 1707059827285
839 1707059827345
840 1707059827408
841 1707059827465
842 1707059827525
843 1707059827586
844 1707059827647
845 1707059827709
846 1707059827769
847 1707059827831
848 1707059827889
849 1707059827952
850 1707059828009
851 1707059828069
852 1707059828132
853 1707059828193
854 1707059828253
855 1707059828315
856 1707059828373
857 1707059828436
858 1707059828493
859 1707059828554
860 1707059828615
861 1707059828673
862 1707059828737
863 1707059828799
864 1707059828857
865 1707059828920
866 1707059828977
867 1707059829037
868 1707059829100
869 1707059829157
870 1707059829217
871 1707059829284
872 1707059829342
873 1707059829404
874 1707059829461
875 1707059829524
876 1707059829581
877 1707059829644
878 1707059829701
879 1707059829767
880 1707059829826
881 1707059829888
882 1707059829945
883 1707059830005
884 1707059830068
885 1707059830125
886 1707059830185
887 1707059830246
888 1707059830310
889 1707059830372
890 1707059830429
891 1707059830489
892 1707059830551
893 1707059830610
894 1707059830669
895 1707059830731
896 1707059830795
897 1707059830854
898 1707059830913
899 1707059830974
900 1707059831036
901 1707059831093
902 1707059831153
903 1707059831216
904 1707059831274
905 1707059831340
906 1707059831397
907 1707059831458
908 1707059831520
909 1707059831578
910 1707059831637
911 1707059831699
912 1707059831758
913 1707059831818
914 1707059831881
915 1707059831942
916 1707059832002
917 1707059832064
918 1707059832121
919 1707059832182
920 1707059832243
921 1707059832301
922 1707059832365
923 1707059832428
924 1707059832485
925 1707059832548
926 1707059832605
927 1707059832666
928 1707059832727
929 1707059832786
930 1707059832845
931 1707059832912
932 1707059832969
933 1707059833032
934 1707059833089
935 1707059833152
936 1707059833209
937 1707059833272
938 1707059833329
939 1707059833390
940 1707059833456
941 1707059833514
942 1707059833573
943 1707059833636
944 1707059833694
945 1707059833756
946 1707059833813
947 1707059833873
948 1707059833940
949 1707059833997
950 1707059834057
951 1707059834120
952 1707059834178
953 1707059834240
954 1707059834297
955 1707059834358
956 1707059834420
957 1707059834482
958 1707059834541
959 1707059834604
960 1707059834662
961 1707059834722
962 1707059834781
963 1707059834843
964 1707059834904
965 1707059834966
966 1707059835025
967 1707059835088
968 1707059835147
969 1707059835206
970 1707059835265
971 1707059835327
972 1707059835386
973 1707059835448
974 1707059835509
975 1707059835572
976 1707059835630
977 1707059835692
978 1707059835749
979 1707059835809
980 1707059835872
981 1707059835931
982 1707059835993
983 1707059836055
984 1707059836114
985 1707059836175
986 1707059836233
987 1707059836294
988 1707059836356
989 1707059836416
990 1707059836473
991 1707059836540
992 1707059836598
993 1707059836660
994 1707059836717
995 1707059836778
996 1707059836840
997 1707059836898
998 1707059836957
999 1707059837020
1000 1707059837083
1001 1707059837143
1002 1707059837201
1003 1707059837262
1004 1707059837323
1005 1707059837382
1006 1707059837441
1007 1707059837503
1008 1707059837567
1009 1707059837626
1010 1707059837685
1011 1707059837748
1012 1707059837806
1013 1707059837868
1014 1707059837925
1015 1707059837986
1016 1707059838046
1017 1707059838112
1018 1707059838169
1019 1707059838230
1020 1707059838291
1021 1707059838350
1022 1707059838409
1023 1707059838471
1024 1707059838531
1025 1707059838592
1026 1707059838653
1027 1707059838715
1028 1707059838775
1029 1707059838834
1030 1707059838893
1031 1707059838954
1032 1707059839015
1033 1707059839074
1034 1707059839137
1035 1707059839199
1036 1707059839258
1037 1707059839320
1038 1707059839377
1039 1707059839438
1040 1707059839500
1041 1707059839558
1042 1707059839617
1043 1707059839681
1044 1707059839744
1045 1707059839801
1046 1707059839864
1047 1707059839921
1048 1707059839981
1049 1707059840044
1050 1707059840102
1051 1707059840168
1052 1707059840225
1053 1707059840285
1054 1707059840347
1055 1707059840406
1056 1707059840465
1057 1707059840528
1058 1707059840586
1059 1707059840648
1060 1707059840709
1061 1707059840770
1062 1707059840832
1063 1707059840889
1064 1707059840950
1065 1707059841012
1066 1707059841070
1067 1707059841131
1068 1707059841193
1069 1707059841254
1070 1707059841316
1071 1707059841374
1072 1707059841433
1073 1707059841496
1074 1707059841554
1075 1707059841616
1076 1707059841673
1077 1707059841738
1078 1707059841800
1079 1707059841857
1080 1707059841917
1081 1707059841980
1082 1707059842040
1083 1707059842098
1084 1707059842157
1085 1707059842218
1086 1707059842284
1087 1707059842342
1088 1707059842401
1089 1707059842464
1090 1707059842523
1091 1707059842582
1092 1707059842641
1093 1707059842704
1094 1707059842766
1095 1707059842828
1096 1707059842885
1097 1707059842947
1098 1707059843006
1099 1707059843068
1100 1707059843125
1101 1707059843186
1102 1707059843246
1103 1707059843312
1104 1707059843369
1105 1707059843431
1106 1707059843491
1107 1707059843550
1108 1707059843609
1109 1707059843672
1110 1707059843729
1111 1707059843792
1112 1707059843853
1113 1707059843914
1114 1707059843976
1115 1707059844033
1116 1707059844093
1117 1707059844156
1118 1707059844214
1119 1707059844276
1120 1707059844337
1121 1707059844399
1122 1707059844460
1123 1707059844519
1124 1707059844577
1125 1707059844637
1126 1707059844700
1127 1707059844757
1128 1707059844818
1129 1707059844882
1130 1707059844944
1131 1707059845002
1132 1707059845061
1133 1707059845124
1134 1707059845182
1135 1707059845244
1136 1707059845301
1137 1707059845367
1138 1707059845425
1139 1707059845488
1140 1707059845545
1141 1707059845606
1142 1707059845668
1143 1707059845725
1144 1707059845785
1145 1707059845848
1146 1707059845910
1147 1707059845972
1148 1707059846029
1149 1707059846092
1150 1707059846150
1151 1707059846212
1152 1707059846269
1153 1707059846329
1154 1707059846396
1155 1707059846456
1156 1707059846513
1157 1707059846578
1158 1707059846634
1159 1707059846694
1160 1707059846753
1161 1707059846816
1162 1707059846874
1163 1707059846940
1164 1707059846997
1165 1707059847058
1166 1707059847118
1167 1707059847179
1168 1707059847237
1169 1707059847299
1170 1707059847360
1171 1707059847418
1172 1707059847481
1173 1707059847543
1174 1707059847603
1175 1707059847663
1176 1707059847721
1177 1707059847782
1178 1707059847844
1179 1707059847901
1180 1707059847965
1181 1707059848027
1182 1707059848085
1183 1707059848148
1184 1707059848205
1185 1707059848266
1186 1707059848328
1187 1707059848386
1188 1707059848445
1189 1707059848512
1190 1707059848570
1191 1707059848632
1192 1707059848689
1193 1707059848752
1194 1707059848811
1195 1707059848871
1196 1707059848929
1197 1707059848991
1198 1707059849055
1199 1707059849114
1200 1707059849173
1201 1707059849235
1202 1707059849294
1203 1707059849356
1204 1707059849413
1205 1707059849474
1206 1707059849539
1207 1707059849597
1208 1707059849658
1209 1707059849720
1210 1707059849777
1211 1707059849839
1212 1707059849897
1213 1707059849957
1214 1707059850019
1215 1707059850082
1216 1707059850141
1217 1707059850204
1218 1707059850262
1219 1707059850324
1220 1707059850381
1221 1707059850442
1222 1707059850502
1223 1707059850568
1224 1707059850625
1225 1707059850685
1226 1707059850748
1227 1707059850805
1228 1707059850865
1229 1707059850928
1230 1707059850985
1231 1707059851048
1232 1707059851109
1233 1707059851172
1234 1707059851230
1235 1707059851292
1236 1707059851349
1237 1707059851409
1238 1707059851472
1239 1707059851529
1240 1707059851593
1241 1707059851656
1242 1707059851714
1243 1707059851776
1244 1707059851833
1245 1707059851893
1246 1707059851956
1247 1707059852014
1248 1707059852073
1249 1707059852139
1250 1707059852199
1251 1707059852259
1252 1707059852317
1253 1707059852378
1254 1707059852440
1255 1707059852498
1256 1707059852557
1257 1707059852620
1258 1707059852683
1259 1707059852743
1260 1707059852801
1261 1707059852862
1262 1707059852923
1263 1707059852982
1264 1707059853041
1265 1707059853104
1266 1707059853168
1267 1707059853226
1268 1707059853285
1269 1707059853348
1270 1707059853406
1271 1707059853468
1272 1707059853525
1273 1707059853587
1274 1707059853647
1275 1707059853710
1276 1707059853769
1277 1707059853831
1278 1707059853890
1279 1707059853952
1280 1707059854009
1281 1707059854069
1282 1707059854131
1283 1707059854189
1284 1707059854253
1285 1707059854316
1286 1707059854373
1287 1707059854436
1288 1707059854493
1289 1707059854553
1290 1707059854616
1291 1707059854673
1292 1707059854737
1293 1707059854797
1294 1707059854860
1295 1707059854918
1296 1707059854980
1297 1707059855037
1298 1707059855097
1299 1707059855160
1300 1707059855218
1301 1707059855284
1302 1707059855341
1303 1707059855403
1304 1707059855462
1305 1707059855524
1306 1707059855581
1307 1707059855641
1308 1707059855704
1309 1707059855761
1310 1707059855825
1311 1707059855888
1312 1707059855945
1313 1707059856008
1314 1707059856064
1315 1707059856127
1316 1707059856185
1317 1707059856248
1318 1707059856309
1319 1707059856370
1320 1707059856432
1321 1707059856490
1322 1707059856550
1323 1707059856612
1324 1707059856671
1325 1707059856729
1326 1707059856789
1327 1707059856856
1328 1707059856914
1329 1707059856976
1330 1707059857033
1331 1707059857093
1332 1707059857154
1333 1707059857215
1334 1707059857273
1335 1707059857340
1336 1707059857399
1337 1707059857459
1338 1707059857517
1339 1707059857578
1340 1707059857639
1341 1707059857698
1342 1707059857757
1343 1707059857818
1344 1707059857883
1345 1707059857944
1346 1707059858001
1347 1707059858063
1348 1707059858122
1349 1707059858184
1350 1707059858241
1351 1707059858301
1352 1707059858364
1353 1707059858426
1354 1707059858485
1355 1707059858548
1356 1707059858605
1357 1707059858666
1358 1707059858725
1359 1707059858787
1360 1707059858847
1361 1707059858910
1362 1707059858969
1363 1707059859031
1364 1707059859089
1365 1707059859152
1366 1707059859209
1367 1707059859269
1368 1707059859332
1369 1707059859390
1370 1707059859453
1371 1707059859515
1372 1707059859575
1373 1707059859634
1374 1707059859693
1375 1707059859756
1376 1707059859813
1377 1707059859876
1378 1707059859937
1379 1707059859997
1380 1707059860060
1381 1707059860118
1382 1707059860177
1383 1707059860239
1384 1707059860298
1385 1707059860358
1386 1707059860417
1387 1707059860483
1388 1707059860542
1389 1707059860605
1390 1707059860661
1391 1707059860722
1392 1707059860781
1393 1707059860844
1394 1707059860901
1395 1707059860964
1396 1707059861025
1397 1707059861087
1398 1707059861145
1399 1707059861208
1400 1707059861265
1401 1707059861328
1402 1707059861385
1403 1707059861447
1404 1707059861511
1405 1707059861570
1406 1707059861629
1407 1707059861690
1408 1707059861751
1409 1707059861812
1410 1707059861868
1411 1707059861932
1412 1707059861990
1413 1707059862056
1414 1707059862113
1415 1707059862173
1416 1707059862236
1417 1707059862293
1418 1707059862353
1419 1707059862416
1420 1707059862473
1421 1707059862540
1422 1707059862597
1423 1707059862658
1424 1707059862719
1425 1707059862780
1426 1707059862837
1427 1707059862897
1428 1707059862959
1429 1707059863018
1430 1707059863081
1431 1707059863143
1432 1707059863204
1433 1707059863262
1434 1707059863321
1435 1707059863382
1436 1707059863442
1437 1707059863504
1438 1707059863561
1439 1707059863628
1440 1707059863688
1441 1707059863747
1442 1707059863805
1443 1707059863867
1444 1707059863927
1445 1707059863986
1446 1707059864045
1447 1707059864112
1448 1707059864170
1449 1707059864233
1450 1707059864289
1451 1707059864349
1452 1707059864411
1453 1707059864470
1454 1707059864529
1455 1707059864592
1456 1707059864654
1457 1707059864716
1458 1707059864773
1459 1707059864834
1460 1707059864896
1461 1707059864954
1462 1707059865013
1463 1707059865075
1464 1707059865140
1465 1707059865198
1466 1707059865257
1467 1707059865320
1468 1707059865380
1469 1707059865437
1470 1707059865497
1471 1707059865560
1472 1707059865619
1473 1707059865684
1474 1707059865741
1475 1707059865804
1476 1707059865863
1477 1707059865924
1478 1707059865981
1479 1707059866043
1480 1707059866103
1481 1707059866164
1482 1707059866225
1483 1707059866287
1484 1707059866347
1485 1707059866406
1486 1707059866465
1487 1707059866528
1488 1707059866585
1489 1707059866648
1490 1707059866709
1491 1707059866772
1492 1707059866829
1493 1707059866892
1494 1707059866949
1495 1707059867010
1496 1707059867071
1497 1707059867130
1498 1707059867189
1499 1707059867256
1500 1707059867314
1501 1707059867376
1502 1707059867433
1503 1707059867493
1504 1707059867556
1505 1707059867613
1506 1707059867672
1507 1707059867738
1508 1707059867797
1509 1707059867860
1510 1707059867917
1511 1707059867979
1512 1707059868039
1513 1707059868098
1514 1707059868157
1515 1707059868218
1516 1707059868284
1517 1707059868342
1518 1707059868401
1519 1707059868464
1520 1707059868521
1521 1707059868584
1522 1707059868641
1523 1707059868701
1524 1707059868764
1525 1707059868827
1526 1707059868885
1527 1707059868947
1528 1707059869006
1529 1707059869067
1530 1707059869125
1531 1707059869186
1532 1707059869248
1533 1707059869310
1534 1707059869369
1535 1707059869431
1536 1707059869490
1537 1707059869552
1538 1707059869609
1539 1707059869670
1540 1707059869731
1541 1707059869789
1542 1707059869853
1543 1707059869913
1544 1707059869976
1545 1707059870034
1546 1707059870096
1547 1707059870152
1548 1707059870213
1549 1707059870276
1550 1707059870338
1551 1707059870399
1552 1707059870457
1553 1707059870517
1554 1707059870580
1555 1707059870637
1556 1707059870697
1557 1707059870760
1558 1707059870818
1559 1707059870884
1560 1707059870941
1561 1707059871001
1562 1707059871063
1563 1707059871121
1564 1707059871181
1565 1707059871243
1566 1707059871303
1567 1707059871361
1568 1707059871425
1569 1707059871488
1570 1707059871546
1571 1707059871608
1572 1707059871665
1573 1707059871726
1574 1707059871787
1575 1707059871846
1576 1707059871909
1577 1707059871971
1578 1707059872030
1579 1707059872092
1580 1707059872149
1581 1707059872209
1582 1707059872272
1583 1707059872329
1584 1707059872389
1585 1707059872455
1586 1707059872514
1587 1707059872576
1588 1707059872633
1589 1707059872694
1590 1707059872754
1591 1707059872814
1592 1707059872873
1593 1707059872940
1594 1707059872997
1595 1707059873059
1596 1707059873117
1597 1707059873179
1598 1707059873239
1599 1707059873300
1600 1707059873357
1601 1707059873417
1602 1707059873485
1603 1707059873541
1604 1707059873601
1605 1707059873662
1606 1707059873724
1607 1707059873782
1608 1707059873841
1609 1707059873902
1610 1707059873964
1611 1707059874026
1612 1707059874085
1613 1707059874147
1614 1707059874207
1615 1707059874266
1616 1707059874325
1617 1707059874388
1618 1707059874445
1619 1707059874512
1620 1707059874569
1621 1707059874629
1622 1707059874691
1623 1707059874751
1624 1707059874809
1625 1707059874870
1626 1707059874930
1627 1707059874991
1628 1707059875053
1629 1707059875115
1630 1707059875173
1631 1707059875236
1632 1707059875293
1633 1707059875354
1634 1707059875414
1635 1707059875475
1636 1707059875537
1637 1707059875598
1638 1707059875660
1639 1707059875718
1640 1707059875777
1641 1707059875840
1642 1707059875898
1643 1707059875960
1644 1707059876017
1645 1707059876082
1646 1707059876144
1647 1707059876202
1648 1707059876261
1649 1707059876322
1650 1707059876383
1651 1707059876442
1652 1707059876501
1653 1707059876564
1654 1707059876626
1655 1707059876688
1656 1707059876745
1657 1707059876806
1658 1707059876868
1659 1707059876926
1660 1707059876985
1661 1707059877046
1662 1707059877110
1663 1707059877172
1664 1707059877229
1665 1707059877289
1666 1707059877352
1667 1707059877411
1668 1707059877469
1669 1707059877529
1670 1707059877592
1671 1707059877654
1672 1707059877713
1673 1707059877773
1674 1707059877836
1675 1707059877893
1676 1707059877953
1677 1707059878016
1678 1707059878073
1679 1707059878140
1680 1707059878197
1681 1707059878258
1682 1707059878320
1683 1707059878378
1684 1707059878437
1685 1707059878498
1686 1707059878559
1687 1707059878618
1688 1707059878681
1689 1707059878743
1690 1707059878804
1691 1707059878862
1692 1707059878921
1693 1707059878984
1694 1707059879043
1695 1707059879104
1696 1707059879161
1697 1707059879226
1698 1707059879287
1699 1707059879347
1700 1707059879405
1701 1707059879466
1702 1707059879528
1703 1707059879585
1704 1707059879645
1705 1707059879712
1706 1707059879770
1707 1707059879832
1708 1707059879889
1709 1707059879949
1710 1707059880012
1711 1707059880069
1712 1707059880129
1713 1707059880192
1714 1707059880255
1715 1707059880313
1716 1707059880373
1717 1707059880435
1718 1707059880494
1719 1707059880555
1720 1707059880613
1721 1707059880676
1722 1707059880735
1723 1707059880799
1724 1707059880857
1725 1707059880918
1726 1707059880979
1727 1707059881039
1728 1707059881097
1729 1707059881158
1730 1707059881220
1731 1707059881281
1732 1707059881341
1733 1707059881404
1734 1707059881462
1735 1707059881524
1736 1707059881581
1737 1707059881642
1738 1707059881704
1739 1707059881762
1740 1707059881825
1741 1707059881888
1742 1707059881947
1743 1707059882006
1744 1707059882065
1745 1707059882126
1746 1707059882186
1747 1707059882248
1748 1707059882309
1749 1707059882370
1750 1707059882431
1751 1707059882490
1752 1707059882549
1753 1707059882612
1754 1707059882670
1755 1707059882732
1756 1707059882789
1757 1707059882853
1758 1707059882916
1759 1707059882973
1760 1707059883034
1761 1707059883096
1762 1707059883153
1763 1707059883216
1764 1707059883273
1765 1707059883338
1766 1707059883399
1767 1707059883458
1768 1707059883517
1769 1707059883580
1770 1707059883639
1771 1707059883698
1772 1707059883757
1773 1707059883820
1774 1707059883884
1775 1707059883942
1776 1707059884001
1777 1707059884064
1778 1707059884122
1779 1707059884184
1780 1707059884241
1781 1707059884302
1782 1707059884364
1783 1707059884426
1784 1707059884485
1785 1707059884547
1786 1707059884605
1787 1707059884668
1788 1707059884725
1789 1707059884786
1790 1707059884848
1791 1707059884910
1792 1707059884969
1793 1707059885029
1794 1707059885092
1795 1707059885150
1796 1707059885212
1797 1707059885269
1798 1707059885329
1799 1707059885392
1800 1707059885454
1801 1707059885515
1802 1707059885573
1803 1707059885635
1804 1707059885693
1805 1707059885756
1806 1707059885813
1807 1707059885874
1808 1707059885934
1809 1707059886000
1810 1707059886058
1811 1707059886117
1812 1707059886180
1813 1707059886238
1814 1707059886297
1815 1707059886360
1816 1707059886417
1817 1707059886484
1818 1707059886541
1819 1707059886602
1820 1707059886663
1821 1707059886721
1822 1707059886781
1823 1707059886843
1824 1707059886901
1825 1707059886964
1826 1707059887025
1827 1707059887086
1828 1707059887148
1829 1707059887206
1830 1707059887265
1831 1707059887328
1832 1707059887386
1833 1707059887448
1834 1707059887509
1835 1707059887570
1836 1707059887631
1837 1707059887689
1838 1707059887749
1839 1707059887811
1840 1707059887870
1841 1707059887932
1842 1707059887989
1843 1707059888055
1844 1707059888114
1845 1707059888175
1846 1707059888233
1847 1707059888294
1848 1707059888354
1849 1707059888416
1850 1707059888473
1851 1707059888535
1852 1707059888600
1853 1707059888658
1854 1707059888717
1855 1707059888780
1856 1707059888840
1857 1707059888898
1858 1707059888957
1859 1707059889019
1860 1707059889084
1861 1707059889142
1862 1707059889201
1863 1707059889261
1864 1707059889324
1865 1707059889381
1866 1707059889441
1867 1707059889504
1868 1707059889561
1869 1707059889628
1870 1707059889684
1871 1707059889745
1872 1707059889808
1873 1707059889866
1874 1707059889925
1875 1707059889987
1876 1707059890047
1877 1707059890110
1878 1707059890169
1879 1707059890231
1880 1707059890292
1881 1707059890350
1882 1707059890408
1883 1707059890471
1884 1707059890529
1885 1707059890592
1886 1707059890653
1887 1707059890716
1888 1707059890775
1889 1707059890836
1890 1707059890893
1891 1707059890954
1892 1707059891014
1893 1707059891076
1894 1707059891133
1895 1707059891198
1896 1707059891259
1897 1707059891317
1898 1707059891377
1899 1707059891440
1900 1707059891497
1901 1707059891560
1902 1707059891617
1903 1707059891684
1904 1707059891741
1905 1707059891804
1906 1707059891861
1907 1707059891921
1908 1707059891984
1909 1707059892042
1910 1707059892101
1911 1707059892163
1912 1707059892227
1913 1707059892286
1914 1707059892345
1915 1707059892406
1916 1707059892467
1917 1707059892528
1918 1707059892585
1919 1707059892645
1920 1707059892712
1921 1707059892769
1922 1707059892829
1923 1707059892892
1924 1707059892950
1925 1707059893012
1926 1707059893069
1927 1707059893130
1928 1707059893192
1929 1707059893254
1930 1707059893313
1931 1707059893374
1932 1707059893434
1933 1707059893496
1934 1707059893553
1935 1707059893613
1936 1707059893676
1937 1707059893738
1938 1707059893797
1939 1707059893860
1940 1707059893918
1941 1707059893980
1942 1707059894037
1943 1707059894098
1944 1707059894160
1945 1707059894218
1946 1707059894281
1947 1707059894344
1948 1707059894404
1949 1707059894462
1950 1707059894521
1951 1707059894584
1952 1707059894642
1953 1707059894703
1954 1707059894761
1955 1707059894826
1956 1707059894887
1957 1707059894947
1958 1707059895005
1959 1707059895067
1960 1707059895127
1961 1707059895186
1962 1707059895245
1963 1707059895312
1964 1707059895371
1965 1707059895432
1966 1707059895489
1967 1707059895550
1968 1707059895610
1969 1707059895671
1970 1707059895729
1971 1707059895790
1972 1707059895856
1973 1707059895914
1974 1707059895973
1975 1707059896035
1976 1707059896095
1977 1707059896153
1978 1707059896214
1979 1707059896276
1980 1707059896334
1981 1707059896400
1982 1707059896457
1983 1707059896518
1984 1707059896580
1985 1707059896637
1986 1707059896697
1987 1707059896759
1988 1707059896817
1989 1707059896884
1990 1707059896941
1991 1707059897004
1992 1707059897063
1993 1707059897123
1994 1707059897181
1995 1707059897242
1996 1707059897304
1997 1707059897362
1998 1707059897425
1999 1707059897488
2000 1707059897546
2001 1707059897608
2002 1707059897665
2003 1707059897726
2004 1707059897787
2005 1707059897847
2006 1707059897909
2007 1707059897971
2008 1707059898030
2009 1707059898092
2010 1707059898149
2011 1707059898209
2012 1707059898271
2013 1707059898330
2014 1707059898389
2015 1707059898456
2016 1707059898514
2017 1707059898576
2018 1707059898633
2019 1707059898695
2020 1707059898755
2021 1707059898815
2022 1707059898873
2023 1707059898934
2024 1707059898999
2025 1707059899058
2026 1707059899117
2027 1707059899180
2028 1707059899238
2029 1707059899300
2030 1707059899357
2031 1707059899418
2032 1707059899484
2033 1707059899542
2034 1707059899601
2035 1707059899663
2036 1707059899723
2037 1707059899782
2038 1707059899841
2039 1707059899904
2040 1707059899961
2041 1707059900028
2042 1707059900085
2043 1707059900145
2044 1707059900207
2045 1707059900266
2046 1707059900328
2047 1707059900385
2048 1707059900445
2049 1707059900512
2050 1707059900569
2051 1707059900632
2052 1707059900689
2053 1707059900750
2054 1707059900811
2055 1707059900869
2056 1707059900929
2057 1707059900992
2058 1707059901053
2059 1707059901116
2060 1707059901173
2061 1707059901234
2062 1707059901295
2063 1707059901355
2064 1707059901413
2065 1707059901475
2066 1707059901535
2067 1707059901600
2068 1707059901657
2069 1707059901718
2070 1707059901780
2071 1707059901838
2072 1707059901897
2073 1707059901958
2074 1707059902020
2075 1707059902082
2076 1707059902141
2077 1707059902203
2078 1707059902262
2079 1707059902324
2080 1707059902381
2081 1707059902443
2082 1707059902502
2083 1707059902564
2084 1707059902625
2085 1707059902687
2086 1707059902746
2087 1707059902807
2088 1707059902865
2089 1707059902927
2090 1707059902987
2091 1707059903047
2092 1707059903108
2093 1707059903171
2094 1707059903230
2095 1707059903292
2096 1707059903349
2097 1707059903410
2098 1707059903471
2099 1707059903530
2100 1707059903589
2101 1707059903656
2102 1707059903714
2103 1707059903776
2104 1707059903832
2105 1707059903893
2106 1707059903956
2107 1707059904013
2108 1707059904073
2109 1707059904140
2110 1707059904197
2111 1707059904259
2112 1707059904317
2113 1707059904377
2114 1707059904440
2115 1707059904497
2116 1707059904557
2117 1707059904620
2118 1707059904681
2119 1707059904744
2120 1707059904801
2121 1707059904862
2122 1707059904922
2123 1707059904984
2124 1707059905041
2125 1707059905101
2126 1707059905164
2127 1707059905225
2128 1707059905285
2129 1707059905347
2130 1707059905405
2131 1707059905468
2132 1707059905525
2133 1707059905585
2134 1707059905648
2135 1707059905706
2136 1707059905769
2137 1707059905832
2138 1707059905890
2139 1707059905952
2140 1707059906009
2141 1707059906070
2142 1707059906132
2143 1707059906189
2144 1707059906253
2145 1707059906314
2146 1707059906374
2147 1707059906434
2148 1707059906493
2149 1707059906553
2150 1707059906613
2151 1707059906675
2152 1707059906733
2153 1707059906798
2154 1707059906857
2155 1707059906918
2156 1707059906977
2157 1707059907038
2158 1707059907097
2159 1707059907160
2160 1707059907216
2161 1707059907284
2162 1707059907341
2163 1707059907403
2164 1707059907460
2165 1707059907521
2166 1707059907582
2167 1707059907641
2168 1707059907700
2169 1707059907761
2170 1707059907825
2171 1707059907885
2172 1707059907948
2173 1707059908005
2174 1707059908065
2175 1707059908127
2176 1707059908185
2177 1707059908248
2178 1707059908305
2179 1707059908369
2180 1707059908432
2181 1707059908489
2182 1707059908549
2183 1707059908612
2184 1707059908669
2185 1707059908732
2186 1707059908789
2187 1707059908854
2188 1707059908916
2189 1707059908973
2190 1707059909033
2191 1707059909095
2192 1707059909154
2193 1707059909216
2194 1707059909273
2195 1707059909334
2196 1707059909399
2197 1707059909457
2198 1707059909517
2199 1707059909579
2200 1707059909638
2201 1707059909700
2202 1707059909757
2203 1707059909817
2204 1707059909884
2205 1707059909942
2206 1707059910001
2207 1707059910064
2208 1707059910122
2209 1707059910184
2210 1707059910241
2211 1707059910301
2212 1707059910364
2213 1707059910427
2214 1707059910485
2215 1707059910546
2216 1707059910608
2217 1707059910666
2218 1707059910725
2219 1707059910787
2220 1707059910848
2221 1707059910907
2222 1707059910969
2223 1707059911032
2224 1707059911090
2225 1707059911152
2226 1707059911209
2227 1707059911271
2228 1707059911330
2229 1707059911392
2230 1707059911453
2231 1707059911515
2232 1707059911574
2233 1707059911636
2234 1707059911693
2235 1707059911753
2236 1707059911816
2237 1707059911874
2238 1707059911933
2239 1707059912000
2240 1707059912058
2241 1707059912120
2242 1707059912177
2243 1707059912240
2244 1707059912297
2245 1707059912360
2246 1707059912417
2247 1707059912484
2248 1707059912542
2249 1707059912604
2250 1707059912661
2251 1707059912724
2252 1707059912782
2253 1707059912843
2254 1707059912901
2255 1707059912961
2256 1707059913028
2257 1707059913085
2258 1707059913145
2259 1707059913207
2260 1707059913265
2261 1707059913325
2262 1707059913385
2263 1707059913446
2264 1707059913505
2265 1707059913569
2266 1707059913629
2267 1707059913691
2268 1707059913749
2269 1707059913809
2270 1707059913869
2271 1707059913931
2272 1707059913989
2273 1707059914053
2274 1707059914115
2275 1707059914173
2276 1707059914234
2277 1707059914292
2278 1707059914353
2279 1707059914415
2280 1707059914473
2281 1707059914533
2282 1707059914598
2283 1707059914657
2284 1707059914720
2285 1707059914777
2286 1707059914837
2287 1707059914900
2288 1707059914957
2289 1707059915017
2290 1707059915083
2291 1707059915141
2292 1707059915204
2293 1707059915261
2294 1707059915321
2295 1707059915384
2296 1707059915442
2297 1707059915501
2298 1707059915562
2299 1707059915627
2300 1707059915685
2301 1707059915748
2302 1707059915805
2303 1707059915865
2304 1707059915928
2305 1707059915985
2306 1707059916045
2307 1707059916106
2308 1707059916170
2309 1707059916231
2310 1707059916289
2311 1707059916349
2312 1707059916412
2313 1707059916469
2314 1707059916529
2315 1707059916591
2316 1707059916654
2317 1707059916715
2318 1707059916772
2319 1707059916833
2320 1707059916895
2321 1707059916953
2322 1707059917013
2323 1707059917074
2324 1707059917135
2325 1707059917197
2326 1707059917257
2327 1707059917318
2328 1707059917377
2329 1707059917440
2330 1707059917497
2331 1707059917557
2332 1707059917620
2333 1707059917681
2334 1707059917741
2335 1707059917803
2336 1707059917861
2337 1707059917924
2338 1707059917980
2339 1707059918041
2340 1707059918104
2341 1707059918162
2342 1707059918225
2343 1707059918287
2344 1707059918346
2345 1707059918409
2346 1707059918465
2347 1707059918527
2348 1707059918585
2349 1707059918648
2350 1707059918705
2351 1707059918769
2352 1707059918832
2353 1707059918889
2354 1707059918949
2355 1707059919011
2356 1707059919071
2357 1707059919132
2358 1707059919189
2359 1707059919255
2360 1707059919313
2361 1707059919376
2362 1707059919432
2363 1707059919493
2364 1707059919555
2365 1707059919613
2366 1707059919673
2367 1707059919734
2368 1707059919799
2369 1707059919857
2370 1707059919917
2371 1707059919980
2372 1707059920038
2373 1707059920098
2374 1707059920157
2375 1707059920217
2376 1707059920284
2377 1707059920342
2378 1707059920400
2379 1707059920463
2380 1707059920522
2381 1707059920584
2382 1707059920641
2383 1707059920701
2384 1707059920763
2385 1707059920826
2386 1707059920885
2387 1707059920948
2388 1707059921005
2389 1707059921068
2390 1707059921125
2391 1707059921185
2392 1707059921248
2393 1707059921305
2394 1707059921369
2395 1707059921430
2396 1707059921489
2397 1707059921552
2398 1707059921609
2399 1707059921670
2400 1707059921730
2401 1707059921792
2402 1707059921853
2403 1707059921913
2404 1707059921976
2405 1707059922034
2406 1707059922093
2407 1707059922155
2408 1707059922215
2409 1707059922273
2410 1707059922333
2411 1707059922400
2412 1707059922457
2413 1707059922520
2414 1707059922577
2415 1707059922637
2416 1707059922700
2417 1707059922757
2418 1707059922817
2419 1707059922884
2420 1707059922942
2421 1707059923004
2422 1707059923061
2423 1707059923122
2424 1707059923183
2425 1707059923242
2426 1707059923301
2427 1707059923363
2428 1707059923425
2429 1707059923485
2430 1707059923545
2431 1707059923607
2432 1707059923665
2433 1707059923728
2434 1707059923785
2435 1707059923845
2436 1707059923908
2437 1707059923969
2438 1707059924029
2439 1707059924091
2440 1707059924151
2441 1707059924211
2442 1707059924269
2443 1707059924330
2444 1707059924392
2445 1707059924454
2446 1707059924513
2447 1707059924576
2448 1707059924634
2449 1707059924695
2450 1707059924753
2451 1707059924814
2452 1707059924875
2453 1707059924934
2454 1707059924997
2455 1707059925059
2456 1707059925118
2457 1707059925178
2458 1707059925236
2459 1707059925299
2460 1707059925358
2461 1707059925420
2462 1707059925481
2463 1707059925543
2464 1707059925602
2465 1707059925663
2466 1707059925721
2467 1707059925781
2468 1707059925843
2469 1707059925901
2470 1707059925961
2471 1707059926028
2472 1707059926085
2473 1707059926148
2474 1707059926205
2475 1707059926266
2476 1707059926326
2477 1707059926388
2478 1707059926445
2479 1707059926506
2480 1707059926572
2481 1707059926630
2482 1707059926689
2483 1707059926751
2484 1707059926812
2485 1707059926870
2486 1707059926929
2487 1707059926991
2488 1707059927053
2489 1707059927115
2490 1707059927173
2491 1707059927233
2492 1707059927296
2493 1707059927353
2494 1707059927413
2495 1707059927476
2496 1707059927534
2497 1707059927600
2498 1707059927657
2499 1707059927718
2500 1707059927779
2501 1707059927840
2502 1707059927897
2503 1707059927958
2504 1707059928019
2505 1707059928082
2506 1707059928141
2507 1707059928203
2508 1707059928262
2509 1707059928324
2510 1707059928381
2511 1707059928442
2512 1707059928504
2513 1707059928562
2514 1707059928625
2515 1707059928687
2516 1707059928747
2517 1707059928806
2518 1707059928865
2519 1707059928928
2520 1707059928986
2521 1707059929047
2522 1707059929105
2523 1707059929171
2524 1707059929231
2525 1707059929289
2526 1707059929349
2527 1707059929409
2528 1707059929471
2529 1707059929530
2530 1707059929589
2531 1707059929656
2532 1707059929713
2533 1707059929776
2534 1707059929833
2535 1707059929895
2536 1707059929955
2537 1707059930014
2538 1707059930073
2539 1707059930135
2540 1707059930200
2541 1707059930257
2542 1707059930317
2543 1707059930377
2544 1707059930439
2545 1707059930497
2546 1707059930560
2547 1707059930617
2548 1707059930678
2549 1707059930743
2550 1707059930802
2551 1707059930865
2552 1707059930921
2553 1707059930982
2554 1707059931044
2555 1707059931101
2556 1707059931161
2557 1707059931228
2558 1707059931286
2559 1707059931347
2560 1707059931405
2561 1707059931465
2562 1707059931528
2563 1707059931585
2564 1707059931645
2565 1707059931708
2566 1707059931769
2567 1707059931831
2568 1707059931889
2569 1707059931950
2570 1707059932011
2571 1707059932069
2572 1707059932129
2573 1707059932191
2574 1707059932255
2575 1707059932313
2576 1707059932373
2577 1707059932436
2578 1707059932493
2579 1707059932556
2580 1707059932612
2581 1707059932673
2582 1707059932736
2583 1707059932798
2584 1707059932857
2585 1707059932917
2586 1707059932979
2587 1707059933037
2588 1707059933097
2589 1707059933160
2590 1707059933218
2591 1707059933280
2592 1707059933340
2593 1707059933401
2594 1707059933463
2595 1707059933521
2596 1707059933581
2597 1707059933644
2598 1707059933701
2599 1707059933764
2600 1707059933825
2601 1707059933885
2602 1707059933948
2603 1707059934005
2604 1707059934065
2605 1707059934126
2606 1707059934188
2607 1707059934245
2608 1707059934305
2609 1707059934371
2610 1707059934429
2611 1707059934492
2612 1707059934548
2613 1707059934610
2614 1707059934672
2615 1707059934729
2616 1707059934788
2617 1707059934855
2618 1707059934913
2619 1707059934976
2620 1707059935033
2621 1707059935093
2622 1707059935155
2623 1707059935213
2624 1707059935273
2625 1707059935335
2626 1707059935397
2627 1707059935460
2628 1707059935517
2629 1707059935577
2630 1707059935639
2631 1707059935697
2632 1707059935756
2633 1707059935818
2634 1707059935877
2635 1707059935945
2636 1707059936001
2637 1707059936061
2638 1707059936123
2639 1707059936181
2640 1707059936241
2641 1707059936303
2642 1707059936361
2643 1707059936427
2644 1707059936485
2645 1707059936545
2646 1707059936606
2647 1707059936665
2648 1707059936725
2649 1707059936786
2650 1707059936845
2651 1707059936905
2652 1707059936969
2653 1707059937029
2654 1707059937091
2655 1707059937149
2656 1707059937209
2657 1707059937271
2658 1707059937329
2659 1707059937390
2660 1707059937453
2661 1707059937513
2662 1707059937573
2663 1707059937635
2664 1707059937693
2665 1707059937753
2666 1707059937815
2667 1707059937873
2668 1707059937933
2669 1707059937997
2670 1707059938058
2671 1707059938117
2672 1707059938177
2673 1707059938239
2674 1707059938297
2675 1707059938357
2676 1707059938418
2677 1707059938477
2678 1707059938544
2679 1707059938601
2680 1707059938661
2681 1707059938724
2682 1707059938782
2683 1707059938841
2684 1707059938903
2685 1707059938961
2686 1707059939027
2687 1707059939085
2688 1707059939146
2689 1707059939207
2690 1707059939266
2691 1707059939325
2692 1707059939387
2693 1707059939445
2694 1707059939507
2695 1707059939569
2696 1707059939629
2697 1707059939691
2698 1707059939749
2699 1707059939809
2700 1707059939872
2701 1707059939930
2702 1707059939990
2703 1707059940053
2704 1707059940115
2705 1707059940173
2706 1707059940235
2707 1707059940292
2708 1707059940355
2709 1707059940413
2710 1707059940475
2711 1707059940533
2712 1707059940599
2713 1707059940657
2714 1707059940719
2715 1707059940777
2716 1707059940838
2717 1707059940899
2718 1707059940957
2719 1707059941017
2720 1707059941080
2721 1707059941143
2722 1707059941203
2723 1707059941261
2724 1707059941323
2725 1707059941381
2726 1707059941444
2727 1707059941501
2728 1707059941564
2729 1707059941626
2730 1707059941688
2731 1707059941744
2732 1707059941807
2733 1707059941866
2734 1707059941927
2735 1707059941985
2736 1707059942047
2737 1707059942105
2738 1707059942172
2739 1707059942229
2740 1707059942290
2741 1707059942352
2742 1707059942410
2743 1707059942469
2744 1707059942530
2745 1707059942591
2746 1707059942654
2747 1707059942713
2748 1707059942776
2749 1707059942833
2750 1707059942895
2751 1707059942953
2752 1707059943015
2753 1707059943074
2754 1707059943134
2755 1707059943197
2756 1707059943258
2757 1707059943320
2758 1707059943377
2759 1707059943437
2760 1707059943500
2761 1707059943557
2762 1707059943619
2763 1707059943677
2764 1707059943742
2765 1707059943804
2766 1707059943862
2767 1707059943921
2768 1707059943983
2769 1707059944042
2770 1707059944104
2771 1707059944161
2772 1707059944227
2773 1707059944285
2774 1707059944348
2775 1707059944404
2776 1707059944466
2777 1707059944527
2778 1707059944585
2779 1707059944645
2780 1707059944707
2781 1707059944771
2782 1707059944830
2783 1707059944889
2784 1707059944949
2785 1707059945012
2786 1707059945069
2787 1707059945128
2788 1707059945191
2789 1707059945254
2790 1707059945315
2791 1707059945373
2792 1707059945433
2793 1707059945492
2794 1707059945556
2795 1707059945615
2796 1707059945676
2797 1707059945732
2798 1707059945797
2799 1707059945859
2800 1707059945917
2801 1707059945980
2802 1707059946037
2803 1707059946097
2804 1707059946160
2805 1707059946217
2806 1707059946277
2807 1707059946344
2808 1707059946401
2809 1707059946464
2810 1707059946520
2811 1707059946582
2812 1707059946644
2813 1707059946701
2814 1707059946761
2815 1707059946828
2816 1707059946885
2817 1707059946948
2818 1707059947005
2819 1707059947066
2820 1707059947126
2821 1707059947188
2822 1707059947244
2823 1707059947306
2824 1707059947372
2825 1707059947429
2826 1707059947489
2827 1707059947552
2828 1707059947610
2829 1707059947672
2830 1707059947729
2831 1707059947790
2832 1707059947853
2833 1707059947916
2834 1707059947973
2835 1707059948033
2836 1707059948095
2837 1707059948153
2838 1707059948213
2839 1707059948275
2840 1707059948333
2841 1707059948400
2842 1707059948457
2843 1707059948521
2844 1707059948577
2845 1707059948639
2846 1707059948696
2847 1707059948758
2848 1707059948820
2849 1707059948877
2850 1707059948942
2851 1707059949003
2852 1707059949062
2853 1707059949124
2854 1707059949181
2855 1707059949244
2856 1707059949301
2857 1707059949363
2858 1707059949425
2859 1707059949486
2860 1707059949546
2861 1707059949608
2862 1707059949665
2863 1707059949725
2864 1707059949787
2865 1707059949845
2866 1707059949905
2867 1707059949972
2868 1707059950030
2869 1707059950091
2870 1707059950149
2871 1707059950210
2872 1707059950272
2873 1707059950329
2874 1707059950389
2875 1707059950455
2876 1707059950513
2877 1707059950576
2878 1707059950633
2879 1707059950693
2880 1707059950756
2881 1707059950813
2882 1707059950873
2883 1707059950936
2884 1707059950997
2885 1707059951060
2886 1707059951117
2887 1707059951177
2888 1707059951240
2889 1707059951299
2890 1707059951356
2891 1707059951418
2892 1707059951480
2893 1707059951542
2894 1707059951601
2895 1707059951663
2896 1707059951723
2897 1707059951783
2898 1707059951840
2899 1707059951901
2900 1707059951964
2901 1707059952027
2902 1707059952085
2903 1707059952146
2904 1707059952208
2905 1707059952266
2906 1707059952325
2907 1707059952388
2908 1707059952446
2909 1707059952507
2910 1707059952572
2911 1707059952632
2912 1707059952689
2913 1707059952751
2914 1707059952809
2915 1707059952872
2916 1707059952931
2917 1707059952989
2918 1707059953055
2919 1707059953113
2920 1707059953175
2921 1707059953235
2922 1707059953292
2923 1707059953355
2924 1707059953414
2925 1707059953476
2926 1707059953533
2927 1707059953600
2928 1707059953658
2929 1707059953719
2930 1707059953777
2931 1707059953840
2932 1707059953898
2933 1707059953960
2934 1707059954017
2935 1707059954078
2936 1707059954144
2937 1707059954203
2938 1707059954261
2939 1707059954321
2940 1707059954384
2941 1707059954441
2942 1707059954501
2943 1707059954564
2944 1707059954626
2945 1707059954686
2946 1707059954744
2947 1707059954807
2948 1707059954866
2949 1707059954927
2950 1707059954985
2951 1707059955046
2952 1707059955106
2953 1707059955172
2954 1707059955229
2955 1707059955291
2956 1707059955349
2957 1707059955412
2958 1707059955469
2959 1707059955529
2960 1707059955592
2961 1707059955650
2962 1707059955713
2963 1707059955776
2964 1707059955833
2965 1707059955895
2966 1707059955953
2967 1707059956014
2968 1707059956075
2969 1707059956134
2970 1707059956197
2971 1707059956259
2972 1707059956317
2973 1707059956380
2974 1707059956437
2975 1707059956497
2976 1707059956560
2977 1707059956617
2978 1707059956677
2979 1707059956744
2980 1707059956801
2981 1707059956864
2982 1707059956921
2983 1707059956982
2984 1707059957043
2985 1707059957102
2986 1707059957161
2987 1707059957228
2988 1707059957285
2989 1707059957348
2990 1707059957405
2991 1707059957465
2992 1707059957528
2993 1707059957585
2994 1707059957645
2995 1707059957708
2996 1707059957769
2997 1707059957831
2998 1707059957889
2999 1707059957949
3000 1707059958012
3001 1707059958069
3002 1707059958129
