1 1703341280669
2 1703341280749
3 1703341280752
4 1703341280778
5 1703341280810
6 1703341280842
7 1703341280870
8 1703341280902
9 1703341280938
10 1703341280969
11 1703341281005
12 1703341281037
13 1703341281070
14 1703341281108
15 1703341281139
16 1703341281175
17 1703341281207
18 1703341281240
19 1703341281276
20 1703341281308
21 1703341281346
22 1703341281377
23 1703341281410
24 1703341281473
25 1703341281521
26 1703341281574
27 1703341281615
28 1703341281656
29 1703341281694
30 1703341281723
31 1703341281759
32 1703341281794
33 1703341281830
34 1703341281859
35 1703341281891
36 1703341281929
37 1703341281961
38 1703341281996
39 1703341282028
40 1703341282061
41 1703341282098
42 1703341282130
43 1703341282162
44 1703341282193
45 1703341282225
46 1703341282262
47 1703341282294
48 1703341282330
49 1703341282361
50 1703341282394
51 1703341282430
52 1703341282461
53 1703341282499
54 1703341282529
55 1703341282561
56 1703341282597
57 1703341282630
58 1703341282665
59 1703341282698
60 1703341282729
61 1703341282765
62 1703341282797
63 1703341282833
64 1703341282865
65 1703341282898
66 1703341282934
67 1703341282965
68 1703341283002
69 1703341283033
70 1703341283065
71 1703341283101
72 1703341283134
73 1703341283169
74 1703341283202
75 1703341283233
76 1703341283269
77 1703341283301
78 1703341283338
79 1703341283370
80 1703341283401
81 1703341283437
82 1703341283470
83 1703341283507
84 1703341283538
85 1703341283569
86 1703341283605
87 1703341283639
88 1703341283674
89 1703341283705
90 1703341283737
91 1703341283774
92 1703341283806
93 1703341283842
94 1703341283874
95 1703341283906
96 1703341283942
97 1703341283974
98 1703341284010
99 1703341284042
100 1703341284074
101 1703341284110
102 1703341284142
103 1703341284178
104 1703341284210
105 1703341284242
106 1703341284278
107 1703341284310
108 1703341284346
109 1703341284377
110 1703341284410
111 1703341284446
112 1703341284478
113 1703341284513
114 1703341284545
115 1703341284578
116 1703341284614
117 1703341284646
118 1703341284682
119 1703341284714
120 1703341284746
121 1703341284782
122 1703341284814
123 1703341284850
124 1703341284882
125 1703341284914
126 1703341284951
127 1703341284982
128 1703341285018
129 1703341285051
130 1703341285082
131 1703341285118
132 1703341285150
133 1703341285186
134 1703341285218
135 1703341285249
136 1703341285285
137 1703341285317
138 1703341285353
139 1703341285385
140 1703341285417
141 1703341285453
142 1703341285485
143 1703341285521
144 1703341285553
145 1703341285585
146 1703341285621
147 1703341285653
148 1703341285689
149 1703341285721
150 1703341285753
151 1703341285789
152 1703341285821
153 1703341285857
154 1703341285889
155 1703341285921
156 1703341285957
157 1703341285989
158 1703341286025
159 1703341286057
160 1703341286089
161 1703341286125
162 1703341286157
163 1703341286193
164 1703341286225
165 1703341286257
166 1703341286293
167 1703341286325
168 1703341286361
169 1703341286393
170 1703341286425
171 1703341286461
172 1703341286493
173 1703341286529
174 1703341286561
175 1703341286593
176 1703341286629
177 1703341286661
178 1703341286697
179 1703341286729
180 1703341286761
181 1703341286797
182 1703341286829
183 1703341286865
184 1703341286897
185 1703341286929
186 1703341286965
187 1703341286997
188 1703341287033
189 1703341287065
190 1703341287097
191 1703341287133
192 1703341287165
193 1703341287201
194 1703341287233
195 1703341287265
196 1703341287301
197 1703341287333
198 1703341287369
199 1703341287401
200 1703341287433
201 1703341287469
202 1703341287501
203 1703341287537
204 1703341287569
205 1703341287601
206 1703341287637
207 1703341287669
208 1703341287705
209 1703341287737
210 1703341287769
211 1703341287805
212 1703341287837
213 1703341287873
214 1703341287906
215 1703341287939
216 1703341287974
217 1703341288005
218 1703341288042
219 1703341288074
220 1703341288105
221 1703341288141
222 1703341288174
223 1703341288210
224 1703341288241
225 1703341288273
226 1703341288310
227 1703341288342
228 1703341288378
229 1703341288410
230 1703341288442
231 1703341288478
232 1703341288510
233 1703341288545
234 1703341288577
235 1703341288611
236 1703341288646
237 1703341288677
238 1703341288713
239 1703341288746
240 1703341288778
241 1703341288814
242 1703341288846
243 1703341288882
244 1703341288914
245 1703341288946
246 1703341288981
247 1703341289013
248 1703341289050
249 1703341289082
250 1703341289114
251 1703341289150
252 1703341289183
253 1703341289218
254 1703341289250
255 1703341289282
256 1703341289318
257 1703341289350
258 1703341289386
259 1703341289418
260 1703341289450
261 1703341289486
262 1703341289518
263 1703341289554
264 1703341289587
265 1703341289618
266 1703341289655
267 1703341289687
268 1703341289722
269 1703341289754
270 1703341289787
271 1703341289822
272 1703341289854
273 1703341289890
274 1703341289922
275 1703341289954
276 1703341289990
277 1703341290022
278 1703341290058
279 1703341290090
280 1703341290122
281 1703341290158
282 1703341290190
283 1703341290226
284 1703341290258
285 1703341290290
286 1703341290326
287 1703341290358
288 1703341290394
289 1703341290426
290 1703341290458
291 1703341290494
292 1703341290526
293 1703341290562
294 1703341290593
295 1703341290625
296 1703341290662
297 1703341290695
298 1703341290729
299 1703341290761
300 1703341290794
301 1703341290831
302 1703341290862
303 1703341290898
304 1703341290930
305 1703341290962
306 1703341290998
307 1703341291030
308 1703341291067
309 1703341291099
310 1703341291131
311 1703341291166
312 1703341291198
313 1703341291235
314 1703341291266
315 1703341291299
316 1703341291335
317 1703341291366
318 1703341291403
319 1703341291435
320 1703341291467
321 1703341291503
322 1703341291534
323 1703341291570
324 1703341291603
325 1703341291635
326 1703341291671
327 1703341291702
328 1703341291739
329 1703341291771
330 1703341291803
331 1703341291839
332 1703341291870
333 1703341291907
334 1703341291939
335 1703341291970
336 1703341292007
337 1703341292039
338 1703341292074
339 1703341292106
340 1703341292139
341 1703341292174
342 1703341292206
343 1703341292242
344 1703341292274
345 1703341292306
346 1703341292342
347 1703341292375
348 1703341292411
349 1703341292443
350 1703341292475
351 1703341292511
352 1703341292543
353 1703341292579
354 1703341292610
355 1703341292643
356 1703341292679
357 1703341292710
358 1703341292747
359 1703341292778
360 1703341292811
361 1703341292847
362 1703341292878
363 1703341292914
364 1703341292947
365 1703341292978
366 1703341293014
367 1703341293047
368 1703341293082
369 1703341293114
370 1703341293146
371 1703341293183
372 1703341293214
373 1703341293250
374 1703341293282
375 1703341293314
376 1703341293350
377 1703341293382
378 1703341293418
379 1703341293450
380 1703341293482
381 1703341293518
382 1703341293550
383 1703341293586
384 1703341293618
385 1703341293650
386 1703341293686
387 1703341293718
388 1703341293755
389 1703341293787
390 1703341293819
391 1703341293855
392 1703341293887
393 1703341293923
394 1703341293955
395 1703341293987
396 1703341294023
397 1703341294055
398 1703341294091
399 1703341294123
400 1703341294155
401 1703341294191
402 1703341294223
403 1703341294259
404 1703341294291
405 1703341294323
406 1703341294359
407 1703341294391
408 1703341294427
409 1703341294459
410 1703341294491
411 1703341294527
412 1703341294559
413 1703341294595
414 1703341294627
415 1703341294659
416 1703341294695
417 1703341294727
418 1703341294763
419 1703341294795
420 1703341294827
421 1703341294863
422 1703341294895
423 1703341294931
424 1703341294963
425 1703341294995
426 1703341295031
427 1703341295063
428 1703341295099
429 1703341295131
430 1703341295163
431 1703341295199
432 1703341295231
433 1703341295267
434 1703341295299
435 1703341295331
436 1703341295367
437 1703341295399
438 1703341295436
439 1703341295468
440 1703341295499
441 1703341295535
442 1703341295567
443 1703341295603
444 1703341295635
445 1703341295667
446 1703341295703
447 1703341295735
448 1703341295772
449 1703341295803
450 1703341295835
451 1703341295871
452 1703341295903
453 1703341295939
454 1703341295971
455 1703341296003
456 1703341296039
457 1703341296071
458 1703341296107
459 1703341296139
460 1703341296171
461 1703341296207
462 1703341296239
463 1703341296274
464 1703341296306
465 1703341296338
466 1703341296375
467 1703341296406
468 1703341296443
469 1703341296475
470 1703341296507
471 1703341296543
472 1703341296574
473 1703341296611
474 1703341296643
475 1703341296675
476 1703341296710
477 1703341296743
478 1703341296778
479 1703341296810
480 1703341296843
481 1703341296879
482 1703341296910
483 1703341296947
484 1703341296979
485 1703341297011
486 1703341297046
487 1703341297078
488 1703341297114
489 1703341297147
490 1703341297179
491 1703341297215
492 1703341297247
493 1703341297282
494 1703341297314
495 1703341297346
496 1703341297382
497 1703341297414
498 1703341297450
499 1703341297482
500 1703341297514
501 1703341297552
502 1703341297584
503 1703341297620
504 1703341297652
505 1703341297682
506 1703341297719
507 1703341297750
508 1703341297787
509 1703341297818
510 1703341297850
511 1703341297887
512 1703341297919
513 1703341297955
514 1703341297987
515 1703341298020
516 1703341298055
517 1703341298087
518 1703341298123
519 1703341298155
520 1703341298188
521 1703341298223
522 1703341298255
523 1703341298292
524 1703341298323
525 1703341298355
526 1703341298391
527 1703341298423
528 1703341298459
529 1703341298491
530 1703341298523
531 1703341298559
532 1703341298591
533 1703341298628
534 1703341298659
535 1703341298692
536 1703341298726
537 1703341298758
538 1703341298794
539 1703341298827
540 1703341298859
541 1703341298895
542 1703341298927
543 1703341298964
544 1703341298994
545 1703341299026
546 1703341299062
547 1703341299094
548 1703341299130
549 1703341299164
550 1703341299196
551 1703341299232
552 1703341299264
553 1703341299301
554 1703341299330
555 1703341299363
556 1703341299399
557 1703341299430
558 1703341299467
559 1703341299499
560 1703341299530
561 1703341299566
562 1703341299598
563 1703341299634
564 1703341299666
565 1703341299698
566 1703341299735
567 1703341299766
568 1703341299802
569 1703341299834
570 1703341299866
571 1703341299903
572 1703341299934
573 1703341299971
574 1703341300002
575 1703341300034
576 1703341300070
577 1703341300102
578 1703341300138
579 1703341300170
580 1703341300203
581 1703341300238
582 1703341300270
583 1703341300306
584 1703341300338
585 1703341300370
586 1703341300406
587 1703341300439
588 1703341300474
589 1703341300506
590 1703341300538
591 1703341300574
592 1703341300606
593 1703341300642
594 1703341300674
595 1703341300706
596 1703341300742
597 1703341300774
598 1703341300810
599 1703341300842
600 1703341300874
601 1703341300912
602 1703341300945
603 1703341300980
604 1703341301012
605 1703341301044
606 1703341301078
607 1703341301111
608 1703341301146
609 1703341301178
610 1703341301210
611 1703341301247
612 1703341301279
613 1703341301314
614 1703341301346
615 1703341301379
616 1703341301416
617 1703341301448
618 1703341301482
619 1703341301514
620 1703341301546
621 1703341301582
622 1703341301614
623 1703341301650
624 1703341301682
625 1703341301714
626 1703341301751
627 1703341301783
628 1703341301819
629 1703341301851
630 1703341301883
631 1703341301919
632 1703341301951
633 1703341301987
634 1703341302019
635 1703341302051
636 1703341302087
637 1703341302119
638 1703341302155
639 1703341302187
640 1703341302219
641 1703341302255
642 1703341302287
643 1703341302323
644 1703341302355
645 1703341302387
646 1703341302423
647 1703341302455
648 1703341302491
649 1703341302522
650 1703341302554
651 1703341302590
652 1703341302622
653 1703341302658
654 1703341302690
655 1703341302722
656 1703341302758
657 1703341302790
658 1703341302828
659 1703341302860
660 1703341302893
661 1703341302926
662 1703341302957
663 1703341302994
664 1703341303026
665 1703341303059
666 1703341303095
667 1703341303126
668 1703341303163
669 1703341303195
670 1703341303226
671 1703341303262
672 1703341303294
673 1703341303331
674 1703341303363
675 1703341303395
676 1703341303430
677 1703341303463
678 1703341303499
679 1703341303531
680 1703341303562
681 1703341303599
682 1703341303631
683 1703341303667
684 1703341303699
685 1703341303730
686 1703341303767
687 1703341303799
688 1703341303834
689 1703341303866
690 1703341303898
691 1703341303935
692 1703341303966
693 1703341304003
694 1703341304035
695 1703341304066
696 1703341304102
697 1703341304135
698 1703341304170
699 1703341304203
700 1703341304234
701 1703341304270
702 1703341304302
703 1703341304338
704 1703341304370
705 1703341304403
706 1703341304439
707 1703341304471
708 1703341304507
709 1703341304539
710 1703341304570
711 1703341304607
712 1703341304638
713 1703341304674
714 1703341304706
715 1703341304738
716 1703341304774
717 1703341304806
718 1703341304843
719 1703341304875
720 1703341304907
721 1703341304943
722 1703341304974
723 1703341305010
724 1703341305042
725 1703341305074
726 1703341305110
727 1703341305142
728 1703341305178
729 1703341305210
730 1703341305242
731 1703341305278
732 1703341305310
733 1703341305346
734 1703341305378
735 1703341305410
736 1703341305446
737 1703341305478
738 1703341305514
739 1703341305546
740 1703341305578
741 1703341305614
742 1703341305645
743 1703341305682
744 1703341305714
745 1703341305746
746 1703341305781
747 1703341305814
748 1703341305850
749 1703341305881
750 1703341305914
751 1703341305950
752 1703341305982
753 1703341306017
754 1703341306049
755 1703341306082
756 1703341306118
757 1703341306150
758 1703341306186
759 1703341306218
760 1703341306250
761 1703341306285
762 1703341306318
763 1703341306354
764 1703341306386
765 1703341306417
766 1703341306453
767 1703341306486
768 1703341306522
769 1703341306554
770 1703341306586
771 1703341306622
772 1703341306654
773 1703341306689
774 1703341306722
775 1703341306755
776 1703341306790
777 1703341306822
778 1703341306858
779 1703341306891
780 1703341306922
781 1703341306957
782 1703341306990
783 1703341307027
784 1703341307059
785 1703341307090
786 1703341307126
787 1703341307160
788 1703341307199
789 1703341307228
790 1703341307258
791 1703341307294
792 1703341307326
793 1703341307362
794 1703341307394
795 1703341307426
796 1703341307463
797 1703341307497
798 1703341307532
799 1703341307562
800 1703341307594
801 1703341307630
802 1703341307663
803 1703341307699
804 1703341307731
805 1703341307763
806 1703341307799
807 1703341307831
808 1703341307867
809 1703341307899
810 1703341307931
811 1703341307967
812 1703341307998
813 1703341308034
814 1703341308066
815 1703341308098
816 1703341308134
817 1703341308167
818 1703341308203
819 1703341308235
820 1703341308266
821 1703341308302
822 1703341308335
823 1703341308370
824 1703341308402
825 1703341308434
826 1703341308470
827 1703341308502
828 1703341308538
829 1703341308570
830 1703341308603
831 1703341308638
832 1703341308670
833 1703341308706
834 1703341308738
835 1703341308770
836 1703341308806
837 1703341308838
838 1703341308874
839 1703341308906
840 1703341308938
841 1703341308974
842 1703341309006
843 1703341309042
844 1703341309074
845 1703341309107
846 1703341309142
847 1703341309174
848 1703341309209
849 1703341309242
850 1703341309274
851 1703341309310
852 1703341309342
853 1703341309379
854 1703341309409
855 1703341309442
856 1703341309478
857 1703341309510
858 1703341309546
859 1703341309578
860 1703341309610
861 1703341309646
862 1703341309678
863 1703341309713
864 1703341309748
865 1703341309778
866 1703341309814
867 1703341309845
868 1703341309882
869 1703341309914
870 1703341309945
871 1703341309982
872 1703341310014
873 1703341310050
874 1703341310081
875 1703341310113
876 1703341310150
877 1703341310182
878 1703341310218
879 1703341310249
880 1703341310281
881 1703341310318
882 1703341310350
883 1703341310385
884 1703341310417
885 1703341310449
886 1703341310486
887 1703341310518
888 1703341310554
889 1703341310586
890 1703341310617
891 1703341310654
892 1703341310686
893 1703341310722
894 1703341310754
895 1703341310786
896 1703341310822
897 1703341310854
898 1703341310890
899 1703341310922
900 1703341310953
901 1703341310990
902 1703341311022
903 1703341311058
904 1703341311090
905 1703341311122
906 1703341311158
907 1703341311189
908 1703341311226
909 1703341311258
910 1703341311290
911 1703341311326
912 1703341311358
913 1703341311394
914 1703341311426
915 1703341311457
916 1703341311494
917 1703341311528
918 1703341311562
919 1703341311594
920 1703341311625
921 1703341311662
922 1703341311694
923 1703341311730
924 1703341311762
925 1703341311794
926 1703341311830
927 1703341311862
928 1703341311898
929 1703341311930
930 1703341311962
931 1703341311998
932 1703341312030
933 1703341312066
934 1703341312098
935 1703341312129
936 1703341312165
937 1703341312198
938 1703341312234
939 1703341312265
940 1703341312298
941 1703341312335
942 1703341312366
943 1703341312401
944 1703341312434
945 1703341312469
946 1703341312504
947 1703341312538
948 1703341312570
949 1703341312602
950 1703341312634
951 1703341312670
952 1703341312704
953 1703341312741
954 1703341312771
955 1703341312802
956 1703341312838
957 1703341312871
958 1703341312908
959 1703341312941
960 1703341312974
961 1703341313006
962 1703341313038
963 1703341313074
964 1703341313107
965 1703341313140
966 1703341313178
967 1703341313210
968 1703341313243
969 1703341313274
970 1703341313306
971 1703341313342
972 1703341313374
973 1703341313411
974 1703341313444
975 1703341313475
976 1703341313511
977 1703341313543
978 1703341313579
979 1703341313611
980 1703341313643
981 1703341313679
982 1703341313711
983 1703341313746
984 1703341313778
985 1703341313810
986 1703341313846
987 1703341313878
988 1703341313914
989 1703341313946
990 1703341313978
991 1703341314014
992 1703341314046
993 1703341314082
994 1703341314114
995 1703341314146
996 1703341314182
997 1703341314214
998 1703341314250
999 1703341314282
1000 1703341314314
1001 1703341314350
1002 1703341314382
1003 1703341314417
1004 1703341314450
1005 1703341314482
1006 1703341314518
1007 1703341314550
1008 1703341314586
1009 1703341314618
1010 1703341314650
1011 1703341314686
1012 1703341314718
1013 1703341314754
1014 1703341314786
1015 1703341314818
1016 1703341314854
1017 1703341314886
1018 1703341314921
1019 1703341314953
1020 1703341314986
1021 1703341315022
1022 1703341315054
1023 1703341315090
1024 1703341315122
1025 1703341315154
1026 1703341315190
1027 1703341315221
1028 1703341315258
1029 1703341315290
1030 1703341315322
1031 1703341315357
1032 1703341315390
1033 1703341315429
1034 1703341315459
1035 1703341315489
1036 1703341315526
1037 1703341315559
1038 1703341315595
1039 1703341315627
1040 1703341315658
1041 1703341315695
1042 1703341315726
1043 1703341315761
1044 1703341315794
1045 1703341315826
1046 1703341315864
1047 1703341315895
1048 1703341315930
1049 1703341315962
1050 1703341315994
1051 1703341316031
1052 1703341316062
1053 1703341316098
1054 1703341316130
1055 1703341316162
1056 1703341316198
1057 1703341316230
1058 1703341316266
1059 1703341316298
1060 1703341316330
1061 1703341316366
1062 1703341316398
1063 1703341316434
1064 1703341316466
1065 1703341316498
1066 1703341316534
1067 1703341316566
1068 1703341316602
1069 1703341316634
1070 1703341316666
1071 1703341316702
1072 1703341316734
1073 1703341316770
1074 1703341316802
1075 1703341316835
1076 1703341316870
1077 1703341316902
1078 1703341316938
1079 1703341316970
1080 1703341317002
1081 1703341317038
1082 1703341317071
1083 1703341317107
1084 1703341317138
1085 1703341317169
1086 1703341317206
1087 1703341317238
1088 1703341317274
1089 1703341317306
1090 1703341317338
1091 1703341317374
1092 1703341317406
1093 1703341317442
1094 1703341317474
1095 1703341317506
1096 1703341317542
1097 1703341317574
1098 1703341317610
1099 1703341317642
1100 1703341317674
1101 1703341317710
1102 1703341317741
1103 1703341317777
1104 1703341317809
1105 1703341317841
1106 1703341317877
1107 1703341317910
1108 1703341317945
1109 1703341317977
1110 1703341318009
1111 1703341318045
1112 1703341318078
1113 1703341318114
1114 1703341318145
1115 1703341318177
1116 1703341318213
1117 1703341318245
1118 1703341318281
1119 1703341318313
1120 1703341318345
1121 1703341318381
1122 1703341318413
1123 1703341318449
1124 1703341318481
1125 1703341318513
1126 1703341318549
1127 1703341318581
1128 1703341318617
1129 1703341318649
1130 1703341318681
1131 1703341318717
1132 1703341318749
1133 1703341318785
1134 1703341318817
1135 1703341318849
1136 1703341318885
1137 1703341318918
1138 1703341318953
1139 1703341318985
1140 1703341319017
1141 1703341319053
1142 1703341319085
1143 1703341319121
1144 1703341319153
1145 1703341319186
1146 1703341319221
1147 1703341319254
1148 1703341319289
1149 1703341319321
1150 1703341319353
1151 1703341319389
1152 1703341319421
1153 1703341319457
1154 1703341319489
1155 1703341319521
1156 1703341319557
1157 1703341319589
1158 1703341319625
1159 1703341319657
1160 1703341319689
1161 1703341319725
1162 1703341319757
1163 1703341319793
1164 1703341319825
1165 1703341319857
1166 1703341319893
1167 1703341319925
1168 1703341319961
1169 1703341319993
1170 1703341320025
1171 1703341320061
1172 1703341320093
1173 1703341320129
1174 1703341320161
1175 1703341320193
1176 1703341320229
1177 1703341320261
1178 1703341320297
1179 1703341320330
1180 1703341320361
1181 1703341320397
1182 1703341320429
1183 1703341320465
1184 1703341320497
1185 1703341320529
1186 1703341320566
1187 1703341320599
1188 1703341320633
1189 1703341320665
1190 1703341320697
1191 1703341320733
1192 1703341320765
1193 1703341320802
1194 1703341320834
1195 1703341320866
1196 1703341320902
1197 1703341320935
1198 1703341320971
1199 1703341321004
1200 1703341321035
1201 1703341321071
1202 1703341321103
1203 1703341321139
1204 1703341321171
1205 1703341321203
1206 1703341321239
1207 1703341321271
1208 1703341321307
1209 1703341321339
1210 1703341321371
1211 1703341321408
1212 1703341321448
1213 1703341321486
1214 1703341321526
1215 1703341321567
1216 1703341321607
1217 1703341321646
1218 1703341321686
1219 1703341321726
1220 1703341321767
1221 1703341321806
1222 1703341321851
1223 1703341321891
1224 1703341321931
1225 1703341321971
1226 1703341322011
1227 1703341322051
1228 1703341322091
1229 1703341322130
1230 1703341322170
1231 1703341322210
1232 1703341322250
1233 1703341322289
1234 1703341322331
1235 1703341322371
1236 1703341322414
1237 1703341322454
1238 1703341322494
1239 1703341322535
1240 1703341322574
1241 1703341322613
1242 1703341322654
1243 1703341322695
1244 1703341322734
1245 1703341322773
1246 1703341322814
1247 1703341322855
1248 1703341322894
1249 1703341322934
1250 1703341322978
1251 1703341323019
1252 1703341323058
1253 1703341323098
1254 1703341323138
1255 1703341323179
1256 1703341323218
1257 1703341323257
1258 1703341323298
1259 1703341323338
1260 1703341323378
1261 1703341323418
1262 1703341323458
1263 1703341323498
1264 1703341323542
1265 1703341323582
1266 1703341323622
1267 1703341323662
1268 1703341323702
1269 1703341323743
1270 1703341323783
1271 1703341323822
1272 1703341323862
1273 1703341323901
1274 1703341323942
1275 1703341323983
1276 1703341324022
1277 1703341324066
1278 1703341324108
1279 1703341324146
1280 1703341324186
1281 1703341324226
1282 1703341324266
1283 1703341324306
1284 1703341324345
1285 1703341324386
1286 1703341324425
1287 1703341324465
1288 1703341324505
1289 1703341324546
1290 1703341324586
1291 1703341324630
1292 1703341324670
1293 1703341324710
1294 1703341324750
1295 1703341324790
1296 1703341324831
1297 1703341324870
1298 1703341324910
1299 1703341324950
1300 1703341324991
1301 1703341325030
1302 1703341325070
1303 1703341325110
1304 1703341325150
1305 1703341325195
1306 1703341325234
1307 1703341325273
1308 1703341325314
1309 1703341325354
1310 1703341325394
1311 1703341325433
1312 1703341325474
1313 1703341325515
1314 1703341325554
1315 1703341325594
1316 1703341325634
1317 1703341325675
1318 1703341325714
1319 1703341325758
1320 1703341325801
1321 1703341325838
1322 1703341325877
1323 1703341325918
1324 1703341325958
1325 1703341325999
1326 1703341326038
1327 1703341326078
1328 1703341326118
1329 1703341326160
1330 1703341326198
1331 1703341326238
1332 1703341326278
1333 1703341326326
1334 1703341326363
1335 1703341326402
1336 1703341326442
1337 1703341326482
1338 1703341326522
1339 1703341326563
1340 1703341326603
1341 1703341326643
1342 1703341326683
1343 1703341326722
1344 1703341326763
1345 1703341326804
1346 1703341326846
1347 1703341326886
1348 1703341326926
1349 1703341326968
1350 1703341327007
1351 1703341327046
1352 1703341327088
1353 1703341327127
1354 1703341327167
1355 1703341327206
1356 1703341327247
1357 1703341327287
1358 1703341327326
1359 1703341327366
1360 1703341327412
1361 1703341327450
1362 1703341327490
1363 1703341327530
1364 1703341327573
1365 1703341327610
1366 1703341327650
1367 1703341327690
1368 1703341327731
1369 1703341327773
1370 1703341327810
1371 1703341327850
1372 1703341327891
1373 1703341327930
1374 1703341327974
1375 1703341328014
1376 1703341328056
1377 1703341328095
1378 1703341328134
1379 1703341328174
1380 1703341328215
1381 1703341328255
1382 1703341328294
1383 1703341328334
1384 1703341328375
1385 1703341328416
1386 1703341328454
1387 1703341328498
1388 1703341328541
1389 1703341328579
1390 1703341328618
1391 1703341328658
1392 1703341328698
1393 1703341328737
1394 1703341328778
1395 1703341328818
1396 1703341328860
1397 1703341328899
1398 1703341328938
1399 1703341328978
1400 1703341329018
1401 1703341329059
1402 1703341329104
1403 1703341329144
1404 1703341329183
1405 1703341329222
1406 1703341329262
1407 1703341329303
1408 1703341329343
1409 1703341329383
1410 1703341329423
1411 1703341329463
1412 1703341329502
1413 1703341329543
1414 1703341329583
1415 1703341329627
1416 1703341329667
1417 1703341329708
1418 1703341329747
1419 1703341329787
1420 1703341329827
1421 1703341329867
1422 1703341329908
1423 1703341329947
1424 1703341329987
1425 1703341330027
1426 1703341330067
1427 1703341330107
1428 1703341330147
1429 1703341330191
1430 1703341330231
1431 1703341330270
1432 1703341330313
1433 1703341330351
1434 1703341330390
1435 1703341330430
1436 1703341330470
1437 1703341330512
1438 1703341330553
1439 1703341330592
1440 1703341330631
1441 1703341330672
1442 1703341330713
1443 1703341330754
1444 1703341330795
1445 1703341330837
1446 1703341330876
1447 1703341330917
1448 1703341330955
1449 1703341330995
1450 1703341331035
1451 1703341331075
1452 1703341331115
1453 1703341331155
1454 1703341331195
1455 1703341331235
1456 1703341331275
1457 1703341331319
1458 1703341331359
1459 1703341331399
1460 1703341331439
1461 1703341331478
1462 1703341331519
1463 1703341331558
1464 1703341331599
1465 1703341331639
1466 1703341331679
1467 1703341331718
1468 1703341331759
1469 1703341331799
1470 1703341331843
1471 1703341331882
1472 1703341331924
1473 1703341331964
1474 1703341332003
1475 1703341332042
1476 1703341332083
1477 1703341332123
1478 1703341332162
1479 1703341332203
1480 1703341332243
1481 1703341332285
1482 1703341332323
1483 1703341332362
1484 1703341332409
1485 1703341332447
1486 1703341332487
1487 1703341332527
1488 1703341332567
1489 1703341332609
1490 1703341332648
1491 1703341332686
1492 1703341332727
1493 1703341332768
1494 1703341332809
1495 1703341332848
1496 1703341332886
1497 1703341332927
1498 1703341332971
1499 1703341333010
1500 1703341333052
1501 1703341333093
1502 1703341333131
1503 1703341333170
1504 1703341333210
1505 1703341333252
1506 1703341333292
1507 1703341333331
1508 1703341333371
1509 1703341333412
1510 1703341333452
1511 1703341333490
1512 1703341333535
1513 1703341333575
1514 1703341333615
1515 1703341333654
1516 1703341333695
1517 1703341333735
1518 1703341333775
1519 1703341333815
1520 1703341333855
1521 1703341333896
1522 1703341333935
1523 1703341333974
1524 1703341334016
1525 1703341334056
1526 1703341334099
1527 1703341334139
1528 1703341334179
1529 1703341334219
1530 1703341334258
1531 1703341334299
1532 1703341334339
1533 1703341334380
1534 1703341334418
1535 1703341334458
1536 1703341334501
1537 1703341334538
1538 1703341334578
1539 1703341334619
1540 1703341334663
1541 1703341334704
1542 1703341334742
1543 1703341334782
1544 1703341334822
1545 1703341334864
1546 1703341334905
1547 1703341334943
1548 1703341334982
1549 1703341335023
1550 1703341335065
1551 1703341335103
1552 1703341335143
1553 1703341335187
1554 1703341335227
1555 1703341335269
1556 1703341335306
1557 1703341335346
1558 1703341335389
1559 1703341335427
1560 1703341335467
1561 1703341335506
1562 1703341335547
1563 1703341335588
1564 1703341335628
1565 1703341335667
1566 1703341335707
1567 1703341335751
1568 1703341335792
1569 1703341335830
1570 1703341335870
1571 1703341335911
1572 1703341335951
1573 1703341335991
1574 1703341336031
1575 1703341336073
1576 1703341336113
1577 1703341336151
1578 1703341336191
1579 1703341336230
1580 1703341336271
1581 1703341336315
1582 1703341336356
1583 1703341336396
1584 1703341336435
1585 1703341336475
1586 1703341336515
1587 1703341336556
1588 1703341336595
1589 1703341336635
1590 1703341336675
1591 1703341336715
1592 1703341336755
1593 1703341336796
1594 1703341336835
1595 1703341336880
1596 1703341336919
1597 1703341336960
1598 1703341336999
1599 1703341337040
1600 1703341337080
1601 1703341337119
1602 1703341337159
1603 1703341337199
1604 1703341337239
1605 1703341337279
1606 1703341337319
1607 1703341337360
1608 1703341337400
1609 1703341337444
1610 1703341337484
1611 1703341337523
1612 1703341337564
1613 1703341337603
1614 1703341337643
1615 1703341337684
1616 1703341337723
1617 1703341337762
1618 1703341337803
1619 1703341337844
1620 1703341337884
1621 1703341337923
1622 1703341337967
1623 1703341338007
1624 1703341338048
1625 1703341338087
1626 1703341338127
1627 1703341338167
1628 1703341338207
1629 1703341338246
1630 1703341338286
1631 1703341338327
1632 1703341338368
1633 1703341338408
1634 1703341338448
1635 1703341338487
1636 1703341338531
1637 1703341338572
1638 1703341338611
1639 1703341338651
1640 1703341338692
1641 1703341338732
1642 1703341338770
1643 1703341338811
1644 1703341338852
1645 1703341338890
1646 1703341338930
1647 1703341338970
1648 1703341339011
1649 1703341339051
1650 1703341339097
1651 1703341339135
1652 1703341339175
1653 1703341339215
1654 1703341339254
1655 1703341339295
1656 1703341339335
1657 1703341339375
1658 1703341339415
1659 1703341339456
1660 1703341339495
1661 1703341339535
1662 1703341339576
1663 1703341339620
1664 1703341339659
1665 1703341339698
1666 1703341339740
1667 1703341339779
1668 1703341339819
1669 1703341339858
1670 1703341339898
1671 1703341339938
1672 1703341339978
1673 1703341340018
1674 1703341340059
1675 1703341340100
1676 1703341340139
1677 1703341340178
1678 1703341340223
1679 1703341340263
1680 1703341340304
1681 1703341340343
1682 1703341340382
1683 1703341340423
1684 1703341340463
1685 1703341340502
1686 1703341340543
1687 1703341340583
1688 1703341340623
1689 1703341340662
1690 1703341340702
1691 1703341340748
1692 1703341340787
1693 1703341340826
1694 1703341340867
1695 1703341340907
1696 1703341340947
1697 1703341340986
1698 1703341341027
1699 1703341341067
1700 1703341341107
1701 1703341341146
1702 1703341341187
1703 1703341341228
1704 1703341341267
1705 1703341341310
1706 1703341341351
1707 1703341341393
1708 1703341341434
1709 1703341341471
1710 1703341341510
1711 1703341341550
1712 1703341341591
1713 1703341341632
1714 1703341341673
1715 1703341341712
1716 1703341341752
1717 1703341341791
1718 1703341341831
1719 1703341341875
1720 1703341341915
1721 1703341341955
1722 1703341341995
1723 1703341342036
1724 1703341342075
1725 1703341342115
1726 1703341342155
1727 1703341342195
1728 1703341342235
1729 1703341342274
1730 1703341342314
1731 1703341342357
1732 1703341342396
1733 1703341342438
1734 1703341342478
1735 1703341342521
1736 1703341342560
1737 1703341342598
1738 1703341342639
1739 1703341342680
1740 1703341342720
1741 1703341342758
1742 1703341342799
1743 1703341342839
1744 1703341342879
1745 1703341342919
1746 1703341342963
1747 1703341343003
1748 1703341343042
1749 1703341343082
1750 1703341343123
1751 1703341343163
1752 1703341343202
1753 1703341343242
1754 1703341343283
1755 1703341343322
1756 1703341343362
1757 1703341343402
1758 1703341343443
1759 1703341343483
1760 1703341343526
1761 1703341343567
1762 1703341343607
1763 1703341343647
1764 1703341343686
1765 1703341343726
1766 1703341343766
1767 1703341343807
1768 1703341343846
1769 1703341343886
1770 1703341343927
1771 1703341343967
1772 1703341344006
1773 1703341344048
1774 1703341344090
1775 1703341344131
1776 1703341344170
1777 1703341344210
1778 1703341344251
1779 1703341344291
1780 1703341344330
1781 1703341344370
1782 1703341344411
1783 1703341344451
1784 1703341344490
1785 1703341344530
1786 1703341344571
1787 1703341344611
1788 1703341344655
1789 1703341344694
1790 1703341344735
1791 1703341344775
1792 1703341344814
1793 1703341344854
1794 1703341344895
1795 1703341344937
1796 1703341344977
1797 1703341345014
1798 1703341345054
1799 1703341345095
1800 1703341345135
1801 1703341345176
1802 1703341345218
1803 1703341345258
1804 1703341345300
1805 1703341345339
1806 1703341345378
1807 1703341345421
1808 1703341345458
1809 1703341345498
1810 1703341345538
1811 1703341345580
1812 1703341345619
1813 1703341345659
1814 1703341345698
1815 1703341345738
1816 1703341345783
1817 1703341345823
1818 1703341345863
1819 1703341345902
1820 1703341345943
1821 1703341345983
1822 1703341346023
1823 1703341346063
1824 1703341346104
1825 1703341346144
1826 1703341346182
1827 1703341346222
1828 1703341346265
1829 1703341346306
1830 1703341346346
1831 1703341346388
1832 1703341346428
1833 1703341346468
1834 1703341346506
1835 1703341346546
1836 1703341346587
1837 1703341346629
1838 1703341346667
1839 1703341346706
1840 1703341346747
1841 1703341346787
1842 1703341346826
1843 1703341346871
1844 1703341346912
1845 1703341346951
1846 1703341346990
1847 1703341347031
1848 1703341347072
1849 1703341347112
1850 1703341347152
1851 1703341347191
1852 1703341347231
1853 1703341347272
1854 1703341347313
1855 1703341347350
1856 1703341347391
1857 1703341347437
1858 1703341347477
1859 1703341347515
1860 1703341347555
1861 1703341347596
1862 1703341347635
1863 1703341347675
1864 1703341347716
1865 1703341347756
1866 1703341347796
1867 1703341347835
1868 1703341347875
1869 1703341347915
1870 1703341347955
1871 1703341347998
1872 1703341348039
1873 1703341348079
1874 1703341348119
1875 1703341348159
1876 1703341348201
1877 1703341348239
1878 1703341348278
1879 1703341348318
1880 1703341348359
1881 1703341348398
1882 1703341348439
1883 1703341348479
1884 1703341348520
1885 1703341348564
1886 1703341348603
1887 1703341348643
1888 1703341348683
1889 1703341348723
1890 1703341348763
1891 1703341348803
1892 1703341348843
1893 1703341348883
1894 1703341348923
1895 1703341348963
1896 1703341349003
1897 1703341349045
1898 1703341349086
1899 1703341349127
1900 1703341349168
1901 1703341349208
1902 1703341349246
1903 1703341349287
1904 1703341349328
1905 1703341349368
1906 1703341349407
1907 1703341349446
1908 1703341349487
1909 1703341349528
1910 1703341349568
1911 1703341349607
1912 1703341349652
1913 1703341349692
1914 1703341349730
1915 1703341349770
1916 1703341349813
1917 1703341349851
1918 1703341349890
1919 1703341349931
1920 1703341349971
1921 1703341350012
1922 1703341350052
1923 1703341350090
1924 1703341350131
1925 1703341350171
1926 1703341350215
1927 1703341350255
1928 1703341350296
1929 1703341350336
1930 1703341350376
1931 1703341350415
1932 1703341350457
1933 1703341350496
1934 1703341350536
1935 1703341350575
1936 1703341350616
1937 1703341350656
1938 1703341350696
1939 1703341350739
1940 1703341350779
1941 1703341350819
1942 1703341350858
1943 1703341350898
1944 1703341350938
1945 1703341350978
1946 1703341351018
1947 1703341351058
1948 1703341351098
1949 1703341351138
1950 1703341351178
1951 1703341351218
1952 1703341351258
1953 1703341351298
1954 1703341351342
1955 1703341351382
1956 1703341351422
1957 1703341351462
1958 1703341351502
1959 1703341351542
1960 1703341351582
1961 1703341351622
1962 1703341351662
1963 1703341351702
1964 1703341351742
1965 1703341351782
1966 1703341351822
1967 1703341351866
1968 1703341351906
1969 1703341351946
1970 1703341351986
1971 1703341352026
1972 1703341352066
1973 1703341352106
1974 1703341352146
1975 1703341352186
1976 1703341352226
1977 1703341352266
1978 1703341352306
1979 1703341352346
1980 1703341352386
1981 1703341352430
1982 1703341352470
1983 1703341352510
1984 1703341352550
1985 1703341352590
1986 1703341352630
1987 1703341352670
1988 1703341352710
1989 1703341352750
1990 1703341352790
1991 1703341352830
1992 1703341352870
1993 1703341352910
1994 1703341352950
1995 1703341352994
1996 1703341353034
1997 1703341353074
1998 1703341353114
1999 1703341353154
2000 1703341353194
2001 1703341353234
2002 1703341353274
2003 1703341353314
2004 1703341353354
2005 1703341353394
2006 1703341353434
2007 1703341353475
2008 1703341353516
2009 1703341353560
2010 1703341353599
2011 1703341353639
2012 1703341353679
2013 1703341353719
2014 1703341353759
2015 1703341353799
2016 1703341353839
2017 1703341353880
2018 1703341353919
2019 1703341353959
2020 1703341353999
2021 1703341354039
2022 1703341354084
2023 1703341354124
2024 1703341354163
2025 1703341354203
2026 1703341354243
2027 1703341354283
2028 1703341354323
2029 1703341354363
2030 1703341354403
2031 1703341354443
2032 1703341354483
2033 1703341354523
2034 1703341354563
2035 1703341354603
2036 1703341354647
2037 1703341354689
2038 1703341354728
2039 1703341354767
2040 1703341354807
2041 1703341354848
2042 1703341354888
2043 1703341354927
2044 1703341354966
2045 1703341355007
2046 1703341355048
2047 1703341355087
2048 1703341355126
2049 1703341355168
2050 1703341355211
2051 1703341355252
2052 1703341355291
2053 1703341355330
2054 1703341355372
2055 1703341355412
2056 1703341355451
2057 1703341355490
2058 1703341355531
2059 1703341355571
2060 1703341355611
2061 1703341355651
2062 1703341355691
2063 1703341355731
2064 1703341355775
2065 1703341355815
2066 1703341355856
2067 1703341355896
2068 1703341355935
2069 1703341355974
2070 1703341356016
2071 1703341356056
2072 1703341356096
2073 1703341356135
2074 1703341356175
2075 1703341356215
2076 1703341356255
2077 1703341356295
2078 1703341356340
2079 1703341356381
2080 1703341356421
2081 1703341356459
2082 1703341356499
2083 1703341356540
2084 1703341356580
2085 1703341356619
2086 1703341356659
2087 1703341356699
2088 1703341356739
2089 1703341356779
2090 1703341356820
2091 1703341356860
2092 1703341356903
2093 1703341356943
2094 1703341356983
2095 1703341357024
2096 1703341357064
2097 1703341357104
2098 1703341357143
2099 1703341357184
2100 1703341357224
2101 1703341357264
2102 1703341357304
2103 1703341357344
2104 1703341357384
2105 1703341357428
2106 1703341357468
2107 1703341357508
2108 1703341357547
2109 1703341357587
2110 1703341357627
2111 1703341357667
2112 1703341357707
2113 1703341357747
2114 1703341357787
2115 1703341357827
2116 1703341357867
2117 1703341357908
2118 1703341357947
2119 1703341357991
2120 1703341358031
2121 1703341358072
2122 1703341358112
2123 1703341358150
2124 1703341358192
2125 1703341358231
2126 1703341358271
2127 1703341358311
2128 1703341358351
2129 1703341358392
2130 1703341358432
2131 1703341358471
2132 1703341358511
2133 1703341358555
2134 1703341358597
2135 1703341358635
2136 1703341358675
2137 1703341358715
2138 1703341358756
2139 1703341358796
2140 1703341358836
2141 1703341358876
2142 1703341358915
2143 1703341358955
2144 1703341358995
2145 1703341359035
2146 1703341359076
2147 1703341359120
2148 1703341359160
2149 1703341359200
2150 1703341359239
2151 1703341359280
2152 1703341359319
2153 1703341359360
2154 1703341359400
2155 1703341359440
2156 1703341359480
2157 1703341359520
2158 1703341359560
2159 1703341359600
2160 1703341359640
2161 1703341359684
2162 1703341359723
2163 1703341359764
2164 1703341359804
2165 1703341359844
2166 1703341359884
2167 1703341359923
2168 1703341359963
2169 1703341360003
2170 1703341360044
2171 1703341360084
2172 1703341360124
2173 1703341360164
2174 1703341360207
2175 1703341360247
2176 1703341360288
2177 1703341360328
2178 1703341360368
2179 1703341360408
2180 1703341360448
2181 1703341360487
2182 1703341360528
2183 1703341360568
2184 1703341360608
2185 1703341360648
2186 1703341360688
2187 1703341360727
2188 1703341360772
2189 1703341360811
2190 1703341360851
2191 1703341360892
2192 1703341360932
2193 1703341360972
2194 1703341361012
2195 1703341361051
2196 1703341361092
2197 1703341361132
2198 1703341361172
2199 1703341361212
2200 1703341361252
2201 1703341361292
2202 1703341361336
2203 1703341361376
2204 1703341361416
2205 1703341361456
2206 1703341361496
2207 1703341361536
2208 1703341361576
2209 1703341361616
2210 1703341361656
2211 1703341361696
2212 1703341361735
2213 1703341361776
2214 1703341361816
2215 1703341361860
2216 1703341361900
2217 1703341361940
2218 1703341361980
2219 1703341362020
2220 1703341362060
2221 1703341362099
2222 1703341362139
2223 1703341362180
2224 1703341362220
2225 1703341362259
2226 1703341362300
2227 1703341362340
2228 1703341362379
2229 1703341362420
2230 1703341362463
2231 1703341362504
2232 1703341362544
2233 1703341362583
2234 1703341362624
2235 1703341362664
2236 1703341362704
2237 1703341362744
2238 1703341362784
2239 1703341362824
2240 1703341362864
2241 1703341362904
2242 1703341362944
2243 1703341362988
2244 1703341363028
2245 1703341363068
2246 1703341363108
2247 1703341363148
2248 1703341363189
2249 1703341363227
2250 1703341363267
2251 1703341363308
2252 1703341363348
2253 1703341363388
2254 1703341363428
2255 1703341363468
2256 1703341363507
2257 1703341363551
2258 1703341363593
2259 1703341363633
2260 1703341363673
2261 1703341363712
2262 1703341363752
2263 1703341363792
2264 1703341363833
2265 1703341363872
2266 1703341363913
2267 1703341363953
2268 1703341363992
2269 1703341364033
2270 1703341364071
2271 1703341364116
2272 1703341364157
2273 1703341364197
2274 1703341364235
2275 1703341364275
2276 1703341364316
2277 1703341364356
2278 1703341364397
2279 1703341364437
2280 1703341364476
2281 1703341364516
2282 1703341364558
2283 1703341364596
2284 1703341364636
2285 1703341364680
2286 1703341364720
2287 1703341364760
2288 1703341364800
2289 1703341364840
2290 1703341364880
2291 1703341364921
2292 1703341364961
2293 1703341365000
2294 1703341365040
2295 1703341365080
2296 1703341365120
2297 1703341365163
2298 1703341365205
2299 1703341365243
2300 1703341365283
2301 1703341365324
2302 1703341365364
2303 1703341365404
2304 1703341365444
2305 1703341365484
2306 1703341365525
2307 1703341365564
2308 1703341365604
2309 1703341365644
2310 1703341365684
2311 1703341365723
2312 1703341365767
2313 1703341365808
2314 1703341365848
2315 1703341365887
2316 1703341365928
2317 1703341365967
2318 1703341366007
2319 1703341366048
2320 1703341366088
2321 1703341366128
2322 1703341366168
2323 1703341366208
2324 1703341366248
2325 1703341366287
2326 1703341366332
2327 1703341366372
2328 1703341366412
2329 1703341366452
2330 1703341366491
2331 1703341366531
2332 1703341366571
2333 1703341366611
2334 1703341366651
2335 1703341366692
2336 1703341366731
2337 1703341366771
2338 1703341366812
2339 1703341366851
2340 1703341366897
2341 1703341366935
2342 1703341366975
2343 1703341367016
2344 1703341367056
2345 1703341367097
2346 1703341367135
2347 1703341367175
2348 1703341367216
2349 1703341367256
2350 1703341367296
2351 1703341367335
2352 1703341367377
2353 1703341367417
2354 1703341367462
2355 1703341367499
2356 1703341367539
2357 1703341367579
2358 1703341367619
2359 1703341367660
2360 1703341367701
2361 1703341367740
2362 1703341367779
2363 1703341367819
2364 1703341367861
2365 1703341367900
2366 1703341367939
2367 1703341367979
2368 1703341368025
2369 1703341368065
2370 1703341368105
2371 1703341368145
2372 1703341368183
2373 1703341368223
2374 1703341368264
2375 1703341368304
2376 1703341368344
2377 1703341368383
2378 1703341368423
2379 1703341368463
2380 1703341368503
2381 1703341368547
2382 1703341368587
2383 1703341368627
2384 1703341368667
2385 1703341368707
2386 1703341368747
2387 1703341368787
2388 1703341368827
2389 1703341368867
2390 1703341368907
2391 1703341368947
2392 1703341368987
2393 1703341369028
2394 1703341369067
2395 1703341369111
2396 1703341369153
2397 1703341369192
2398 1703341369231
2399 1703341369271
2400 1703341369314
2401 1703341369353
2402 1703341369394
2403 1703341369431
2404 1703341369471
2405 1703341369511
2406 1703341369551
2407 1703341369592
2408 1703341369632
2409 1703341369677
2410 1703341369716
2411 1703341369755
2412 1703341369795
2413 1703341369835
2414 1703341369875
2415 1703341369915
2416 1703341369955
2417 1703341369995
2418 1703341370035
2419 1703341370076
2420 1703341370115
2421 1703341370155
2422 1703341370195
2423 1703341370238
2424 1703341370279
2425 1703341370319
2426 1703341370359
2427 1703341370399
2428 1703341370439
2429 1703341370479
2430 1703341370519
2431 1703341370558
2432 1703341370599
2433 1703341370638
2434 1703341370679
2435 1703341370719
2436 1703341370759
2437 1703341370802
2438 1703341370843
2439 1703341370883
2440 1703341370922
2441 1703341370962
2442 1703341371002
2443 1703341371043
2444 1703341371082
2445 1703341371122
2446 1703341371163
2447 1703341371203
2448 1703341371242
2449 1703341371282
2450 1703341371327
2451 1703341371367
2452 1703341371406
2453 1703341371446
2454 1703341371487
2455 1703341371527
2456 1703341371567
2457 1703341371606
2458 1703341371647
2459 1703341371688
2460 1703341371726
2461 1703341371766
2462 1703341371807
2463 1703341371848
2464 1703341371890
2465 1703341371931
2466 1703341371971
2467 1703341372012
2468 1703341372051
2469 1703341372091
2470 1703341372131
2471 1703341372172
2472 1703341372210
2473 1703341372250
2474 1703341372291
2475 1703341372333
2476 1703341372372
2477 1703341372410
2478 1703341372455
2479 1703341372495
2480 1703341372535
2481 1703341372575
2482 1703341372615
2483 1703341372656
2484 1703341372696
2485 1703341372734
2486 1703341372775
2487 1703341372815
2488 1703341372855
2489 1703341372894
2490 1703341372936
2491 1703341372976
2492 1703341373018
2493 1703341373058
2494 1703341373098
2495 1703341373139
2496 1703341373179
2497 1703341373218
2498 1703341373259
2499 1703341373299
2500 1703341373338
2501 1703341373378
2502 1703341373419
2503 1703341373459
2504 1703341373498
2505 1703341373538
2506 1703341373583
2507 1703341373625
2508 1703341373663
2509 1703341373702
2510 1703341373743
2511 1703341373784
2512 1703341373823
2513 1703341373863
2514 1703341373903
2515 1703341373943
2516 1703341373983
2517 1703341374022
2518 1703341374063
2519 1703341374108
2520 1703341374147
2521 1703341374186
2522 1703341374227
2523 1703341374268
2524 1703341374307
2525 1703341374346
2526 1703341374387
2527 1703341374428
2528 1703341374467
2529 1703341374506
2530 1703341374547
2531 1703341374589
2532 1703341374627
2533 1703341374670
2534 1703341374711
2535 1703341374752
2536 1703341374793
2537 1703341374831
2538 1703341374871
2539 1703341374911
2540 1703341374951
2541 1703341374990
2542 1703341375031
2543 1703341375072
2544 1703341375112
2545 1703341375152
2546 1703341375191
2547 1703341375235
2548 1703341375275
2549 1703341375316
2550 1703341375356
2551 1703341375397
2552 1703341375435
2553 1703341375474
2554 1703341375515
2555 1703341375558
2556 1703341375595
2557 1703341375634
2558 1703341375676
2559 1703341375716
2560 1703341375755
2561 1703341375799
2562 1703341375839
2563 1703341375879
2564 1703341375920
2565 1703341375959
2566 1703341375999
2567 1703341376039
2568 1703341376079
2569 1703341376119
2570 1703341376160
2571 1703341376199
2572 1703341376239
2573 1703341376279
2574 1703341376323
2575 1703341376363
2576 1703341376404
2577 1703341376444
2578 1703341376483
2579 1703341376523
2580 1703341376563
2581 1703341376603
2582 1703341376644
2583 1703341376683
2584 1703341376723
2585 1703341376763
2586 1703341376803
2587 1703341376844
2588 1703341376887
2589 1703341376927
2590 1703341376968
2591 1703341377008
2592 1703341377047
2593 1703341377087
2594 1703341377128
2595 1703341377168
2596 1703341377207
2597 1703341377247
2598 1703341377287
2599 1703341377328
2600 1703341377368
2601 1703341377408
2602 1703341377452
2603 1703341377492
2604 1703341377531
2605 1703341377571
2606 1703341377612
2607 1703341377651
2608 1703341377691
2609 1703341377731
2610 1703341377773
2611 1703341377813
2612 1703341377850
2613 1703341377891
2614 1703341377933
2615 1703341377973
2616 1703341378015
2617 1703341378055
2618 1703341378096
2619 1703341378136
2620 1703341378176
2621 1703341378215
2622 1703341378255
2623 1703341378296
2624 1703341378335
2625 1703341378376
2626 1703341378416
2627 1703341378456
2628 1703341378495
2629 1703341378536
2630 1703341378581
2631 1703341378619
2632 1703341378659
2633 1703341378699
2634 1703341378739
2635 1703341378781
2636 1703341378821
2637 1703341378859
2638 1703341378899
2639 1703341378939
2640 1703341378979
2641 1703341379021
2642 1703341379061
2643 1703341379099
2644 1703341379143
2645 1703341379183
2646 1703341379223
2647 1703341379264
2648 1703341379303
2649 1703341379343
2650 1703341379384
2651 1703341379424
2652 1703341379463
2653 1703341379502
2654 1703341379544
2655 1703341379585
2656 1703341379623
2657 1703341379667
2658 1703341379708
2659 1703341379748
2660 1703341379787
2661 1703341379827
2662 1703341379869
2663 1703341379909
2664 1703341379951
2665 1703341379987
2666 1703341380027
2667 1703341380067
2668 1703341380108
2669 1703341380148
2670 1703341380188
2671 1703341380232
2672 1703341380271
2673 1703341380311
2674 1703341380351
2675 1703341380393
2676 1703341380433
2677 1703341380471
2678 1703341380511
2679 1703341380553
2680 1703341380593
2681 1703341380631
2682 1703341380671
2683 1703341380712
2684 1703341380752
2685 1703341380796
2686 1703341380837
2687 1703341380876
2688 1703341380916
2689 1703341380955
2690 1703341380995
2691 1703341381036
2692 1703341381076
2693 1703341381115
2694 1703341381155
2695 1703341381196
2696 1703341381235
2697 1703341381275
2698 1703341381316
2699 1703341381360
2700 1703341381399
2701 1703341381439
2702 1703341381479
2703 1703341381521
2704 1703341381560
2705 1703341381599
2706 1703341381640
2707 1703341381680
2708 1703341381719
2709 1703341381758
2710 1703341381799
2711 1703341381841
2712 1703341381880
2713 1703341381923
2714 1703341381963
2715 1703341382003
2716 1703341382043
2717 1703341382083
2718 1703341382124
2719 1703341382164
2720 1703341382203
2721 1703341382243
2722 1703341382284
2723 1703341382324
2724 1703341382363
2725 1703341382403
2726 1703341382449
2727 1703341382488
2728 1703341382527
2729 1703341382567
2730 1703341382608
2731 1703341382649
2732 1703341382688
2733 1703341382726
2734 1703341382767
2735 1703341382808
2736 1703341382847
2737 1703341382886
2738 1703341382927
2739 1703341382968
2740 1703341383011
2741 1703341383051
2742 1703341383094
2743 1703341383131
2744 1703341383171
2745 1703341383210
2746 1703341383251
2747 1703341383291
2748 1703341383330
2749 1703341383370
2750 1703341383410
2751 1703341383451
2752 1703341383490
2753 1703341383530
2754 1703341383574
2755 1703341383614
2756 1703341383654
2757 1703341383694
2758 1703341383734
2759 1703341383774
2760 1703341383814
2761 1703341383854
2762 1703341383894
2763 1703341383934
2764 1703341383974
2765 1703341384014
2766 1703341384054
2767 1703341384094
2768 1703341384138
2769 1703341384178
2770 1703341384218
2771 1703341384258
2772 1703341384298
2773 1703341384338
2774 1703341384378
2775 1703341384418
2776 1703341384458
2777 1703341384499
2778 1703341384538
2779 1703341384578
2780 1703341384618
2781 1703341384654
2782 1703341384686
2783 1703341384722
2784 1703341384754
2785 1703341384786
2786 1703341384822
2787 1703341384854
2788 1703341384890
2789 1703341384922
2790 1703341384954
2791 1703341384990
2792 1703341385022
2793 1703341385058
2794 1703341385090
2795 1703341385122
2796 1703341385158
2797 1703341385190
2798 1703341385226
2799 1703341385258
2800 1703341385290
2801 1703341385326
2802 1703341385358
2803 1703341385394
2804 1703341385426
2805 1703341385458
2806 1703341385494
2807 1703341385534
2808 1703341385574
2809 1703341385614
2810 1703341385654
2811 1703341385694
2812 1703341385735
2813 1703341385774
2814 1703341385814
2815 1703341385854
2816 1703341385898
2817 1703341385939
2818 1703341385979
2819 1703341386018
2820 1703341386058
2821 1703341386098
2822 1703341386138
2823 1703341386179
2824 1703341386219
2825 1703341386259
2826 1703341386299
2827 1703341386339
2828 1703341386379
2829 1703341386420
2830 1703341386463
2831 1703341386502
2832 1703341386543
2833 1703341386584
2834 1703341386623
2835 1703341386663
2836 1703341386703
2837 1703341386744
2838 1703341386783
2839 1703341386822
2840 1703341386863
2841 1703341386904
2842 1703341386943
2843 1703341386983
2844 1703341387028
2845 1703341387068
2846 1703341387107
2847 1703341387147
2848 1703341387187
2849 1703341387227
2850 1703341387267
2851 1703341387307
2852 1703341387348
2853 1703341387387
2854 1703341387426
2855 1703341387466
2856 1703341387507
2857 1703341387552
2858 1703341387591
2859 1703341387631
2860 1703341387671
2861 1703341387712
2862 1703341387750
2863 1703341387791
2864 1703341387831
2865 1703341387871
2866 1703341387911
2867 1703341387950
2868 1703341387991
2869 1703341388032
2870 1703341388071
2871 1703341388115
2872 1703341388156
2873 1703341388196
2874 1703341388235
2875 1703341388274
2876 1703341388315
2877 1703341388357
2878 1703341388395
2879 1703341388435
2880 1703341388475
2881 1703341388515
2882 1703341388555
2883 1703341388595
2884 1703341388636
2885 1703341388680
2886 1703341388719
2887 1703341388759
2888 1703341388799
2889 1703341388841
2890 1703341388879
2891 1703341388919
2892 1703341388959
2893 1703341389000
2894 1703341389039
2895 1703341389079
2896 1703341389120
2897 1703341389160
2898 1703341389199
2899 1703341389243
2900 1703341389284
2901 1703341389326
2902 1703341389363
2903 1703341389403
2904 1703341389444
2905 1703341389484
2906 1703341389523
2907 1703341389562
2908 1703341389603
2909 1703341389645
2910 1703341389684
2911 1703341389723
2912 1703341389763
2913 1703341389810
2914 1703341389849
2915 1703341389890
2916 1703341389927
2917 1703341389966
2918 1703341390006
2919 1703341390046
2920 1703341390086
2921 1703341390126
2922 1703341390167
2923 1703341390206
2924 1703341390247
2925 1703341390289
2926 1703341390332
2927 1703341390371
2928 1703341390411
2929 1703341390451
2930 1703341390491
2931 1703341390531
2932 1703341390571
2933 1703341390612
2934 1703341390651
2935 1703341390691
2936 1703341390731
2937 1703341390771
2938 1703341390811
2939 1703341390851
2940 1703341390896
2941 1703341390935
2942 1703341390975
2943 1703341391015
2944 1703341391057
2945 1703341391096
2946 1703341391135
2947 1703341391175
2948 1703341391215
2949 1703341391256
2950 1703341391295
2951 1703341391335
2952 1703341391376
2953 1703341391416
2954 1703341391459
2955 1703341391499
2956 1703341391541
2957 1703341391580
2958 1703341391620
2959 1703341391659
2960 1703341391699
2961 1703341391742
2962 1703341391780
2963 1703341391819
2964 1703341391860
2965 1703341391900
2966 1703341391939
2967 1703341391979
2968 1703341392024
2969 1703341392064
2970 1703341392103
2971 1703341392143
2972 1703341392183
2973 1703341392224
2974 1703341392263
2975 1703341392304
2976 1703341392344
2977 1703341392384
2978 1703341392423
2979 1703341392463
2980 1703341392504
2981 1703341392544
2982 1703341392588
2983 1703341392628
2984 1703341392668
2985 1703341392707
2986 1703341392747
2987 1703341392789
2988 1703341392828
2989 1703341392867
2990 1703341392907
2991 1703341392947
2992 1703341392988
2993 1703341393028
2994 1703341393067
2995 1703341393112
2996 1703341393152
2997 1703341393192
2998 1703341393230
2999 1703341393271
3000 1703341393314
3001 1703341393351
3002 1703341393391
3003 1703341393431
3004 1703341393472
3005 1703341393512
3006 1703341393551
3007 1703341393591
3008 1703341393632
3009 1703341393676
3010 1703341393716
3011 1703341393755
3012 1703341393795
3013 1703341393838
3014 1703341393877
3015 1703341393915
3016 1703341393955
3017 1703341393997
3018 1703341394038
3019 1703341394076
3020 1703341394115
3021 1703341394156
3022 1703341394196
3023 1703341394240
3024 1703341394280
3025 1703341394318
3026 1703341394358
3027 1703341394402
3028 1703341394443
3029 1703341394480
3030 1703341394520
3031 1703341394560
3032 1703341394601
3033 1703341394641
3034 1703341394681
3035 1703341394720
3036 1703341394761
3037 1703341394805
3038 1703341394845
3039 1703341394885
3040 1703341394925
3041 1703341394965
3042 1703341395005
3043 1703341395045
3044 1703341395083
3045 1703341395123
3046 1703341395165
3047 1703341395205
3048 1703341395246
3049 1703341395284
3050 1703341395324
3051 1703341395369
3052 1703341395410
3053 1703341395450
3054 1703341395488
3055 1703341395528
3056 1703341395568
3057 1703341395608
3058 1703341395649
3059 1703341395690
3060 1703341395731
3061 1703341395769
3062 1703341395809
3063 1703341395849
3064 1703341395893
3065 1703341395933
3066 1703341395973
3067 1703341396012
3068 1703341396052
3069 1703341396092
3070 1703341396132
3071 1703341396174
3072 1703341396214
3073 1703341396252
3074 1703341396291
3075 1703341396331
3076 1703341396372
3077 1703341396412
3078 1703341396456
3079 1703341396496
3080 1703341396536
3081 1703341396575
3082 1703341396616
3083 1703341396657
3084 1703341396697
3085 1703341396736
3086 1703341396776
3087 1703341396817
3088 1703341396856
3089 1703341396897
3090 1703341396936
3091 1703341396977
3092 1703341397020
3093 1703341397060
3094 1703341397100
3095 1703341397140
3096 1703341397180
3097 1703341397219
3098 1703341397259
3099 1703341397300
3100 1703341397340
3101 1703341397380
3102 1703341397420
3103 1703341397459
3104 1703341397499
3105 1703341397539
3106 1703341397584
3107 1703341397625
3108 1703341397663
3109 1703341397704
3110 1703341397744
3111 1703341397784
3112 1703341397825
3113 1703341397863
3114 1703341397905
3115 1703341397945
3116 1703341397983
3117 1703341398024
3118 1703341398063
3119 1703341398105
3120 1703341398148
3121 1703341398188
3122 1703341398227
3123 1703341398267
3124 1703341398309
3125 1703341398348
3126 1703341398388
3127 1703341398428
3128 1703341398467
3129 1703341398507
3130 1703341398548
3131 1703341398589
3132 1703341398629
3133 1703341398672
3134 1703341398711
3135 1703341398751
3136 1703341398792
3137 1703341398833
3138 1703341398873
3139 1703341398912
3140 1703341398952
3141 1703341398991
3142 1703341399033
3143 1703341399073
3144 1703341399113
3145 1703341399152
3146 1703341399191
3147 1703341399236
3148 1703341399276
3149 1703341399316
3150 1703341399356
3151 1703341399397
3152 1703341399437
3153 1703341399475
3154 1703341399515
3155 1703341399557
3156 1703341399598
3157 1703341399636
3158 1703341399675
3159 1703341399715
3160 1703341399755
3161 1703341399801
3162 1703341399841
3163 1703341399879
3164 1703341399919
3165 1703341399960
3166 1703341400000
3167 1703341400040
3168 1703341400079
3169 1703341400120
3170 1703341400160
3171 1703341400200
3172 1703341400240
3173 1703341400280
3174 1703341400321
3175 1703341400364
3176 1703341400404
3177 1703341400445
3178 1703341400484
3179 1703341400524
3180 1703341400564
3181 1703341400604
3182 1703341400644
3183 1703341400684
3184 1703341400723
3185 1703341400763
3186 1703341400803
3187 1703341400846
3188 1703341400885
3189 1703341400928
3190 1703341400968
3191 1703341401008
3192 1703341401048
3193 1703341401089
3194 1703341401129
3195 1703341401169
3196 1703341401209
3197 1703341401249
3198 1703341401289
3199 1703341401329
3200 1703341401369
3201 1703341401409
3202 1703341401453
3203 1703341401493
3204 1703341401533
3205 1703341401573
3206 1703341401613
3207 1703341401653
3208 1703341401693
3209 1703341401733
3210 1703341401773
3211 1703341401813
3212 1703341401853
3213 1703341401893
3214 1703341401933
3215 1703341401973
3216 1703341402017
3217 1703341402057
3218 1703341402097
3219 1703341402137
3220 1703341402178
3221 1703341402217
3222 1703341402257
3223 1703341402297
3224 1703341402337
3225 1703341402377
3226 1703341402417
3227 1703341402458
3228 1703341402497
3229 1703341402537
3230 1703341402581
3231 1703341402621
3232 1703341402661
3233 1703341402701
3234 1703341402741
3235 1703341402781
3236 1703341402821
3237 1703341402861
3238 1703341402900
3239 1703341402940
3240 1703341402980
3241 1703341403020
3242 1703341403060
3243 1703341403100
3244 1703341403144
3245 1703341403184
3246 1703341403224
3247 1703341403265
3248 1703341403305
3249 1703341403344
3250 1703341403384
3251 1703341403424
3252 1703341403465
3253 1703341403505
3254 1703341403545
3255 1703341403585
3256 1703341403625
3257 1703341403664
3258 1703341403709
3259 1703341403749
3260 1703341403789
3261 1703341403829
3262 1703341403868
3263 1703341403908
3264 1703341403949
3265 1703341403988
3266 1703341404028
3267 1703341404068
3268 1703341404108
3269 1703341404148
3270 1703341404189
3271 1703341404233
3272 1703341404273
3273 1703341404313
3274 1703341404351
3275 1703341404393
3276 1703341404433
3277 1703341404472
3278 1703341404511
3279 1703341404553
3280 1703341404594
3281 1703341404633
3282 1703341404673
3283 1703341404714
3284 1703341404753
3285 1703341404797
3286 1703341404836
3287 1703341404875
3288 1703341404915
3289 1703341404955
3290 1703341404996
3291 1703341405038
3292 1703341405077
3293 1703341405117
3294 1703341405156
3295 1703341405195
3296 1703341405235
3297 1703341405275
3298 1703341405316
3299 1703341405362
3300 1703341405402
3301 1703341405441
3302 1703341405480
3303 1703341405519
3304 1703341405561
3305 1703341405600
3306 1703341405641
3307 1703341405680
3308 1703341405720
3309 1703341405761
3310 1703341405801
3311 1703341405839
3312 1703341405879
3313 1703341405924
3314 1703341405964
3315 1703341406003
3316 1703341406044
3317 1703341406084
3318 1703341406124
3319 1703341406164
3320 1703341406203
3321 1703341406244
3322 1703341406284
3323 1703341406324
3324 1703341406362
3325 1703341406404
3326 1703341406445
3327 1703341406489
3328 1703341406529
3329 1703341406569
3330 1703341406609
3331 1703341406649
3332 1703341406688
3333 1703341406729
3334 1703341406768
3335 1703341406808
3336 1703341406849
3337 1703341406890
3338 1703341406929
3339 1703341406969
3340 1703341407013
3341 1703341407053
3342 1703341407093
3343 1703341407131
3344 1703341407172
3345 1703341407213
3346 1703341407252
3347 1703341407293
3348 1703341407332
3349 1703341407373
3350 1703341407413
3351 1703341407452
3352 1703341407492
3353 1703341407532
3354 1703341407577
3355 1703341407617
3356 1703341407657
3357 1703341407698
3358 1703341407736
3359 1703341407776
3360 1703341407817
3361 1703341407857
3362 1703341407897
3363 1703341407936
3364 1703341407976
3365 1703341408017
3366 1703341408057
3367 1703341408096
3368 1703341408141
3369 1703341408180
3370 1703341408221
3371 1703341408260
3372 1703341408300
3373 1703341408341
3374 1703341408380
3375 1703341408421
3376 1703341408461
3377 1703341408500
3378 1703341408541
3379 1703341408580
3380 1703341408620
3381 1703341408661
3382 1703341408705
3383 1703341408744
3384 1703341408784
3385 1703341408825
3386 1703341408865
3387 1703341408904
3388 1703341408945
3389 1703341408984
3390 1703341409024
3391 1703341409064
3392 1703341409105
3393 1703341409144
3394 1703341409185
3395 1703341409224
3396 1703341409268
3397 1703341409309
3398 1703341409349
3399 1703341409389
3400 1703341409428
3401 1703341409468
3402 1703341409508
3403 1703341409547
3404 1703341409587
3405 1703341409629
3406 1703341409670
3407 1703341409707
3408 1703341409748
3409 1703341409792
3410 1703341409832
3411 1703341409872
3412 1703341409912
3413 1703341409952
3414 1703341409992
3415 1703341410032
3416 1703341410072
3417 1703341410112
3418 1703341410152
3419 1703341410192
3420 1703341410232
3421 1703341410272
3422 1703341410312
3423 1703341410356
3424 1703341410397
3425 1703341410437
3426 1703341410476
3427 1703341410516
3428 1703341410556
3429 1703341410597
3430 1703341410637
3431 1703341410676
3432 1703341410716
3433 1703341410756
3434 1703341410796
3435 1703341410836
3436 1703341410877
3437 1703341410920
3438 1703341410960
3439 1703341411000
3440 1703341411040
3441 1703341411080
3442 1703341411120
3443 1703341411160
3444 1703341411200
3445 1703341411240
3446 1703341411279
3447 1703341411320
3448 1703341411360
3449 1703341411401
3450 1703341411440
3451 1703341411483
3452 1703341411523
3453 1703341411565
3454 1703341411604
3455 1703341411643
3456 1703341411684
3457 1703341411725
3458 1703341411763
3459 1703341411803
3460 1703341411845
3461 1703341411884
3462 1703341411923
3463 1703341411963
3464 1703341412006
3465 1703341412048
3466 1703341412088
3467 1703341412127
3468 1703341412168
3469 1703341412208
3470 1703341412248
3471 1703341412288
3472 1703341412328
3473 1703341412368
3474 1703341412407
3475 1703341412448
3476 1703341412488
3477 1703341412528
3478 1703341412572
3479 1703341412611
3480 1703341412652
3481 1703341412692
3482 1703341412731
3483 1703341412771
3484 1703341412813
3485 1703341412852
3486 1703341412891
3487 1703341412932
3488 1703341412971
3489 1703341413011
3490 1703341413051
3491 1703341413091
3492 1703341413135
3493 1703341413176
3494 1703341413215
3495 1703341413255
3496 1703341413296
3497 1703341413336
3498 1703341413375
3499 1703341413415
3500 1703341413455
3501 1703341413496
3502 1703341413535
3503 1703341413575
3504 1703341413615
3505 1703341413656
3506 1703341413700
3507 1703341413739
3508 1703341413779
3509 1703341413820
3510 1703341413861
3511 1703341413900
3512 1703341413939
3513 1703341413979
3514 1703341414020
3515 1703341414059
3516 1703341414099
3517 1703341414140
3518 1703341414180
3519 1703341414219
3520 1703341414263
3521 1703341414303
3522 1703341414343
3523 1703341414383
3524 1703341414423
3525 1703341414463
3526 1703341414503
3527 1703341414543
3528 1703341414584
3529 1703341414624
3530 1703341414663
3531 1703341414703
3532 1703341414743
3533 1703341414784
3534 1703341414827
3535 1703341414867
3536 1703341414907
3537 1703341414948
3538 1703341414987
3539 1703341415027
3540 1703341415068
3541 1703341415108
3542 1703341415147
3543 1703341415187
3544 1703341415227
3545 1703341415268
3546 1703341415308
3547 1703341415351
3548 1703341415391
3549 1703341415432
3550 1703341415472
3551 1703341415511
3552 1703341415551
3553 1703341415591
3554 1703341415631
3555 1703341415672
3556 1703341415711
3557 1703341415751
3558 1703341415791
3559 1703341415832
3560 1703341415872
3561 1703341415915
3562 1703341415955
3563 1703341415995
3564 1703341416035
3565 1703341416075
3566 1703341416115
3567 1703341416155
3568 1703341416195
3569 1703341416235
3570 1703341416275
3571 1703341416315
3572 1703341416355
3573 1703341416395
3574 1703341416435
3575 1703341416479
3576 1703341416519
3577 1703341416559
3578 1703341416599
3579 1703341416639
3580 1703341416679
3581 1703341416719
3582 1703341416759
3583 1703341416799
3584 1703341416839
3585 1703341416879
3586 1703341416919
3587 1703341416959
3588 1703341416999
3589 1703341417043
3590 1703341417083
3591 1703341417123
3592 1703341417163
3593 1703341417203
3594 1703341417243
3595 1703341417283
3596 1703341417323
3597 1703341417363
3598 1703341417403
3599 1703341417443
3600 1703341417483
3601 1703341417523
3602 1703341417563
3603 1703341417607
3604 1703341417647
3605 1703341417687
3606 1703341417727
3607 1703341417767
3608 1703341417807
3609 1703341417847
3610 1703341417887
3611 1703341417927
3612 1703341417967
3613 1703341418007
3614 1703341418047
3615 1703341418087
3616 1703341418131
3617 1703341418171
3618 1703341418211
3619 1703341418251
3620 1703341418291
3621 1703341418331
3622 1703341418371
3623 1703341418411
3624 1703341418451
3625 1703341418491
3626 1703341418533
3627 1703341418573
3628 1703341418611
3629 1703341418652
3630 1703341418697
3631 1703341418737
3632 1703341418775
3633 1703341418816
3634 1703341418856
3635 1703341418896
3636 1703341418937
3637 1703341418976
3638 1703341419016
3639 1703341419057
3640 1703341419097
3641 1703341419137
3642 1703341419176
3643 1703341419216
3644 1703341419260
3645 1703341419301
3646 1703341419341
3647 1703341419380
3648 1703341419420
3649 1703341419460
3650 1703341419499
3651 1703341419540
3652 1703341419580
3653 1703341419620
3654 1703341419660
3655 1703341419700
3656 1703341419740
3657 1703341419780
3658 1703341419824
3659 1703341419864
3660 1703341419904
3661 1703341419944
3662 1703341419984
3663 1703341420024
3664 1703341420064
3665 1703341420104
3666 1703341420144
3667 1703341420184
3668 1703341420224
3669 1703341420263
3670 1703341420305
3671 1703341420344
3672 1703341420388
3673 1703341420428
3674 1703341420468
3675 1703341420509
3676 1703341420547
3677 1703341420587
3678 1703341420628
3679 1703341420668
3680 1703341420708
3681 1703341420748
3682 1703341420788
3683 1703341420829
3684 1703341420868
3685 1703341420912
3686 1703341420952
3687 1703341420993
3688 1703341421033
3689 1703341421071
3690 1703341421112
3691 1703341421152
3692 1703341421193
3693 1703341421233
3694 1703341421273
3695 1703341421313
3696 1703341421353
3697 1703341421393
3698 1703341421433
3699 1703341421477
3700 1703341421516
3701 1703341421557
3702 1703341421596
3703 1703341421636
3704 1703341421677
3705 1703341421717
3706 1703341421756
3707 1703341421797
3708 1703341421836
3709 1703341421876
3710 1703341421916
3711 1703341421957
3712 1703341421996
3713 1703341422040
3714 1703341422081
3715 1703341422121
3716 1703341422162
3717 1703341422202
3718 1703341422240
3719 1703341422280
3720 1703341422321
3721 1703341422360
3722 1703341422400
3723 1703341422441
3724 1703341422480
3725 1703341422520
3726 1703341422560
3727 1703341422605
3728 1703341422645
3729 1703341422684
3730 1703341422723
3731 1703341422766
3732 1703341422805
3733 1703341422845
3734 1703341422885
3735 1703341422926
3736 1703341422966
3737 1703341423004
3738 1703341423044
3739 1703341423084
3740 1703341423125
3741 1703341423170
3742 1703341423208
3743 1703341423248
3744 1703341423288
3745 1703341423328
3746 1703341423368
3747 1703341423408
3748 1703341423449
3749 1703341423488
3750 1703341423528
3751 1703341423568
3752 1703341423608
3753 1703341423649
3754 1703341423693
3755 1703341423732
3756 1703341423772
3757 1703341423812
3758 1703341423852
3759 1703341423892
3760 1703341423932
3761 1703341423973
3762 1703341424012
3763 1703341424052
3764 1703341424092
3765 1703341424133
3766 1703341424174
3767 1703341424213
3768 1703341424258
3769 1703341424296
3770 1703341424336
3771 1703341424376
3772 1703341424417
3773 1703341424457
3774 1703341424496
3775 1703341424536
3776 1703341424576
3777 1703341424616
3778 1703341424656
3779 1703341424696
3780 1703341424736
3781 1703341424776
3782 1703341424821
3783 1703341424862
3784 1703341424902
3785 1703341424940
3786 1703341424980
3787 1703341425021
3788 1703341425060
3789 1703341425101
3790 1703341425141
3791 1703341425182
3792 1703341425221
3793 1703341425262
3794 1703341425302
3795 1703341425341
3796 1703341425385
3797 1703341425426
3798 1703341425463
3799 1703341425503
3800 1703341425544
3801 1703341425585
3802 1703341425624
3803 1703341425665
3804 1703341425704
3805 1703341425744
3806 1703341425784
3807 1703341425824
3808 1703341425864
3809 1703341425904
3810 1703341425948
3811 1703341425988
3812 1703341426030
3813 1703341426070
3814 1703341426107
3815 1703341426148
3816 1703341426188
3817 1703341426228
3818 1703341426268
3819 1703341426308
3820 1703341426348
3821 1703341426388
3822 1703341426428
3823 1703341426472
3824 1703341426512
3825 1703341426553
3826 1703341426593
3827 1703341426633
3828 1703341426673
3829 1703341426713
3830 1703341426753
3831 1703341426792
3832 1703341426833
3833 1703341426873
3834 1703341426913
3835 1703341426951
3836 1703341426992
3837 1703341427038
3838 1703341427078
3839 1703341427118
3840 1703341427156
3841 1703341427196
3842 1703341427237
3843 1703341427276
3844 1703341427317
3845 1703341427357
3846 1703341427397
3847 1703341427437
3848 1703341427477
3849 1703341427517
3850 1703341427557
3851 1703341427599
3852 1703341427640
3853 1703341427681
3854 1703341427722
3855 1703341427760
3856 1703341427800
3857 1703341427841
3858 1703341427881
3859 1703341427921
3860 1703341427960
3861 1703341428001
3862 1703341428041
3863 1703341428081
3864 1703341428121
3865 1703341428165
3866 1703341428205
3867 1703341428245
3868 1703341428285
3869 1703341428325
3870 1703341428365
3871 1703341428405
3872 1703341428445
3873 1703341428485
3874 1703341428525
3875 1703341428563
3876 1703341428604
3877 1703341428644
3878 1703341428684
3879 1703341428728
3880 1703341428768
3881 1703341428808
3882 1703341428849
3883 1703341428889
3884 1703341428928
3885 1703341428968
3886 1703341429008
3887 1703341429048
3888 1703341429089
3889 1703341429128
3890 1703341429168
3891 1703341429208
3892 1703341429254
3893 1703341429292
3894 1703341429331
3895 1703341429373
3896 1703341429414
3897 1703341429452
3898 1703341429492
3899 1703341429533
3900 1703341429573
3901 1703341429613
3902 1703341429653
3903 1703341429693
3904 1703341429733
3905 1703341429773
3906 1703341429817
3907 1703341429857
3908 1703341429897
3909 1703341429937
3910 1703341429977
3911 1703341430017
3912 1703341430057
3913 1703341430097
3914 1703341430137
3915 1703341430175
3916 1703341430216
3917 1703341430256
3918 1703341430296
3919 1703341430336
3920 1703341430381
3921 1703341430420
3922 1703341430459
3923 1703341430500
3924 1703341430542
3925 1703341430582
3926 1703341430622
3927 1703341430660
3928 1703341430700
3929 1703341430740
3930 1703341430781
3931 1703341430821
3932 1703341430861
3933 1703341430901
3934 1703341430945
3935 1703341430984
3936 1703341431024
3937 1703341431066
3938 1703341431106
3939 1703341431144
3940 1703341431184
3941 1703341431225
3942 1703341431265
3943 1703341431305
3944 1703341431345
3945 1703341431385
3946 1703341431425
3947 1703341431465
3948 1703341431509
3949 1703341431549
3950 1703341431589
3951 1703341431629
3952 1703341431668
3953 1703341431709
3954 1703341431748
3955 1703341431789
3956 1703341431830
3957 1703341431869
3958 1703341431909
3959 1703341431950
3960 1703341431988
3961 1703341432033
3962 1703341432074
3963 1703341432114
3964 1703341432153
3965 1703341432194
3966 1703341432233
3967 1703341432274
3968 1703341432314
3969 1703341432355
3970 1703341432393
3971 1703341432432
3972 1703341432472
3973 1703341432512
3974 1703341432552
3975 1703341432596
3976 1703341432637
3977 1703341432678
3978 1703341432717
3979 1703341432757
3980 1703341432797
3981 1703341432837
3982 1703341432877
3983 1703341432917
3984 1703341432957
3985 1703341432997
3986 1703341433037
3987 1703341433077
3988 1703341433117
3989 1703341433161
3990 1703341433202
3991 1703341433241
3992 1703341433281
3993 1703341433321
3994 1703341433361
3995 1703341433402
3996 1703341433442
3997 1703341433481
3998 1703341433521
3999 1703341433561
4000 1703341433601
4001 1703341433641
4002 1703341433682
4003 1703341433725
4004 1703341433765
4005 1703341433806
4006 1703341433846
4007 1703341433885
4008 1703341433925
4009 1703341433966
4010 1703341434005
4011 1703341434045
4012 1703341434085
4013 1703341434126
4014 1703341434165
4015 1703341434205
4016 1703341434245
4017 1703341434290
4018 1703341434329
4019 1703341434369
4020 1703341434409
4021 1703341434450
4022 1703341434489
4023 1703341434529
4024 1703341434569
4025 1703341434609
4026 1703341434649
4027 1703341434689
4028 1703341434729
4029 1703341434769
4030 1703341434814
4031 1703341434853
4032 1703341434893
4033 1703341434933
4034 1703341434973
4035 1703341435013
4036 1703341435053
4037 1703341435094
4038 1703341435134
4039 1703341435174
4040 1703341435214
4041 1703341435254
4042 1703341435294
4043 1703341435333
4044 1703341435376
4045 1703341435415
4046 1703341435456
4047 1703341435496
4048 1703341435536
4049 1703341435577
4050 1703341435617
4051 1703341435658
4052 1703341435698
4053 1703341435737
4054 1703341435777
4055 1703341435817
4056 1703341435858
4057 1703341435897
4058 1703341435941
4059 1703341435981
4060 1703341436021
4061 1703341436061
4062 1703341436101
4063 1703341436142
4064 1703341436181
4065 1703341436221
4066 1703341436261
4067 1703341436301
4068 1703341436341
4069 1703341436381
4070 1703341436421
4071 1703341436462
4072 1703341436505
4073 1703341436545
4074 1703341436585
4075 1703341436625
4076 1703341436665
4077 1703341436704
4078 1703341436744
4079 1703341436784
4080 1703341436824
4081 1703341436864
4082 1703341436905
4083 1703341436945
4084 1703341436985
4085 1703341437024
4086 1703341437069
4087 1703341437109
4088 1703341437150
4089 1703341437189
4090 1703341437230
4091 1703341437268
4092 1703341437308
4093 1703341437348
4094 1703341437388
4095 1703341437429
4096 1703341437468
4097 1703341437508
4098 1703341437548
4099 1703341437592
4100 1703341437633
4101 1703341437672
4102 1703341437712
4103 1703341437752
4104 1703341437792
4105 1703341437833
4106 1703341437873
4107 1703341437913
4108 1703341437952
4109 1703341437992
4110 1703341438033
4111 1703341438073
4112 1703341438113
4113 1703341438157
4114 1703341438198
4115 1703341438236
4116 1703341438276
4117 1703341438316
4118 1703341438356
4119 1703341438396
4120 1703341438436
4121 1703341438476
4122 1703341438516
4123 1703341438557
4124 1703341438598
4125 1703341438636
4126 1703341438676
4127 1703341438721
4128 1703341438760
4129 1703341438802
4130 1703341438840
4131 1703341438880
4132 1703341438921
4133 1703341438960
4134 1703341439000
4135 1703341439040
4136 1703341439080
4137 1703341439120
4138 1703341439161
4139 1703341439202
4140 1703341439239
4141 1703341439284
4142 1703341439326
4143 1703341439364
4144 1703341439404
4145 1703341439445
4146 1703341439484
4147 1703341439525
4148 1703341439564
4149 1703341439604
4150 1703341439645
4151 1703341439685
4152 1703341439725
4153 1703341439763
4154 1703341439804
4155 1703341439849
4156 1703341439890
4157 1703341439929
4158 1703341439968
4159 1703341440008
4160 1703341440048
4161 1703341440088
4162 1703341440130
4163 1703341440170
4164 1703341440211
4165 1703341440249
4166 1703341440290
4167 1703341440330
4168 1703341440374
4169 1703341440414
4170 1703341440454
4171 1703341440494
4172 1703341440534
4173 1703341440572
4174 1703341440612
4175 1703341440654
4176 1703341440695
4177 1703341440732
4178 1703341440772
4179 1703341440814
4180 1703341440854
4181 1703341440892
4182 1703341440936
4183 1703341440976
4184 1703341441016
4185 1703341441056
4186 1703341441096
4187 1703341441138
4188 1703341441178
4189 1703341441216
4190 1703341441256
4191 1703341441298
4192 1703341441338
4193 1703341441378
4194 1703341441416
4195 1703341441456
4196 1703341441500
4197 1703341441541
4198 1703341441581
4199 1703341441621
4200 1703341441661
4201 1703341441701
4202 1703341441740
4203 1703341441781
4204 1703341441821
4205 1703341441861
4206 1703341441900
4207 1703341441941
4208 1703341441980
4209 1703341442020
4210 1703341442066
4211 1703341442106
4212 1703341442146
4213 1703341442185
4214 1703341442224
4215 1703341442264
4216 1703341442305
4217 1703341442345
4218 1703341442384
4219 1703341442425
4220 1703341442465
4221 1703341442504
4222 1703341442545
4223 1703341442585
4224 1703341442628
4225 1703341442668
4226 1703341442708
4227 1703341442748
4228 1703341442788
4229 1703341442828
4230 1703341442868
4231 1703341442910
4232 1703341442949
4233 1703341442988
4234 1703341443028
4235 1703341443070
4236 1703341443110
4237 1703341443151
4238 1703341443192
4239 1703341443232
4240 1703341443272
4241 1703341443314
4242 1703341443354
4243 1703341443394
4244 1703341443434
4245 1703341443472
4246 1703341443512
4247 1703341443553
4248 1703341443592
4249 1703341443633
4250 1703341443673
4251 1703341443718
4252 1703341443757
4253 1703341443798
4254 1703341443837
4255 1703341443877
4256 1703341443918
4257 1703341443957
4258 1703341443997
4259 1703341444038
4260 1703341444077
4261 1703341444117
4262 1703341444157
4263 1703341444198
4264 1703341444237
4265 1703341444281
4266 1703341444321
4267 1703341444362
4268 1703341444402
4269 1703341444441
4270 1703341444481
4271 1703341444521
4272 1703341444562
4273 1703341444601
4274 1703341444641
4275 1703341444682
4276 1703341444721
4277 1703341444761
4278 1703341444801
4279 1703341444846
4280 1703341444885
4281 1703341444925
4282 1703341444965
4283 1703341445005
4284 1703341445045
4285 1703341445085
4286 1703341445125
4287 1703341445166
4288 1703341445206
4289 1703341445245
4290 1703341445285
4291 1703341445326
4292 1703341445366
4293 1703341445409
4294 1703341445448
4295 1703341445490
4296 1703341445530
4297 1703341445570
4298 1703341445610
4299 1703341445648
4300 1703341445689
4301 1703341445729
4302 1703341445769
4303 1703341445809
4304 1703341445849
4305 1703341445889
4306 1703341445933
4307 1703341445973
4308 1703341446013
4309 1703341446053
4310 1703341446093
4311 1703341446133
4312 1703341446173
4313 1703341446213
4314 1703341446253
4315 1703341446293
4316 1703341446333
4317 1703341446373
4318 1703341446413
4319 1703341446453
4320 1703341446497
4321 1703341446537
4322 1703341446578
4323 1703341446617
4324 1703341446657
4325 1703341446697
4326 1703341446737
4327 1703341446777
4328 1703341446818
4329 1703341446857
4330 1703341446897
4331 1703341446937
4332 1703341446977
4333 1703341447017
4334 1703341447061
4335 1703341447101
4336 1703341447141
4337 1703341447182
4338 1703341447221
4339 1703341447261
4340 1703341447301
4341 1703341447341
4342 1703341447381
4343 1703341447421
4344 1703341447462
4345 1703341447501
4346 1703341447541
4347 1703341447581
4348 1703341447625
4349 1703341447665
4350 1703341447705
4351 1703341447745
4352 1703341447785
4353 1703341447825
4354 1703341447865
4355 1703341447905
4356 1703341447945
4357 1703341447985
4358 1703341448025
4359 1703341448065
4360 1703341448105
4361 1703341448145
4362 1703341448189
4363 1703341448229
4364 1703341448269
4365 1703341448310
4366 1703341448349
4367 1703341448389
4368 1703341448427
4369 1703341448467
4370 1703341448507
4371 1703341448547
4372 1703341448587
4373 1703341448627
4374 1703341448667
4375 1703341448711
4376 1703341448751
4377 1703341448791
4378 1703341448831
4379 1703341448871
4380 1703341448911
4381 1703341448951
4382 1703341448991
4383 1703341449031
4384 1703341449071
4385 1703341449111
4386 1703341449151
4387 1703341449191
4388 1703341449231
4389 1703341449275
4390 1703341449315
4391 1703341449355
4392 1703341449395
4393 1703341449435
4394 1703341449475
4395 1703341449515
4396 1703341449555
4397 1703341449595
4398 1703341449635
4399 1703341449675
4400 1703341449715
4401 1703341449755
4402 1703341449795
4403 1703341449839
4404 1703341449879
4405 1703341449919
4406 1703341449959
4407 1703341449999
4408 1703341450039
4409 1703341450079
4410 1703341450119
4411 1703341450159
4412 1703341450200
4413 1703341450239
4414 1703341450279
4415 1703341450319
4416 1703341450359
4417 1703341450403
4418 1703341450443
4419 1703341450483
4420 1703341450523
4421 1703341450563
4422 1703341450603
4423 1703341450643
4424 1703341450683
4425 1703341450723
4426 1703341450763
4427 1703341450803
4428 1703341450843
4429 1703341450883
4430 1703341450923
4431 1703341450967
4432 1703341451007
4433 1703341451047
4434 1703341451087
4435 1703341451128
4436 1703341451169
4437 1703341451209
4438 1703341451248
4439 1703341451288
4440 1703341451328
4441 1703341451369
4442 1703341451408
4443 1703341451448
4444 1703341451493
4445 1703341451533
4446 1703341451572
4447 1703341451612
4448 1703341451653
4449 1703341451693
4450 1703341451732
4451 1703341451772
4452 1703341451813
4453 1703341451853
4454 1703341451892
4455 1703341451932
4456 1703341451972
4457 1703341452012
4458 1703341452056
4459 1703341452097
4460 1703341452137
4461 1703341452177
4462 1703341452217
4463 1703341452256
4464 1703341452297
4465 1703341452338
4466 1703341452377
4467 1703341452416
4468 1703341452456
4469 1703341452496
4470 1703341452536
4471 1703341452576
4472 1703341452622
4473 1703341452661
4474 1703341452702
4475 1703341452740
4476 1703341452780
4477 1703341452821
4478 1703341452861
4479 1703341452901
4480 1703341452941
4481 1703341452980
4482 1703341453021
4483 1703341453060
4484 1703341453101
4485 1703341453140
4486 1703341453185
4487 1703341453225
4488 1703341453264
4489 1703341453305
4490 1703341453346
4491 1703341453384
4492 1703341453424
4493 1703341453465
4494 1703341453504
4495 1703341453545
4496 1703341453584
4497 1703341453625
4498 1703341453664
4499 1703341453704
4500 1703341453748
4501 1703341453789
4502 1703341453829
4503 1703341453868
4504 1703341453909
4505 1703341453950
4506 1703341453987
4507 1703341454028
4508 1703341454070
4509 1703341454109
4510 1703341454150
4511 1703341454189
4512 1703341454229
4513 1703341454274
4514 1703341454313
4515 1703341454353
4516 1703341454393
4517 1703341454434
4518 1703341454473
4519 1703341454513
4520 1703341454553
4521 1703341454594
4522 1703341454634
4523 1703341454673
4524 1703341454714
4525 1703341454753
4526 1703341454794
4527 1703341454838
4528 1703341454878
4529 1703341454917
4530 1703341454955
4531 1703341454995
4532 1703341455035
4533 1703341455075
4534 1703341455115
4535 1703341455157
4536 1703341455195
4537 1703341455235
4538 1703341455275
4539 1703341455316
4540 1703341455357
4541 1703341455402
4542 1703341455440
4543 1703341455479
4544 1703341455519
4545 1703341455561
4546 1703341455602
4547 1703341455639
4548 1703341455679
4549 1703341455720
4550 1703341455760
4551 1703341455801
4552 1703341455840
4553 1703341455880
4554 1703341455921
4555 1703341455965
4556 1703341456004
4557 1703341456044
4558 1703341456086
4559 1703341456124
4560 1703341456164
4561 1703341456204
4562 1703341456244
4563 1703341456285
4564 1703341456324
4565 1703341456364
4566 1703341456405
4567 1703341456445
4568 1703341456485
4569 1703341456528
4570 1703341456569
4571 1703341456608
4572 1703341456648
4573 1703341456688
4574 1703341456729
4575 1703341456769
4576 1703341456809
4577 1703341456847
4578 1703341456888
4579 1703341456930
4580 1703341456969
4581 1703341457008
4582 1703341457053
4583 1703341457094
4584 1703341457134
4585 1703341457172
4586 1703341457212
4587 1703341457253
4588 1703341457293
4589 1703341457332
4590 1703341457372
4591 1703341457413
4592 1703341457453
4593 1703341457492
4594 1703341457533
4595 1703341457573
4596 1703341457616
4597 1703341457657
4598 1703341457698
4599 1703341457736
4600 1703341457776
4601 1703341457818
4602 1703341457857
4603 1703341457898
4604 1703341457937
4605 1703341457977
4606 1703341458017
4607 1703341458057
4608 1703341458098
4609 1703341458136
4610 1703341458180
4611 1703341458221
4612 1703341458260
4613 1703341458300
4614 1703341458342
4615 1703341458381
4616 1703341458420
4617 1703341458461
4618 1703341458500
4619 1703341458540
4620 1703341458581
4621 1703341458620
4622 1703341458661
4623 1703341458701
4624 1703341458745
4625 1703341458785
4626 1703341458825
4627 1703341458865
4628 1703341458905
4629 1703341458945
4630 1703341458984
4631 1703341459025
4632 1703341459066
4633 1703341459105
4634 1703341459145
4635 1703341459184
4636 1703341459224
4637 1703341459265
4638 1703341459308
4639 1703341459349
4640 1703341459389
4641 1703341459427
4642 1703341459470
4643 1703341459510
4644 1703341459550
4645 1703341459590
4646 1703341459630
4647 1703341459670
4648 1703341459711
4649 1703341459748
4650 1703341459789
4651 1703341459833
4652 1703341459872
4653 1703341459912
4654 1703341459953
4655 1703341459993
4656 1703341460032
4657 1703341460073
4658 1703341460113
4659 1703341460153
4660 1703341460193
4661 1703341460232
4662 1703341460273
4663 1703341460313
4664 1703341460353
4665 1703341460397
4666 1703341460437
4667 1703341460477
4668 1703341460516
4669 1703341460557
4670 1703341460597
4671 1703341460637
4672 1703341460677
4673 1703341460717
4674 1703341460757
4675 1703341460797
4676 1703341460837
4677 1703341460877
4678 1703341460918
4679 1703341460961
4680 1703341461000
4681 1703341461041
4682 1703341461080
4683 1703341461121
4684 1703341461161
4685 1703341461201
4686 1703341461240
4687 1703341461281
4688 1703341461321
4689 1703341461360
4690 1703341461401
4691 1703341461440
4692 1703341461480
4693 1703341461524
4694 1703341461565
4695 1703341461605
4696 1703341461645
4697 1703341461685
4698 1703341461724
4699 1703341461764
4700 1703341461805
4701 1703341461844
4702 1703341461884
4703 1703341461925
4704 1703341461965
4705 1703341462005
4706 1703341462045
4707 1703341462090
4708 1703341462130
4709 1703341462170
4710 1703341462210
4711 1703341462250
4712 1703341462289
4713 1703341462328
4714 1703341462368
4715 1703341462409
4716 1703341462450
4717 1703341462489
4718 1703341462529
4719 1703341462569
4720 1703341462613
4721 1703341462654
4722 1703341462693
4723 1703341462733
4724 1703341462773
4725 1703341462813
4726 1703341462853
4727 1703341462894
4728 1703341462933
4729 1703341462973
4730 1703341463013
4731 1703341463054
4732 1703341463094
4733 1703341463133
4734 1703341463177
4735 1703341463218
4736 1703341463258
4737 1703341463298
4738 1703341463337
4739 1703341463378
4740 1703341463417
4741 1703341463458
4742 1703341463497
4743 1703341463538
4744 1703341463578
4745 1703341463617
4746 1703341463657
4747 1703341463698
4748 1703341463741
4749 1703341463781
4750 1703341463821
4751 1703341463862
4752 1703341463902
4753 1703341463941
4754 1703341463980
4755 1703341464020
4756 1703341464062
4757 1703341464103
4758 1703341464140
4759 1703341464180
4760 1703341464220
4761 1703341464261
4762 1703341464306
4763 1703341464345
4764 1703341464386
4765 1703341464425
4766 1703341464465
4767 1703341464505
4768 1703341464545
4769 1703341464586
4770 1703341464626
4771 1703341464666
4772 1703341464706
4773 1703341464745
4774 1703341464785
4775 1703341464826
4776 1703341464869
4777 1703341464910
4778 1703341464950
4779 1703341464989
4780 1703341465029
4781 1703341465069
4782 1703341465109
4783 1703341465150
4784 1703341465189
4785 1703341465229
4786 1703341465269
4787 1703341465309
4788 1703341465349
4789 1703341465393
4790 1703341465433
4791 1703341465473
4792 1703341465514
4793 1703341465554
4794 1703341465592
4795 1703341465632
4796 1703341465675
4797 1703341465715
4798 1703341465756
4799 1703341465794
4800 1703341465834
4801 1703341465874
4802 1703341465914
4803 1703341465958
4804 1703341465998
4805 1703341466038
4806 1703341466078
4807 1703341466118
4808 1703341466158
4809 1703341466199
4810 1703341466238
4811 1703341466276
4812 1703341466316
4813 1703341466356
4814 1703341466396
4815 1703341466436
4816 1703341466476
4817 1703341466522
4818 1703341466562
4819 1703341466602
4820 1703341466641
4821 1703341466681
4822 1703341466722
4823 1703341466761
4824 1703341466801
4825 1703341466841
4826 1703341466881
4827 1703341466921
4828 1703341466961
4829 1703341467001
4830 1703341467041
4831 1703341467085
4832 1703341467125
4833 1703341467165
4834 1703341467205
4835 1703341467245
4836 1703341467285
4837 1703341467325
4838 1703341467365
4839 1703341467405
4840 1703341467445
4841 1703341467485
4842 1703341467525
4843 1703341467565
4844 1703341467605
4845 1703341467649
4846 1703341467689
4847 1703341467729
4848 1703341467769
4849 1703341467809
4850 1703341467849
4851 1703341467889
4852 1703341467930
4853 1703341467969
4854 1703341468009
4855 1703341468049
4856 1703341468089
4857 1703341468129
4858 1703341468173
4859 1703341468213
4860 1703341468252
4861 1703341468292
4862 1703341468332
4863 1703341468372
4864 1703341468412
4865 1703341468453
4866 1703341468493
4867 1703341468532
4868 1703341468572
4869 1703341468612
4870 1703341468653
4871 1703341468695
4872 1703341468735
4873 1703341468775
4874 1703341468818
4875 1703341468856
4876 1703341468898
4877 1703341468937
4878 1703341468978
4879 1703341469019
4880 1703341469058
4881 1703341469096
4882 1703341469138
4883 1703341469177
4884 1703341469216
4885 1703341469256
4886 1703341469300
4887 1703341469341
4888 1703341469381
4889 1703341469421
4890 1703341469461
4891 1703341469500
4892 1703341469542
4893 1703341469583
4894 1703341469622
4895 1703341469660
4896 1703341469701
4897 1703341469740
4898 1703341469780
4899 1703341469823
4900 1703341469866
4901 1703341469904
4902 1703341469944
4903 1703341469984
4904 1703341470026
4905 1703341470067
4906 1703341470107
4907 1703341470144
4908 1703341470184
4909 1703341470224
4910 1703341470265
