1 1703948181567 3 101 5.020187 3 102 5.207858
2 1703948182028 3 101 5.048338 3 102 5.226625
3 1703948182274 1 101 5.198474 1 102 5.029571
4 1703948182521 2 101 5.038954 2 102 5.085872
5 1703948182767 3 101 5.029571 3 102 5.226625
6 1703948183011 1 101 5.184399 1 102 5.015495
7 1703948183255 2 101 5.038954 2 102 5.062413
8 1703948183500 3 101 5.034263 3 102 5.221933
9 1703948183744 1 101 5.165632 1 102 5.024879
10 1703948183995 2 101 5.053030 2 102 5.067105
11 1703948184239 3 101 5.010804 3 102 5.217241
12 1703948184482 1 101 5.175015 1 102 5.048338
13 1703948184731 2 101 5.029571 2 102 5.099947
14 1703948184977 3 101 4.996728 3 102 5.236008
15 1703948185230 1 101 5.203166 1 102 4.992037
16 1703948185476 2 101 5.034263 2 102 5.071796
17 1703948185721 3 101 5.029571 3 102 5.226625
18 1703948185968 1 101 5.179707 1 102 5.038954
19 1703948186215 2 101 5.067105 2 102 5.095255
20 1703948186460 3 101 5.062413 3 102 5.207858
21 1703948186707 1 101 5.193782 1 102 5.062413
22 1703948187976 2 101 5.038954 2 102 5.099947
23 1703948188219 3 101 5.010804 3 102 5.221933
24 1703948188467 1 101 5.179707 1 102 5.038954
25 1703948188716 2 101 5.024879 2 102 5.099947
26 1703948188965 3 101 5.029571 3 102 5.198474
27 1703948189211 1 101 5.179707 1 102 5.043646
28 1703948189454 2 101 5.024879 2 102 5.085872
29 1703948189698 3 101 5.038954 3 102 5.189091
30 1703948189945 1 101 5.184399 1 102 5.048338
31 1703948190192 2 101 5.029571 2 102 5.085872
32 1703948190448 3 101 5.010804 3 102 5.198474
33 1703948190697 1 101 5.198474 1 102 5.024879
34 1703948190944 2 101 5.048338 2 102 5.109331
35 1703948191191 3 101 5.029571 3 102 5.198474
36 1703948191437 1 101 5.207858 1 102 5.034263
37 1703948191683 2 101 5.038954 2 102 5.076488
38 1703948191928 3 101 5.053030 3 102 5.179707
39 1703948192175 1 101 5.193782 1 102 5.048338
40 1703948192423 2 101 5.062413 2 102 5.076488
41 1703948192669 3 101 5.034263 3 102 5.231317
42 1703948192914 1 101 5.156249 1 102 5.048338
43 1703948193162 2 101 5.024879 2 102 5.062413
44 1703948193411 3 101 5.034263 3 102 5.198474
45 1703948193658 1 101 5.175015 1 102 5.038954
46 1703948193904 2 101 5.048338 2 102 5.067105
47 1703948194150 3 101 5.015495 3 102 5.193782
48 1703948194398 1 101 5.198474 1 102 5.053030
49 1703948194643 2 101 5.048338 2 102 5.095255
50 1703948194888 3 101 5.006112 3 102 5.203166
51 1703948195133 1 101 5.217241 1 102 5.029571
52 1703948195381 2 101 5.048338 2 102 5.081180
53 1703948195628 3 101 5.006112 3 102 5.198474
54 1703948195877 1 101 5.156249 1 102 5.034263
55 1703948196121 2 101 5.043646 2 102 5.067105
56 1703948196367 3 101 5.020187 3 102 5.217241
57 1703948196617 1 101 5.170324 1 102 5.020187
58 1703948196869 2 101 5.043646 2 102 5.057721
59 1703948197117 3 101 5.034263 3 102 5.207858
60 1703948197367 1 101 5.189091 1 102 5.034263
61 1703948197613 2 101 5.043646 2 102 5.104639
62 1703948197860 3 101 5.071796 3 102 5.231317
63 1703948198107 1 101 5.170324 1 102 5.024879
64 1703948198353 2 101 5.034263 2 102 5.090564
65 1703948198601 3 101 5.048338 3 102 5.231317
66 1703948198849 1 101 5.179707 1 102 5.057721
67 1703948199097 2 101 5.043646 2 102 5.081180
68 1703948199345 3 101 5.015495 3 102 5.203166
69 1703948199593 1 101 5.142173 1 102 5.024879
70 1703948199842 2 101 5.053030 2 102 5.109331
71 1703948200089 3 101 5.020187 3 102 5.254776
72 1703948200338 1 101 5.203166 1 102 5.010804
73 1703948200584 2 101 5.043646 2 102 5.067105
74 1703948200832 3 101 5.043646 3 102 5.212550
75 1703948201079 1 101 5.175015 1 102 5.024879
76 1703948201329 2 101 5.024879 2 102 5.062413
77 1703948201574 3 101 5.038954 3 102 5.193782
78 1703948201822 1 101 5.160940 1 102 5.034263
79 1703948202066 2 101 5.034263 2 102 5.076488
80 1703948202312 3 101 5.029571 3 102 5.203166
81 1703948202555 1 101 5.184399 1 102 5.034263
82 1703948202804 2 101 5.034263 2 102 5.104639
83 1703948203051 3 101 5.029571 3 102 5.217241
84 1703948203293 1 101 5.189091 1 102 5.015495
85 1703948203540 2 101 5.048338 2 102 5.062413
86 1703948203785 3 101 5.029571 3 102 5.198474
87 1703948204032 1 101 5.151556 1 102 5.057721
88 1703948204275 2 101 5.048338 2 102 5.118714
89 1703948204517 3 101 5.038954 3 102 5.207858
90 1703948204760 1 101 5.207858 1 102 5.024879
91 1703948205003 2 101 5.034263 2 102 5.114023
92 1703948205250 3 101 5.024879 3 102 5.217241
93 1703948205493 1 101 5.184399 1 102 5.034263
94 1703948205745 2 101 5.043646 2 102 5.081180
95 1703948205991 3 101 5.034263 3 102 5.221933
96 1703948206235 1 101 5.179707 1 102 5.029571
97 1703948206478 2 101 5.015495 2 102 5.071796
98 1703948206724 3 101 5.038954 3 102 5.221933
99 1703948206968 1 101 5.179707 1 102 5.043646
100 1703948207211 2 101 5.043646 2 102 5.085872
101 1703948207460 3 101 5.024879 3 102 5.217241
102 1703948207707 1 101 5.160940 1 102 5.038954
103 1703948207957 2 101 5.053030 2 102 5.067105
104 1703948208204 3 101 4.992037 3 102 5.212550
105 1703948208450 1 101 5.203166 1 102 5.038954
106 1703948208695 2 101 5.010804 2 102 5.104639
107 1703948208942 3 101 5.034263 3 102 5.189091
108 1703948209189 1 101 5.137481 1 102 5.034263
109 1703948209439 2 101 5.034263 2 102 5.095255
110 1703948209685 3 101 5.029571 3 102 5.221933
111 1703948209932 1 101 5.184399 1 102 5.043646
112 1703948210877 2 101 5.038954 2 102 5.095255
113 1703948211125 3 101 5.029571 3 102 5.212550
114 1703948211370 1 101 5.146865 1 102 5.038954
115 1703948211616 2 101 5.034263 2 102 5.104639
116 1703948211864 3 101 5.006112 3 102 5.193782
117 1703948212109 1 101 5.175015 1 102 5.029571
118 1703948212354 2 101 5.034263 2 102 5.081180
119 1703948212604 3 101 5.038954 3 102 5.193782
120 1703948212852 1 101 5.193782 1 102 5.029571
121 1703948213098 2 101 5.024879 2 102 5.099947
122 1703948213343 3 101 5.029571 3 102 5.207858
123 1703948213591 1 101 5.156249 1 102 5.034263
124 1703948213837 2 101 5.067105 2 102 5.104639
125 1703948214081 3 101 5.038954 3 102 5.189091
126 1703948214331 1 101 5.170324 1 102 5.067105
127 1703948214583 2 101 5.043646 2 102 5.081180
128 1703948214833 3 101 5.010804 3 102 5.212550
129 1703948215081 1 101 5.179707 1 102 5.024879
130 1703948215325 2 101 5.038954 2 102 5.057721
131 1703948215572 3 101 5.034263 3 102 5.245392
132 1703948215820 1 101 5.170324 1 102 5.024879
133 1703948216069 2 101 5.062413 2 102 5.081180
134 1703948216317 3 101 5.029571 3 102 5.184399
135 1703948216569 1 101 5.193782 1 102 5.029571
136 1703948216817 2 101 5.038954 2 102 5.090564
137 1703948217065 3 101 5.034263 3 102 5.207858
138 1703948217313 1 101 5.151556 1 102 5.048338
139 1703948217559 2 101 5.043646 2 102 5.095255
140 1703948218914 3 101 5.001420 3 102 5.207858
141 1703948219159 1 101 5.137481 1 102 5.043646
142 1703948219407 2 101 5.034263 2 102 5.071796
143 1703948219653 3 101 5.057721 3 102 5.226625
144 1703948219907 1 101 5.170324 1 102 5.053030
145 1703948220153 2 101 5.038954 2 102 5.081180
146 1703948220400 3 101 5.048338 3 102 5.193782
147 1703948220649 1 101 5.165632 1 102 5.048338
148 1703948220897 2 101 5.020187 2 102 5.104639
149 1703948221144 3 101 5.020187 3 102 5.221933
150 1703948221391 1 101 5.165632 1 102 5.038954
151 1703948221633 2 101 5.053030 2 102 5.081180
152 1703948221875 3 101 5.034263 3 102 5.203166
153 1703948222123 1 101 5.189091 1 102 5.034263
154 1703948222365 2 101 5.024879 2 102 5.104639
155 1703948222612 3 101 5.048338 3 102 5.189091
156 1703948223880 1 101 5.184399 1 102 5.048338
157 1703948224130 2 101 5.038954 2 102 5.109331
158 1703948224380 3 101 5.024879 3 102 5.193782
159 1703948224625 1 101 5.189091 1 102 5.034263
160 1703948224869 2 101 5.034263 2 102 5.090564
161 1703948225114 3 101 5.015495 3 102 5.203166
162 1703948225359 1 101 5.203166 1 102 5.034263
163 1703948226714 2 101 5.053030 2 102 5.104639
164 1703948226961 3 101 5.034263 3 102 5.217241
165 1703948227208 1 101 5.198474 1 102 5.038954
166 1703948227451 2 101 5.081180 2 102 5.057721
167 1703948227699 3 101 5.015495 3 102 5.184399
168 1703948227944 1 101 5.151556 1 102 5.038954
169 1703948228190 2 101 5.038954 2 102 5.062413
170 1703948228437 3 101 5.024879 3 102 5.221933
171 1703948228683 1 101 5.184399 1 102 5.043646
172 1703948228928 2 101 5.029571 2 102 5.076488
173 1703948229172 3 101 5.006112 3 102 5.198474
174 1703948229423 1 101 5.198474 1 102 5.034263
175 1703948229673 2 101 5.034263 2 102 5.095255
176 1703948229920 3 101 5.010804 3 102 5.193782
177 1703948230181 1 101 5.179707 1 102 5.024879
178 1703948230426 2 101 5.024879 2 102 5.109331
179 1703948230674 3 101 5.034263 3 102 5.198474
180 1703948230920 1 101 5.151556 1 102 5.048338
181 1703948231169 2 101 5.043646 2 102 5.099947
182 1703948231412 3 101 5.029571 3 102 5.217241
183 1703948231659 1 101 5.179707 1 102 5.034263
184 1703948231910 2 101 5.043646 2 102 5.076488
185 1703948232163 3 101 5.029571 3 102 5.207858
186 1703948232413 1 101 5.184399 1 102 5.024879
187 1703948232659 2 101 5.038954 2 102 5.085872
188 1703948232910 3 101 5.043646 3 102 5.203166
189 1703948233158 1 101 5.160940 1 102 5.043646
190 1703948233407 2 101 5.053030 2 102 5.090564
191 1703948233654 3 101 5.057721 3 102 5.198474
192 1703948233902 1 101 5.160940 1 102 5.034263
193 1703948234150 2 101 5.038954 2 102 5.104639
194 1703948234399 3 101 5.001420 3 102 5.193782
195 1703948235213 1 101 5.170324 1 102 5.029571
196 1703948235460 2 101 5.038954 2 102 5.076488
197 1703948235704 3 101 5.029571 3 102 5.221933
198 1703948235947 1 101 5.175015 1 102 5.020187
199 1703948236193 2 101 5.001420 2 102 5.081180
200 1703948236441 3 101 5.020187 3 102 5.240700
201 1703948236685 1 101 5.123406 1 102 5.029571
202 1703948236931 2 101 5.043646 2 102 5.062413
203 1703948237175 3 101 5.043646 3 102 5.231317
204 1703948237417 1 101 5.179707 1 102 5.048338
205 1703948237660 2 101 5.015495 2 102 5.085872
206 1703948237916 3 101 5.029571 3 102 5.207858
207 1703948238164 1 101 5.198474 1 102 5.057721
208 1703948238411 2 101 5.034263 2 102 5.081180
209 1703948238655 3 101 5.038954 3 102 5.193782
210 1703948238906 1 101 5.189091 1 102 5.038954
211 1703948239156 2 101 5.015495 2 102 5.090564
212 1703948239402 3 101 5.020187 3 102 5.207858
213 1703948239648 1 101 5.184399 1 102 5.034263
214 1703948239897 2 101 5.043646 2 102 5.085872
215 1703948240149 3 101 5.043646 3 102 5.226625
216 1703948240394 1 101 5.175015 1 102 5.057721
217 1703948240640 2 101 5.053030 2 102 5.099947
218 1703948240886 3 101 5.029571 3 102 5.217241
219 1703948241131 1 101 5.175015 1 102 5.043646
220 1703948241379 2 101 5.034263 2 102 5.081180
221 1703948241625 3 101 5.038954 3 102 5.203166
222 1703948241870 1 101 5.203166 1 102 5.015495
223 1703948242114 2 101 5.038954 2 102 5.076488
224 1703948242359 3 101 5.038954 3 102 5.221933
225 1703948242606 1 101 5.170324 1 102 5.048338
226 1703948242853 2 101 5.048338 2 102 5.081180
227 1703948243102 3 101 5.062413 3 102 5.198474
228 1703948243347 1 101 5.189091 1 102 5.029571
229 1703948244701 2 101 5.048338 2 102 5.085872
230 1703948244945 3 101 5.057721 3 102 5.207858
231 1703948245190 1 101 5.193782 1 102 5.038954
232 1703948245437 2 101 5.048338 2 102 5.071796
233 1703948245685 3 101 5.034263 3 102 5.221933
234 1703948245938 1 101 5.207858 1 102 5.020187
235 1703948246185 2 101 4.996728 2 102 5.076488
236 1703948246433 3 101 5.034263 3 102 5.189091
237 1703948246684 1 101 5.146865 1 102 5.034263
238 1703948246940 2 101 5.043646 2 102 5.095255
239 1703948247195 3 101 5.029571 3 102 5.221933
240 1703948247443 1 101 5.160940 1 102 5.024879
241 1703948247693 2 101 5.038954 2 102 5.109331
242 1703948247947 3 101 5.043646 3 102 5.203166
243 1703948248192 1 101 5.165632 1 102 5.038954
244 1703948248440 2 101 5.057721 2 102 5.062413
245 1703948248688 3 101 5.048338 3 102 5.175015
246 1703948248935 1 101 5.160940 1 102 5.048338
247 1703948249183 2 101 5.048338 2 102 5.076488
248 1703948249431 3 101 5.029571 3 102 5.221933
249 1703948249678 1 101 5.156249 1 102 5.020187
250 1703948249922 2 101 5.024879 2 102 5.081180
251 1703948250177 3 101 5.048338 3 102 5.221933
252 1703948250422 1 101 5.179707 1 102 5.048338
253 1703948250666 2 101 5.010804 2 102 5.090564
254 1703948250916 3 101 5.038954 3 102 5.236008
255 1703948251161 1 101 5.151556 1 102 5.057721
256 1703948251406 2 101 5.038954 2 102 5.085872
257 1703948251654 3 101 5.048338 3 102 5.189091
258 1703948251899 1 101 5.175015 1 102 5.057721
259 1703948252146 2 101 5.038954 2 102 5.085872
260 1703948252394 3 101 5.043646 3 102 5.193782
261 1703948252642 1 101 5.170324 1 102 5.034263
262 1703948252887 2 101 5.024879 2 102 5.071796
263 1703948253135 3 101 5.029571 3 102 5.207858
264 1703948253383 1 101 5.170324 1 102 5.029571
265 1703948253636 2 101 5.034263 2 102 5.090564
266 1703948253890 3 101 5.034263 3 102 5.203166
267 1703948254135 1 101 5.184399 1 102 5.038954
268 1703948254386 2 101 5.053030 2 102 5.081180
269 1703948254636 3 101 5.062413 3 102 5.212550
270 1703948254893 1 101 5.198474 1 102 5.029571
271 1703948255141 2 101 5.043646 2 102 5.071796
272 1703948255388 3 101 5.048338 3 102 5.226625
273 1703948255632 1 101 5.193782 1 102 5.024879
274 1703948255875 2 101 5.029571 2 102 5.109331
275 1703948256120 3 101 5.034263 3 102 5.217241
276 1703948256368 1 101 5.146865 1 102 5.034263
277 1703948256611 2 101 5.024879 2 102 5.076488
278 1703948256857 3 101 5.043646 3 102 5.189091