1 1703948183130
2 1703948183216
3 1703948183243
4 1703948183274
5 1703948183303
6 1703948183337
7 1703948183372
8 1703948183403
9 1703948183435
10 1703948183467
11 1703948183502
12 1703948183535
13 1703948183571
14 1703948183603
15 1703948183635
16 1703948183674
17 1703948183705
18 1703948183741
19 1703948183774
20 1703948183805
21 1703948183842
22 1703948183874
23 1703948183934
24 1703948183999
25 1703948184047
26 1703948184086
27 1703948184126
28 1703948184168
29 1703948184199
30 1703948184234
31 1703948184271
32 1703948184302
33 1703948184333
34 1703948184370
35 1703948184402
36 1703948184437
37 1703948184470
38 1703948184503
39 1703948184538
40 1703948184570
41 1703948184607
42 1703948184638
43 1703948184666
44 1703948184702
45 1703948184734
46 1703948184771
47 1703948184804
48 1703948184836
49 1703948184874
50 1703948184904
51 1703948184939
52 1703948184971
53 1703948185002
54 1703948185038
55 1703948185070
56 1703948185106
57 1703948185138
58 1703948185170
59 1703948185207
60 1703948185239
61 1703948185274
62 1703948185306
63 1703948185338
64 1703948185374
65 1703948185407
66 1703948185443
67 1703948185475
68 1703948185506
69 1703948185542
70 1703948185574
71 1703948185610
72 1703948185642
73 1703948185674
74 1703948185710
75 1703948185742
76 1703948185778
77 1703948185811
78 1703948185843
79 1703948185879
80 1703948185910
81 1703948185947
82 1703948185979
83 1703948186010
84 1703948186046
85 1703948186078
86 1703948186115
87 1703948186147
88 1703948186179
89 1703948186215
90 1703948186248
91 1703948186283
92 1703948186314
93 1703948186346
94 1703948186383
95 1703948186415
96 1703948186451
97 1703948186483
98 1703948186515
99 1703948186551
100 1703948186583
101 1703948186619
102 1703948186651
103 1703948186683
104 1703948186719
105 1703948186752
106 1703948186787
107 1703948186819
108 1703948186851
109 1703948186887
110 1703948186919
111 1703948186955
112 1703948186986
113 1703948187018
114 1703948187057
115 1703948187087
116 1703948187122
117 1703948187155
118 1703948187186
119 1703948187223
120 1703948187255
121 1703948187291
122 1703948187323
123 1703948187355
124 1703948187391
125 1703948187424
126 1703948187460
127 1703948187492
128 1703948187523
129 1703948187564
130 1703948187604
131 1703948187647
132 1703948187687
133 1703948187727
134 1703948187768
135 1703948187807
136 1703948187847
137 1703948187887
138 1703948187928
139 1703948187967
140 1703948188008
141 1703948188047
142 1703948188087
143 1703948188128
144 1703948188167
145 1703948188213
146 1703948188252
147 1703948188291
148 1703948188331
149 1703948188371
150 1703948188411
151 1703948188451
152 1703948188492
153 1703948188531
154 1703948188571
155 1703948188611
156 1703948188651
157 1703948188692
158 1703948188731
159 1703948188775
160 1703948188816
161 1703948188856
162 1703948188896
163 1703948188936
164 1703948188975
165 1703948189015
166 1703948189056
167 1703948189096
168 1703948189136
169 1703948189176
170 1703948189230
171 1703948189256
172 1703948189299
173 1703948189338
174 1703948189378
175 1703948189418
176 1703948189459
177 1703948189499
178 1703948189541
179 1703948189582
180 1703948189622
181 1703948189662
182 1703948189699
183 1703948189738
184 1703948189779
185 1703948189821
186 1703948189865
187 1703948189905
188 1703948189946
189 1703948189983
190 1703948190024
191 1703948190064
192 1703948190103
193 1703948190144
194 1703948190185
195 1703948190225
196 1703948190265
197 1703948190304
198 1703948190345
199 1703948190384
200 1703948190428
201 1703948190468
202 1703948190508
203 1703948190549
204 1703948190588
205 1703948190628
206 1703948190669
207 1703948190708
208 1703948190747
209 1703948190787
210 1703948190828
211 1703948190868
212 1703948190908
213 1703948190948
214 1703948190992
215 1703948191031
216 1703948191070
217 1703948191111
218 1703948191152
219 1703948191193
220 1703948191231
221 1703948191271
222 1703948191312
223 1703948191351
224 1703948191392
225 1703948191432
226 1703948191472
227 1703948191511
228 1703948191555
229 1703948191595
230 1703948191638
231 1703948191675
232 1703948191715
233 1703948191756
234 1703948191797
235 1703948191837
236 1703948191875
237 1703948191915
238 1703948191955
239 1703948191995
240 1703948192035
241 1703948192082
242 1703948192120
243 1703948192159
244 1703948192199
245 1703948192239
246 1703948192281
247 1703948192320
248 1703948192359
249 1703948192399
250 1703948192439
251 1703948192479
252 1703948192519
253 1703948192562
254 1703948192600
255 1703948192644
256 1703948192683
257 1703948192723
258 1703948192763
259 1703948192803
260 1703948192843
261 1703948192884
262 1703948192924
263 1703948192963
264 1703948193003
265 1703948193043
266 1703948193084
267 1703948193125
268 1703948193163
269 1703948193207
270 1703948193247
271 1703948193288
272 1703948193329
273 1703948193368
274 1703948193409
275 1703948193448
276 1703948193488
277 1703948193529
278 1703948193568
279 1703948193608
280 1703948193648
281 1703948193688
282 1703948193728
283 1703948193772
284 1703948193812
285 1703948193852
286 1703948193892
287 1703948193933
288 1703948193972
289 1703948194012
290 1703948194052
291 1703948194092
292 1703948194132
293 1703948194172
294 1703948194212
295 1703948194252
296 1703948194292
297 1703948194335
298 1703948194375
299 1703948194416
300 1703948194456
301 1703948194496
302 1703948194534
303 1703948194574
304 1703948194614
305 1703948194654
306 1703948194694
307 1703948194734
308 1703948194774
309 1703948194814
310 1703948194858
311 1703948194898
312 1703948194939
313 1703948194978
314 1703948195018
315 1703948195058
316 1703948195098
317 1703948195138
318 1703948195178
319 1703948195218
320 1703948195258
321 1703948195298
322 1703948195338
323 1703948195378
324 1703948195422
325 1703948195462
326 1703948195502
327 1703948195542
328 1703948195582
329 1703948195622
330 1703948195662
331 1703948195702
332 1703948195742
333 1703948195782
334 1703948195822
335 1703948195862
336 1703948195902
337 1703948195942
338 1703948195986
339 1703948196026
340 1703948196066
341 1703948196106
342 1703948196146
343 1703948196186
344 1703948196226
345 1703948196266
346 1703948196306
347 1703948196346
348 1703948196386
349 1703948196426
350 1703948196466
351 1703948196506
352 1703948196550
353 1703948196590
354 1703948196630
355 1703948196670
356 1703948196710
357 1703948196750
358 1703948196790
359 1703948196830
360 1703948196870
361 1703948196910
362 1703948196950
363 1703948196990
364 1703948197030
365 1703948197070
366 1703948197114
367 1703948197154
368 1703948197196
369 1703948197237
370 1703948197276
371 1703948197315
372 1703948197355
373 1703948197396
374 1703948197435
375 1703948197475
376 1703948197516
377 1703948197557
378 1703948197595
379 1703948197640
380 1703948197680
381 1703948197720
382 1703948197760
383 1703948197800
384 1703948197840
385 1703948197880
386 1703948197920
387 1703948197960
388 1703948198000
389 1703948198040
390 1703948198080
391 1703948198120
392 1703948198160
393 1703948198203
394 1703948198244
395 1703948198284
396 1703948198324
397 1703948198364
398 1703948198404
399 1703948198444
400 1703948198484
401 1703948198524
402 1703948198564
403 1703948198603
404 1703948198644
405 1703948198683
406 1703948198724
407 1703948198768
408 1703948198809
409 1703948198849
410 1703948198887
411 1703948198927
412 1703948198969
413 1703948199009
414 1703948199048
415 1703948199087
416 1703948199128
417 1703948199168
418 1703948199207
419 1703948199248
420 1703948199288
421 1703948199332
422 1703948199373
423 1703948199412
424 1703948199452
425 1703948199493
426 1703948199533
427 1703948199571
428 1703948199611
429 1703948199651
430 1703948199692
431 1703948199732
432 1703948199772
433 1703948199811
434 1703948199852
435 1703948199896
436 1703948199936
437 1703948199976
438 1703948200016
439 1703948200056
440 1703948200095
441 1703948200135
442 1703948200175
443 1703948200215
444 1703948200256
445 1703948200297
446 1703948200336
447 1703948200376
448 1703948200420
449 1703948200461
450 1703948200501
451 1703948200539
452 1703948200579
453 1703948200619
454 1703948200660
455 1703948200699
456 1703948200741
457 1703948200781
458 1703948200820
459 1703948200860
460 1703948200899
461 1703948200940
462 1703948200984
463 1703948201024
464 1703948201063
465 1703948201103
466 1703948201143
467 1703948201183
468 1703948201222
469 1703948201263
470 1703948201304
471 1703948201344
472 1703948201384
473 1703948201425
474 1703948201464
475 1703948201503
476 1703948201551
477 1703948201587
478 1703948201627
479 1703948201667
480 1703948201709
481 1703948201749
482 1703948201789
483 1703948201828
484 1703948201867
485 1703948201908
486 1703948201949
487 1703948201988
488 1703948202030
489 1703948202069
490 1703948202114
491 1703948202152
492 1703948202192
493 1703948202232
494 1703948202272
495 1703948202312
496 1703948202352
497 1703948202392
498 1703948202432
499 1703948202472
500 1703948202513
501 1703948202552
502 1703948202592
503 1703948202631
504 1703948202676
505 1703948202717
506 1703948202757
507 1703948202795
508 1703948202835
509 1703948202876
510 1703948202916
511 1703948202957
512 1703948202996
513 1703948203035
514 1703948203076
515 1703948203116
516 1703948203156
517 1703948203199
518 1703948203240
519 1703948203280
520 1703948203319
521 1703948203359
522 1703948203399
523 1703948203440
524 1703948203480
525 1703948203520
526 1703948203559
527 1703948203599
528 1703948203640
529 1703948203680
530 1703948203721
531 1703948203764
532 1703948203804
533 1703948203844
534 1703948203884
535 1703948203924
536 1703948203965
537 1703948204004
538 1703948204045
539 1703948204084
540 1703948204124
541 1703948204165
542 1703948204204
543 1703948204243
544 1703948204283
545 1703948204328
546 1703948204370
547 1703948204409
548 1703948204447
549 1703948204488
550 1703948204529
551 1703948204569
552 1703948204608
553 1703948204647
554 1703948204689
555 1703948204729
556 1703948204769
557 1703948204808
558 1703948204847
559 1703948204893
560 1703948204932
561 1703948204971
562 1703948205012
563 1703948205052
564 1703948205092
565 1703948205132
566 1703948205172
567 1703948205212
568 1703948205252
569 1703948205292
570 1703948205332
571 1703948205371
572 1703948205410
573 1703948205455
574 1703948205495
575 1703948205536
576 1703948205576
577 1703948205616
578 1703948205656
579 1703948205697
580 1703948205737
581 1703948205776
582 1703948205816
583 1703948205856
584 1703948205896
585 1703948205936
586 1703948205981
587 1703948206021
588 1703948206061
589 1703948206100
590 1703948206141
591 1703948206181
592 1703948206221
593 1703948206261
594 1703948206301
595 1703948206341
596 1703948206381
597 1703948206421
598 1703948206461
599 1703948206501
600 1703948206544
601 1703948206585
602 1703948206625
603 1703948206665
604 1703948206705
605 1703948206745
606 1703948206784
607 1703948206825
608 1703948206865
609 1703948206905
610 1703948206945
611 1703948206985
612 1703948207024
613 1703948207065
614 1703948207109
615 1703948207149
616 1703948207189
617 1703948207229
618 1703948207268
619 1703948207309
620 1703948207349
621 1703948207389
622 1703948207429
623 1703948207468
624 1703948207509
625 1703948207549
626 1703948207588
627 1703948207629
628 1703948207673
629 1703948207712
630 1703948207753
631 1703948207793
632 1703948207833
633 1703948207872
634 1703948207913
635 1703948207953
636 1703948207993
637 1703948208033
638 1703948208072
639 1703948208113
640 1703948208153
641 1703948208193
642 1703948208237
643 1703948208277
644 1703948208316
645 1703948208357
646 1703948208397
647 1703948208437
648 1703948208477
649 1703948208516
650 1703948208557
651 1703948208597
652 1703948208637
653 1703948208677
654 1703948208717
655 1703948208761
656 1703948208800
657 1703948208841
658 1703948208881
659 1703948208921
660 1703948208961
661 1703948209000
662 1703948209041
663 1703948209081
664 1703948209121
665 1703948209161
666 1703948209201
667 1703948209241
668 1703948209281
669 1703948209325
670 1703948209365
671 1703948209405
672 1703948209445
673 1703948209484
674 1703948209525
675 1703948209566
676 1703948209606
677 1703948209646
678 1703948209684
679 1703948209724
680 1703948209764
681 1703948209804
682 1703948209845
683 1703948209890
684 1703948209930
685 1703948209969
686 1703948210008
687 1703948210048
688 1703948210089
689 1703948210129
690 1703948210168
691 1703948210207
692 1703948210248
693 1703948210288
694 1703948210329
695 1703948210368
696 1703948210409
697 1703948210452
698 1703948210493
699 1703948210534
700 1703948210572
701 1703948210612
702 1703948210653
703 1703948210693
704 1703948210732
705 1703948210772
706 1703948210812
707 1703948210853
708 1703948210893
709 1703948210932
710 1703948210972
711 1703948211017
712 1703948211057
713 1703948211096
714 1703948211136
715 1703948211176
716 1703948211216
717 1703948211256
718 1703948211296
719 1703948211337
720 1703948211377
721 1703948211415
722 1703948211456
723 1703948211498
724 1703948211538
725 1703948211582
726 1703948211621
727 1703948211660
728 1703948211700
729 1703948211741
730 1703948211780
731 1703948211820
732 1703948211860
733 1703948211901
734 1703948211940
735 1703948211981
736 1703948212020
737 1703948212061
738 1703948212104
739 1703948212144
740 1703948212184
741 1703948212224
742 1703948212264
743 1703948212305
744 1703948212345
745 1703948212385
746 1703948212425
747 1703948212465
748 1703948212505
749 1703948212545
750 1703948212585
751 1703948212625
752 1703948212669
753 1703948212709
754 1703948212749
755 1703948212789
756 1703948212829
757 1703948212869
758 1703948212909
759 1703948212949
760 1703948212989
761 1703948213029
762 1703948213069
763 1703948213110
764 1703948213149
765 1703948213189
766 1703948213233
767 1703948213273
768 1703948213313
769 1703948213352
770 1703948213392
771 1703948213432
772 1703948213472
773 1703948213512
774 1703948213552
775 1703948213594
776 1703948213634
777 1703948213672
778 1703948213712
779 1703948213752
780 1703948213796
781 1703948213837
782 1703948213877
783 1703948213916
784 1703948213956
785 1703948213997
786 1703948214037
787 1703948214077
788 1703948214117
789 1703948214157
790 1703948214196
791 1703948214236
792 1703948214276
793 1703948214320
794 1703948214360
795 1703948214400
796 1703948214441
797 1703948214481
798 1703948214519
799 1703948214561
800 1703948214602
801 1703948214640
802 1703948214679
803 1703948214720
804 1703948214761
805 1703948214800
806 1703948214840
807 1703948214884
808 1703948214924
809 1703948214964
810 1703948215004
811 1703948215045
812 1703948215084
813 1703948215124
814 1703948215164
815 1703948215204
816 1703948215245
817 1703948215286
818 1703948215325
819 1703948215363
820 1703948215404
821 1703948215449
822 1703948215489
823 1703948215529
824 1703948215569
825 1703948215608
826 1703948215649
827 1703948215689
828 1703948215728
829 1703948215768
830 1703948215808
831 1703948215848
832 1703948215888
833 1703948215929
834 1703948215969
835 1703948216012
836 1703948216054
837 1703948216094
838 1703948216135
839 1703948216172
840 1703948216212
841 1703948216252
842 1703948216292
843 1703948216332
844 1703948216372
845 1703948216414
846 1703948216454
847 1703948216492
848 1703948216532
849 1703948216578
850 1703948216619
851 1703948216656
852 1703948216696
853 1703948216737
854 1703948216777
855 1703948216815
856 1703948216855
857 1703948216896
858 1703948216937
859 1703948216977
860 1703948217016
861 1703948217057
862 1703948217100
863 1703948217140
864 1703948217180
865 1703948217221
866 1703948217261
867 1703948217301
868 1703948217341
869 1703948217381
870 1703948217421
871 1703948217461
872 1703948217501
873 1703948217541
874 1703948217581
875 1703948217621
876 1703948217665
877 1703948217705
878 1703948217745
879 1703948217785
880 1703948217825
881 1703948217865
882 1703948217905
883 1703948217946
884 1703948217985
885 1703948218025
886 1703948218065
887 1703948218105
888 1703948218145
889 1703948218185
890 1703948218229
891 1703948218269
892 1703948218309
893 1703948218349
894 1703948218389
895 1703948218429
896 1703948218469
897 1703948218509
898 1703948218549
899 1703948218589
900 1703948218629
901 1703948218669
902 1703948218709
903 1703948218749
904 1703948218793
905 1703948218833
906 1703948218873
907 1703948218913
908 1703948218953
909 1703948218992
910 1703948219032
911 1703948219073
912 1703948219114
913 1703948219154
914 1703948219194
915 1703948219234
916 1703948219274
917 1703948219314
918 1703948219358
919 1703948219398
920 1703948219438
921 1703948219478
922 1703948219518
923 1703948219558
924 1703948219598
925 1703948219638
926 1703948219678
927 1703948219718
928 1703948219758
929 1703948219798
930 1703948219838
931 1703948219880
932 1703948219920
933 1703948219960
934 1703948220000
935 1703948220041
936 1703948220080
937 1703948220121
938 1703948220162
939 1703948220201
940 1703948220241
941 1703948220281
942 1703948220322
943 1703948220361
944 1703948220402
945 1703948220446
946 1703948220485
947 1703948220525
948 1703948220565
949 1703948220605
950 1703948220646
951 1703948220685
952 1703948220725
953 1703948220765
954 1703948220805
955 1703948220845
956 1703948220885
957 1703948220926
958 1703948220965
959 1703948221009
960 1703948221049
961 1703948221090
962 1703948221130
963 1703948221169
964 1703948221209
965 1703948221249
966 1703948221290
967 1703948221330
968 1703948221369
969 1703948221409
970 1703948221449
971 1703948221490
972 1703948221530
973 1703948221574
974 1703948221614
975 1703948221653
976 1703948221693
977 1703948221733
978 1703948221773
979 1703948221814
980 1703948221853
981 1703948221894
982 1703948221933
983 1703948221973
984 1703948222013
985 1703948222054
986 1703948222094
987 1703948222137
988 1703948222178
989 1703948222217
990 1703948222258
991 1703948222298
992 1703948222337
993 1703948222378
994 1703948222417
995 1703948222458
996 1703948222498
997 1703948222537
998 1703948222578
999 1703948222618
1000 1703948222657
1001 1703948222702
1002 1703948222742
1003 1703948222781
1004 1703948222821
1005 1703948222862
1006 1703948222902
1007 1703948222941
1008 1703948222981
1009 1703948223021
1010 1703948223061
1011 1703948223101
1012 1703948223140
1013 1703948223181
1014 1703948223224
1015 1703948223265
1016 1703948223305
1017 1703948223345
1018 1703948223385
1019 1703948223425
1020 1703948223465
1021 1703948223505
1022 1703948223545
1023 1703948223585
1024 1703948223625
1025 1703948223665
1026 1703948223705
1027 1703948223745
1028 1703948223790
1029 1703948223831
1030 1703948223870
1031 1703948223911
1032 1703948223950
1033 1703948223990
1034 1703948224030
1035 1703948224070
1036 1703948224110
1037 1703948224150
1038 1703948224190
1039 1703948224230
1040 1703948224270
1041 1703948224310
1042 1703948224354
1043 1703948224395
1044 1703948224432
1045 1703948224471
1046 1703948224512
1047 1703948224554
1048 1703948224593
1049 1703948224633
1050 1703948224673
1051 1703948224714
1052 1703948224753
1053 1703948224793
1054 1703948224832
1055 1703948224872
1056 1703948224916
1057 1703948224956
1058 1703948224998
1059 1703948225038
1060 1703948225078
1061 1703948225116
1062 1703948225156
1063 1703948225196
1064 1703948225237
1065 1703948225277
1066 1703948225316
1067 1703948225356
1068 1703948225397
1069 1703948225436
1070 1703948225482
1071 1703948225522
1072 1703948225562
1073 1703948225602
1074 1703948225642
1075 1703948225682
1076 1703948225722
1077 1703948225763
1078 1703948225800
1079 1703948225840
1080 1703948225880
1081 1703948225922
1082 1703948225963
1083 1703948226005
1084 1703948226045
1085 1703948226085
1086 1703948226125
1087 1703948226164
1088 1703948226205
1089 1703948226245
1090 1703948226285
1091 1703948226325
1092 1703948226364
1093 1703948226404
1094 1703948226446
1095 1703948226485
1096 1703948226524
1097 1703948226570
1098 1703948226608
1099 1703948226649
1100 1703948226689
1101 1703948226729
1102 1703948226768
1103 1703948226808
1104 1703948226848
1105 1703948226889
1106 1703948226930
1107 1703948226969
1108 1703948227008
1109 1703948227047
1110 1703948227087
1111 1703948227131
1112 1703948227171
1113 1703948227211
1114 1703948227251
1115 1703948227291
1116 1703948227331
1117 1703948227371
1118 1703948227411
1119 1703948227451
1120 1703948227491
1121 1703948227531
1122 1703948227571
1123 1703948227611
1124 1703948227651
1125 1703948227695
1126 1703948227735
1127 1703948227775
1128 1703948227815
1129 1703948227855
1130 1703948227895
1131 1703948227935
1132 1703948227975
1133 1703948228015
1134 1703948228055
1135 1703948228095
1136 1703948228135
1137 1703948228175
1138 1703948228215
1139 1703948228259
1140 1703948228299
1141 1703948228339
1142 1703948228379
1143 1703948228419
1144 1703948228459
1145 1703948228499
1146 1703948228539
1147 1703948228579
1148 1703948228619
1149 1703948228659
1150 1703948228699
1151 1703948228739
1152 1703948228783
1153 1703948228823
1154 1703948228863
1155 1703948228903
1156 1703948228943
1157 1703948228983
1158 1703948229023
1159 1703948229063
1160 1703948229103
1161 1703948229143
1162 1703948229183
1163 1703948229223
1164 1703948229263
1165 1703948229303
1166 1703948229347
1167 1703948229387
1168 1703948229427
1169 1703948229467
1170 1703948229507
1171 1703948229547
1172 1703948229587
1173 1703948229627
1174 1703948229667
1175 1703948229707
1176 1703948229748
1177 1703948229789
1178 1703948229829
1179 1703948229869
1180 1703948229913
1181 1703948229953
1182 1703948229992
1183 1703948230033
1184 1703948230073
1185 1703948230112
1186 1703948230153
1187 1703948230194
1188 1703948230232
1189 1703948230272
1190 1703948230313
1191 1703948230352
1192 1703948230393
1193 1703948230432
1194 1703948230476
1195 1703948230517
1196 1703948230556
1197 1703948230596
1198 1703948230636
1199 1703948230677
1200 1703948230718
1201 1703948230756
1202 1703948230796
1203 1703948230838
1204 1703948230878
1205 1703948230917
1206 1703948230958
1207 1703948231001
1208 1703948231042
1209 1703948231081
1210 1703948231121
1211 1703948231162
1212 1703948231202
1213 1703948231241
1214 1703948231281
1215 1703948231322
1216 1703948231361
1217 1703948231401
1218 1703948231442
1219 1703948231481
1220 1703948231522
1221 1703948231565
1222 1703948231605
1223 1703948231646
1224 1703948231685
1225 1703948231725
1226 1703948231765
1227 1703948231805
1228 1703948231846
1229 1703948231886
1230 1703948231925
1231 1703948231965
1232 1703948232005
1233 1703948232046
1234 1703948232085
1235 1703948232130
1236 1703948232170
1237 1703948232209
1238 1703948232249
1239 1703948232289
1240 1703948232330
1241 1703948232370
1242 1703948232410
1243 1703948232450
1244 1703948232490
1245 1703948232529
1246 1703948232570
1247 1703948232609
1248 1703948232649
1249 1703948232693
1250 1703948232733
1251 1703948232773
1252 1703948232814
1253 1703948232854
1254 1703948232893
1255 1703948232933
1256 1703948232974
1257 1703948233013
1258 1703948233054
1259 1703948233094
1260 1703948233133
1261 1703948233173
1262 1703948233214
1263 1703948233258
1264 1703948233297
1265 1703948233337
1266 1703948233377
1267 1703948233418
1268 1703948233457
1269 1703948233497
1270 1703948233537
1271 1703948233578
1272 1703948233617
1273 1703948233655
1274 1703948233695
1275 1703948233735
1276 1703948233775
1277 1703948233819
1278 1703948233860
1279 1703948233903
1280 1703948233943
1281 1703948233982
1282 1703948234022
1283 1703948234062
1284 1703948234102
1285 1703948234142
1286 1703948234183
1287 1703948234222
1288 1703948234262
1289 1703948234302
1290 1703948234346
1291 1703948234387
1292 1703948234427
1293 1703948234465
1294 1703948234504
1295 1703948234544
1296 1703948234587
1297 1703948234626
1298 1703948234666
1299 1703948234706
1300 1703948234746
1301 1703948234786
1302 1703948234827
1303 1703948234866
1304 1703948234911
1305 1703948234950
1306 1703948234990
1307 1703948235029
1308 1703948235069
1309 1703948235109
1310 1703948235149
1311 1703948235189
1312 1703948235229
1313 1703948235269
1314 1703948235309
1315 1703948235349
1316 1703948235389
1317 1703948235429
1318 1703948235473
1319 1703948235512
1320 1703948235553
1321 1703948235593
1322 1703948235634
1323 1703948235672
1324 1703948235713
1325 1703948235753
1326 1703948235793
1327 1703948235833
1328 1703948235873
1329 1703948235913
1330 1703948235953
1331 1703948235993
1332 1703948236037
1333 1703948236079
1334 1703948236119
1335 1703948236156
1336 1703948236196
1337 1703948236236
1338 1703948236277
1339 1703948236317
1340 1703948236358
1341 1703948236398
1342 1703948236437
1343 1703948236476
1344 1703948236519
1345 1703948236563
1346 1703948236601
1347 1703948236640
1348 1703948236681
1349 1703948236721
1350 1703948236761
1351 1703948236801
1352 1703948236841
1353 1703948236881
1354 1703948236921
1355 1703948236961
1356 1703948237001
1357 1703948237041
1358 1703948237081
1359 1703948237126
1360 1703948237165
1361 1703948237207
1362 1703948237246
1363 1703948237287
1364 1703948237327
1365 1703948237366
1366 1703948237406
1367 1703948237446
1368 1703948237486
1369 1703948237526
1370 1703948237566
1371 1703948237605
1372 1703948237645
1373 1703948237689
1374 1703948237729
1375 1703948237769
1376 1703948237809
1377 1703948237850
1378 1703948237888
1379 1703948237928
1380 1703948237967
1381 1703948238008
1382 1703948238048
1383 1703948238091
1384 1703948238130
1385 1703948238170
1386 1703948238211
1387 1703948238254
1388 1703948238294
1389 1703948238335
1390 1703948238374
1391 1703948238415
1392 1703948238454
1393 1703948238495
1394 1703948238534
1395 1703948238574
1396 1703948238614
1397 1703948238654
1398 1703948238694
1399 1703948238733
1400 1703948238774
1401 1703948238818
1402 1703948238859
1403 1703948238899
1404 1703948238939
1405 1703948238978
1406 1703948239018
1407 1703948239058
1408 1703948239098
1409 1703948239138
1410 1703948239178
1411 1703948239218
1412 1703948239258
1413 1703948239298
1414 1703948239343
1415 1703948239384
1416 1703948239421
1417 1703948239460
1418 1703948239500
1419 1703948239543
1420 1703948239582
1421 1703948239622
1422 1703948239662
1423 1703948239702
1424 1703948239742
1425 1703948239782
1426 1703948239822
1427 1703948239862
1428 1703948239917
1429 1703948239948
1430 1703948239985
1431 1703948240024
1432 1703948240064
1433 1703948240107
1434 1703948240147
1435 1703948240186
1436 1703948240227
1437 1703948240266
1438 1703948240306
1439 1703948240346
1440 1703948240387
1441 1703948240428
1442 1703948240471
1443 1703948240510
1444 1703948240550
1445 1703948240590
1446 1703948240630
1447 1703948240671
1448 1703948240710
1449 1703948240750
1450 1703948240790
1451 1703948240830
1452 1703948240871
1453 1703948240910
1454 1703948240951
1455 1703948240990
1456 1703948241035
1457 1703948241075
1458 1703948241114
1459 1703948241154
1460 1703948241194
1461 1703948241234
1462 1703948241274
1463 1703948241314
1464 1703948241354
1465 1703948241395
1466 1703948241435
1467 1703948241474
1468 1703948241513
1469 1703948241553
1470 1703948241597
1471 1703948241637
1472 1703948241677
1473 1703948241717
1474 1703948241757
1475 1703948241797
1476 1703948241837
1477 1703948241877
1478 1703948241917
1479 1703948241957
1480 1703948241997
1481 1703948242037
1482 1703948242077
1483 1703948242117
1484 1703948242161
1485 1703948242201
1486 1703948242241
1487 1703948242281
1488 1703948242321
1489 1703948242361
1490 1703948242401
1491 1703948242440
1492 1703948242480
1493 1703948242521
1494 1703948242561
1495 1703948242601
1496 1703948242641
1497 1703948242685
1498 1703948242725
1499 1703948242765
1500 1703948242805
1501 1703948242846
1502 1703948242887
1503 1703948242924
1504 1703948242964
1505 1703948243005
1506 1703948243045
1507 1703948243085
1508 1703948243125
1509 1703948243165
1510 1703948243205
1511 1703948243249
1512 1703948243289
1513 1703948243329
1514 1703948243369
1515 1703948243409
1516 1703948243449
1517 1703948243489
1518 1703948243529
1519 1703948243568
1520 1703948243608
1521 1703948243651
1522 1703948243691
1523 1703948243728
1524 1703948243769
1525 1703948243814
1526 1703948243854
1527 1703948243894
1528 1703948243933
1529 1703948243974
1530 1703948244013
1531 1703948244053
1532 1703948244095
1533 1703948244134
1534 1703948244172
1535 1703948244212
1536 1703948244254
1537 1703948244294
1538 1703948244333
1539 1703948244377
1540 1703948244419
1541 1703948244457
1542 1703948244496
1543 1703948244536
1544 1703948244576
1545 1703948244618
1546 1703948244658
1547 1703948244696
1548 1703948244736
1549 1703948244777
1550 1703948244818
1551 1703948244858
1552 1703948244897
1553 1703948244941
1554 1703948244981
1555 1703948245022
1556 1703948245061
1557 1703948245100
1558 1703948245141
1559 1703948245183
1560 1703948245223
1561 1703948245260
1562 1703948245301
1563 1703948245342
1564 1703948245382
1565 1703948245421
1566 1703948245466
1567 1703948245506
1568 1703948245546
1569 1703948245585
1570 1703948245624
1571 1703948245666
1572 1703948245705
1573 1703948245745
1574 1703948245785
1575 1703948245826
1576 1703948245865
1577 1703948245904
1578 1703948245946
1579 1703948245987
1580 1703948246031
1581 1703948246069
1582 1703948246108
1583 1703948246149
1584 1703948246190
1585 1703948246229
1586 1703948246269
1587 1703948246309
1588 1703948246349
1589 1703948246389
1590 1703948246429
1591 1703948246469
1592 1703948246509
1593 1703948246549
1594 1703948246593
1595 1703948246633
1596 1703948246673
1597 1703948246713
1598 1703948246753
1599 1703948246793
1600 1703948246833
1601 1703948246873
1602 1703948246913
1603 1703948246955
1604 1703948246993
1605 1703948247032
1606 1703948247074
1607 1703948247115
1608 1703948247159
1609 1703948247199
1610 1703948247237
1611 1703948247277
1612 1703948247318
1613 1703948247358
1614 1703948247397
1615 1703948247438
1616 1703948247479
1617 1703948247518
1618 1703948247559
1619 1703948247599
1620 1703948247638
1621 1703948247683
1622 1703948247723
1623 1703948247763
1624 1703948247803
1625 1703948247843
1626 1703948247883
1627 1703948247923
1628 1703948247963
1629 1703948248002
1630 1703948248043
1631 1703948248083
1632 1703948248123
1633 1703948248163
1634 1703948248203
1635 1703948248245
1636 1703948248285
1637 1703948248325
1638 1703948248366
1639 1703948248407
1640 1703948248446
1641 1703948248486
1642 1703948248526
1643 1703948248566
1644 1703948248607
1645 1703948248646
1646 1703948248686
1647 1703948248726
1648 1703948248766
1649 1703948248810
1650 1703948248850
1651 1703948248890
1652 1703948248930
1653 1703948248969
1654 1703948249008
1655 1703948249049
1656 1703948249090
1657 1703948249129
1658 1703948249169
1659 1703948249209
1660 1703948249249
1661 1703948249289
1662 1703948249329
1663 1703948249373
1664 1703948249413
1665 1703948249453
1666 1703948249493
1667 1703948249532
1668 1703948249573
1669 1703948249613
1670 1703948249653
1671 1703948249693
1672 1703948249733
1673 1703948249773
1674 1703948249813
1675 1703948249854
1676 1703948249894
1677 1703948249937
1678 1703948249977
1679 1703948250017
1680 1703948250058
1681 1703948250097
1682 1703948250137
1683 1703948250178
1684 1703948250217
1685 1703948250257
1686 1703948250297
1687 1703948250338
1688 1703948250377
1689 1703948250417
1690 1703948250461
1691 1703948250501
1692 1703948250542
1693 1703948250581
1694 1703948250622
1695 1703948250661
1696 1703948250700
1697 1703948250741
1698 1703948250781
1699 1703948250821
1700 1703948250860
1701 1703948250902
1702 1703948250942
1703 1703948250982
1704 1703948251025
1705 1703948251066
1706 1703948251106
1707 1703948251145
1708 1703948251185
1709 1703948251225
1710 1703948251268
1711 1703948251305
1712 1703948251345
1713 1703948251385
1714 1703948251425
1715 1703948251465
1716 1703948251505
1717 1703948251545
1718 1703948251590
1719 1703948251631
1720 1703948251671
1721 1703948251709
1722 1703948251749
1723 1703948251790
1724 1703948251829
1725 1703948251869
1726 1703948251909
1727 1703948251950
1728 1703948251989
1729 1703948252029
1730 1703948252069
1731 1703948252110
1732 1703948252153
1733 1703948252193
1734 1703948252233
1735 1703948252274
1736 1703948252313
1737 1703948252353
1738 1703948252393
1739 1703948252433
1740 1703948252474
1741 1703948252513
1742 1703948252553
1743 1703948252594
1744 1703948252634
1745 1703948252673
1746 1703948252718
1747 1703948252759
1748 1703948252798
1749 1703948252838
1750 1703948252878
1751 1703948252919
1752 1703948252958
1753 1703948252997
1754 1703948253037
1755 1703948253079
1756 1703948253119
1757 1703948253157
1758 1703948253196
1759 1703948253241
1760 1703948253282
1761 1703948253323
1762 1703948253363
1763 1703948253403
1764 1703948253443
1765 1703948253483
1766 1703948253524
1767 1703948253563
1768 1703948253603
1769 1703948253643
1770 1703948253683
1771 1703948253721
1772 1703948253761
1773 1703948253806
1774 1703948253846
1775 1703948253886
1776 1703948253927
1777 1703948253966
1778 1703948254007
1779 1703948254047
1780 1703948254086
1781 1703948254126
1782 1703948254167
1783 1703948254206
1784 1703948254246
1785 1703948254286
1786 1703948254326
1787 1703948254371
1788 1703948254411
1789 1703948254450
1790 1703948254491
1791 1703948254530
1792 1703948254571
1793 1703948254611
1794 1703948254650
1795 1703948254689
1796 1703948254731
1797 1703948254772
1798 1703948254811
1799 1703948254851
1800 1703948254891
1801 1703948254935
1802 1703948254975
1803 1703948255013
1804 1703948255053
1805 1703948255094
1806 1703948255133
1807 1703948255174
1808 1703948255213
1809 1703948255253
1810 1703948255294
1811 1703948255333
1812 1703948255374
1813 1703948255414
1814 1703948255455
1815 1703948255499
1816 1703948255539
1817 1703948255579
1818 1703948255620
1819 1703948255658
1820 1703948255699
1821 1703948255738
1822 1703948255779
1823 1703948255818
1824 1703948255858
1825 1703948255898
1826 1703948255938
1827 1703948255978
1828 1703948256018
1829 1703948256063
1830 1703948256103
1831 1703948256143
1832 1703948256183
1833 1703948256223
1834 1703948256263
1835 1703948256303
1836 1703948256343
1837 1703948256383
1838 1703948256423
1839 1703948256463
1840 1703948256501
1841 1703948256541
1842 1703948256587
1843 1703948256627
1844 1703948256668
1845 1703948256707
1846 1703948256747
1847 1703948256787
1848 1703948256827
