1 1699185219173 1 101 0.8726681 102 1.717185
2 1699185220367 1 101 0.8539011 102 1.717185
3 1699185220669 1 101 0.8304421 102 1.689035
4 1699185220916 1 101 0.8351341 102 1.721877
5 1699185221177 1 101 0.8351341 102 1.712494
6 1699185221671 1 101 0.8585931 102 1.717185
7 1699185221917 1 101 0.8210591 102 1.707802
8 1699185222172 1 101 0.8210591 102 1.731261
9 1699185222665 1 101 0.8632851 102 1.735953
10 1699185222921 1 101 0.8726681 102 1.721877
11 1699185223173 1 101 0.8257501 102 1.707802
12 1699185223679 1 101 0.8679761 102 1.745336
13 1699185224167 1 101 0.8632851 102 1.740644
14 1699185224416 1 101 0.8679761 102 1.731261
15 1699185224666 1 101 0.8163671 102 1.726569
16 1699185224927 1 101 0.8539011 102 1.731261
17 1699185225418 1 101 0.8914351 102 1.740644
18 1699185225919 1 101 0.8398261 102 1.731261
19 1699185226164 1 101 0.8726681 102 1.726569
20 1699185226425 1 101 0.8632851 102 1.759411
21 1699185226918 1 101 0.8304421 102 1.717185
22 1699185227170 1 101 0.8539011 102 1.745336
23 1699185228433 1 101 0.8116751 102 1.750028
24 1699185228919 1 101 0.8257501 102 1.726569
25 1699185229175 1 101 0.8679761 102 1.759411
26 1699185229669 1 101 0.8398261 102 1.721877
27 1699185229921 1 101 0.8539011 102 1.717185
28 1699185230424 1 101 0.8914351 102 1.693727
29 1699185230921 1 101 0.8539011 102 1.740644
30 1699185231166 1 101 0.8539011 102 1.735953
31 1699185231423 1 101 0.8773601 102 1.726569
32 1699185231674 1 101 0.8351341 102 1.745336
33 1699185232177 1 101 0.9711951 102 1.768795
34 1699185232672 1 101 1.3746871 102 2.054992
35 1699185232919 1 101 1.6233501 102 2.195745
36 1699185233418 1 101 1.8297881 102 2.322423
37 1699185233936 1 101 1.8860891 102 2.322423
38 1699185234434 1 101 1.9283151 102 2.374032
39 1699185234924 1 101 1.9095481 102 2.369341
40 1699185235425 1 101 1.9376981 102 2.359957
41 1699185235931 1 101 1.9236231 102 2.378724
42 1699185236419 1 101 1.9330071 102 2.411566
43 1699185236680 1 101 1.9564651 102 2.383416
44 1699185237171 1 101 1.9189311 102 2.383416
45 1699185237421 1 101 1.9330071 102 2.392800
46 1699185237669 1 101 1.9564651 102 2.355265
47 1699185237921 1 101 1.9236231 102 2.392800
48 1699185238174 1 101 1.9611571 102 2.374032
49 1699185238423 1 101 1.9283151 102 2.402183
50 1699185238668 1 101 1.9376981 102 2.397491
51 1699185238919 1 101 1.9423901 102 2.397491
52 1699185239174 1 101 1.9048561 102 2.420950
53 1699185239674 1 101 1.9470821 102 2.388108
54 1699185240171 1 101 1.9376981 102 2.397491
55 1699185240428 1 101 1.9470821 102 2.388108
56 1699185240930 1 101 1.8720141 102 2.411566
57 1699185241452 1 101 1.9142401 102 2.392800
58 1699185241924 1 101 1.9423901 102 2.397491
59 1699185242173 1 101 1.9236231 102 2.402183
60 1699185242420 1 101 1.9376981 102 2.392800
61 1699185242672 1 101 1.9283151 102 2.388108
62 1699185242923 1 101 1.9283151 102 2.383416
63 1699185243425 1 101 1.9283151 102 2.388108
64 1699185243926 1 101 1.8907811 102 2.388108
65 1699185244434 1 101 1.9376981 102 2.392800
66 1699185244923 1 101 1.9376981 102 2.374032
67 1699185245176 1 101 1.9423901 102 2.388108
68 1699185245432 1 101 1.9658491 102 2.369341
69 1699185245928 1 101 1.8954731 102 2.388108
70 1699185246426 1 101 1.9236231 102 2.392800
71 1699185246924 1 101 1.9283151 102 2.402183
72 1699185247175 1 101 1.9095481 102 2.402183
73 1699185247675 1 101 1.9376981 102 2.411566
74 1699185248177 1 101 1.9423901 102 2.397491
75 1699185248675 1 101 1.9423901 102 2.406875
76 1699185249174 1 101 1.8954731 102 2.397491
77 1699185249434 1 101 1.9423901 102 2.402183
78 1699185249922 1 101 1.9517741 102 2.378724
79 1699185250173 1 101 1.8673221 102 2.378724
80 1699185250424 1 101 1.9048561 102 2.388108
81 1699185250675 1 101 1.9001641 102 2.397491
82 1699185251193 1 101 1.9752331 102 2.514785
83 1699185251675 1 101 2.3364981 102 2.768141
84 1699185252207 1 101 2.7165311 102 3.138790
85 1699185252682 1 101 2.9276611 102 3.251392
86 1699185253180 1 101 2.9605031 102 3.298310
87 1699185253675 1 101 2.9698871 102 3.345227
88 1699185253927 1 101 2.9933451 102 3.335844
89 1699185254424 1 101 2.9558111 102 3.307693
90 1699185254672 1 101 2.9511191 102 3.293618
91 1699185254926 1 101 3.0121121 102 3.293618
92 1699185255171 1 101 2.9839621 102 3.326461
93 1699185255443 1 101 2.9558111 102 3.354611
94 1699185255926 1 101 2.9745781 102 3.331152
95 1699185256426 1 101 3.0121121 102 3.331152
96 1699185256922 1 101 2.9886531 102 3.312385
97 1699185257172 1 101 2.9886531 102 3.317077
98 1699185257427 1 101 3.0261881 102 3.303002
99 1699185257921 1 101 2.9745781 102 3.326461
100 1699185258174 1 101 3.0168041 102 3.321769
101 1699185258425 1 101 2.9651951 102 3.331152
102 1699185258674 1 101 2.9792701 102 3.359303
103 1699185258921 1 101 2.9839621 102 3.349919
104 1699185259171 1 101 2.9745781 102 3.307693
105 1699185259427 1 101 2.9980371 102 3.321769
106 1699185259931 1 101 2.9839621 102 3.260776
107 1699185260424 1 101 2.9933451 102 3.312385
108 1699185260926 1 101 3.0027291 102 3.303002
109 1699185261183 1 101 3.0261881 102 3.340536
110 1699185261675 1 101 3.0168041 102 3.288926
111 1699185261924 1 101 2.9933451 102 3.321769
112 1699185262175 1 101 3.0168041 102 3.345227
113 1699185262421 1 101 2.9886531 102 3.303002
114 1699185262679 1 101 3.0449551 102 3.317077
115 1699185263177 1 101 2.9933451 102 3.317077
116 1699185263672 1 101 2.9886531 102 3.307693
117 1699185263922 1 101 2.9558111 102 3.317077
118 1699185264176 1 101 2.9792701 102 3.312385
119 1699185264425 1 101 2.9651951 102 3.340536
120 1699185264675 1 101 3.0027291 102 3.321769
121 1699185264929 1 101 3.0214961 102 3.345227
122 1699185265427 1 101 3.0074211 102 3.345227
123 1699185265934 1 101 3.0168041 102 3.335844
124 1699185266424 1 101 2.9933451 102 3.331152
125 1699185266671 1 101 2.9839621 102 3.293618
126 1699185266922 1 101 2.9886531 102 3.331152
127 1699185267174 1 101 3.0074211 102 3.317077
128 1699185267427 1 101 2.9605031 102 3.335844
129 1699185267924 1 101 2.9792701 102 3.312385
130 1699185268179 1 101 2.9933451 102 3.331152
131 1699185268682 1 101 3.0074211 102 3.317077
132 1699185269177 1 101 3.0074211 102 3.307693
133 1699185269672 1 101 2.9558111 102 3.363995
134 1699185269927 1 101 3.0214961 102 3.288926
135 1699185270175 1 101 2.9980371 102 3.321769
136 1699185270424 1 101 2.9886531 102 3.317077
137 1699185270676 1 101 3.0496461 102 3.298310
138 1699185270926 1 101 3.0355711 102 3.345227
139 1699185271426 1 101 3.0261881 102 3.317077
140 1699185271678 1 101 2.9839621 102 3.307693
141 1699185272176 1 101 2.9698871 102 3.331152
142 1699185272423 1 101 3.0261881 102 3.335844
143 1699185272674 1 101 3.0496461 102 3.321769
144 1699185272922 1 101 3.0308791 102 3.317077
145 1699185273176 1 101 2.9698871 102 3.331152
146 1699185273423 1 101 3.0214961 102 3.326461
147 1699185273674 1 101 2.9745781 102 3.303002
148 1699185273925 1 101 2.9980371 102 3.321769
149 1699185274175 1 101 3.0027291 102 3.321769
150 1699185274671 1 101 3.0074211 102 3.312385
151 1699185274924 1 101 3.0121121 102 3.340536
152 1699185275173 1 101 2.9980371 102 3.331152
153 1699185275425 1 101 2.9980371 102 3.331152
154 1699185275674 1 101 2.9980371 102 3.307693
155 1699185276935 1 101 2.9980371 102 3.331152
156 1699185277428 1 101 3.0121121 102 3.340536
157 1699185277923 1 101 2.9651951 102 3.303002
158 1699185278179 1 101 2.9792701 102 3.321769
159 1699185278673 1 101 3.0027291 102 3.335844
160 1699185278933 1 101 2.9792701 102 3.312385
161 1699185279425 1 101 2.9839621 102 3.345227
162 1699185279675 1 101 3.0965641 102 3.481289
163 1699185279929 1 101 3.2795431 102 3.626733
164 1699185280426 1 101 3.6971101 102 3.978616
165 1699185280676 1 101 3.8660131 102 4.170978
166 1699185281207 1 101 4.0067661 102 4.208512
167 1699185281685 1 101 4.0020751 102 4.227279
168 1699185282180 1 101 4.0067661 102 4.222588
169 1699185282684 1 101 4.0161501 102 4.203820
170 1699185283179 1 101 3.9973831 102 4.241354
171 1699185283671 1 101 4.0255331 102 4.222588
172 1699185283921 1 101 4.0302251 102 4.227279
173 1699185284185 1 101 4.0114581 102 4.203820
174 1699185284679 1 101 4.0396081 102 4.208512
175 1699185285177 1 101 4.0208421 102 4.236663
176 1699185285426 1 101 4.0067661 102 4.217896
177 1699185285675 1 101 4.0020751 102 4.227279
178 1699185286177 1 101 4.0255331 102 4.255430
179 1699185286677 1 101 4.0161501 102 4.236663
180 1699185286929 1 101 4.0302251 102 4.246046
181 1699185287440 1 101 4.0020751 102 4.250738
182 1699185287933 1 101 4.0255331 102 4.260121
183 1699185288430 1 101 4.0396081 102 4.236663
184 1699185288925 1 101 4.0349171 102 4.255430
185 1699185289175 1 101 3.9926911 102 4.236663
186 1699185289423 1 101 4.0349171 102 4.241354
187 1699185289679 1 101 4.0255331 102 4.208512
188 1699185290178 1 101 4.0208421 102 4.241354
189 1699185290677 1 101 4.0349171 102 4.246046
190 1699185291187 1 101 4.0349171 102 4.241354
191 1699185291676 1 101 4.0396081 102 4.241354
192 1699185291923 1 101 4.0302251 102 4.227279
193 1699185292174 1 101 4.0255331 102 4.241354
194 1699185292423 1 101 4.0208421 102 4.236663
195 1699185292673 1 101 4.0114581 102 4.246046
196 1699185292926 1 101 4.0208421 102 4.217896
197 1699185293176 1 101 4.0067661 102 4.241354
198 1699185293427 1 101 4.0161501 102 4.227279
199 1699185293679 1 101 4.0349171 102 4.255430
200 1699185293931 1 101 4.0020751 102 4.241354
201 1699185294435 1 101 3.9879991 102 4.227279
202 1699185294927 1 101 3.9692321 102 4.250738
203 1699185295178 1 101 4.0020751 102 4.203820
204 1699185295428 1 101 4.0255331 102 4.250738
205 1699185295929 1 101 4.0020751 102 4.217896
206 1699185296178 1 101 4.0161501 102 4.231971
207 1699185296427 1 101 3.9926911 102 4.199129
208 1699185296928 1 101 4.0114581 102 4.217896
209 1699185297176 1 101 4.0067661 102 4.250738
210 1699185297433 1 101 4.0349171 102 4.231971
211 1699185297927 1 101 4.0114581 102 4.236663
212 1699185298182 1 101 4.0349171 102 4.246046
213 1699185298681 1 101 4.0208421 102 4.222588
214 1699185298927 1 101 3.9926911 102 4.260121
215 1699185299178 1 101 3.9973831 102 4.231971
216 1699185299429 1 101 4.0067661 102 4.250738
217 1699185299677 1 101 4.0161501 102 4.246046
218 1699185300193 1 101 4.0349171 102 4.217896
219 1699185300680 1 101 4.1475191 102 4.321115
220 1699185300932 1 101 4.3821071 102 4.597929
221 1699185301180 1 101 4.6073121 102 4.776216
222 1699185301683 1 101 4.9404271 102 5.118714
223 1699185302198 1 101 5.0436461 102 5.156249
224 1699185302681 1 101 5.0295711 102 5.170324
225 1699185302939 1 101 5.0483381 102 5.156249
226 1699185303431 1 101 5.0389541 102 5.198474
227 1699185303686 1 101 5.0436461 102 5.203166
228 1699185304182 1 101 5.0952551 102 5.175015
229 1699185304686 1 101 5.0905641 102 5.198474
230 1699185305177 1 101 5.0624131 102 5.203166
231 1699185305426 1 101 5.0201871 102 5.231317
232 1699185305677 1 101 5.0108041 102 5.179707
233 1699185305926 1 101 5.0764881 102 5.212550
234 1699185306184 1 101 5.0295711 102 5.179707
235 1699185306684 1 101 5.0577211 102 5.217241
236 1699185307184 1 101 5.0671051 102 5.198474
237 1699185307676 1 101 5.0436461 102 5.193782
238 1699185307927 1 101 5.0858721 102 5.217241
239 1699185308184 1 101 5.0530301 102 5.212550
240 1699185308682 1 101 5.0764881 102 5.226625
241 1699185309181 1 101 5.0436461 102 5.236008
242 1699185309429 1 101 5.0811801 102 5.221933
243 1699185309679 1 101 5.0342631 102 5.254776
244 1699185309934 1 101 5.0624131 102 5.226625
245 1699185310440 1 101 5.0577211 102 5.198474
246 1699185310931 1 101 5.0764881 102 5.198474
247 1699185311178 1 101 5.0671051 102 5.212550
248 1699185311686 1 101 5.0389541 102 5.207858
249 1699185312180 1 101 5.0389541 102 5.240700
250 1699185312431 1 101 5.0530301 102 5.240700
251 1699185312680 1 101 5.0389541 102 5.226625
252 1699185312932 1 101 5.0389541 102 5.264159
253 1699185313447 1 101 5.0342631 102 5.287618
254 1699185313929 1 101 5.0577211 102 5.278234
255 1699185314183 1 101 5.0811801 102 5.254776
256 1699185314430 1 101 5.0248791 102 5.240700
257 1699185314682 1 101 5.0624131 102 5.226625
258 1699185314927 1 101 5.0717961 102 5.250083
259 1699185315177 1 101 5.0717961 102 5.236008
260 1699185315438 1 101 5.0671051 102 5.245392
261 1699185315944 1 101 5.0483381 102 5.254776
262 1699185316430 1 101 5.0577211 102 5.240700
263 1699185316676 1 101 5.0248791 102 5.245392
264 1699185316928 1 101 5.0530301 102 5.264159
265 1699185317179 1 101 5.0624131 102 5.231317
266 1699185317438 1 101 5.0530301 102 5.264159
267 1699185317931 1 101 5.0483381 102 5.254776
268 1699185318432 1 101 5.0483381 102 5.268851
269 1699185318927 1 101 5.0389541 102 5.245392
270 1699185319184 1 101 5.0295711 102 5.254776
271 1699185319687 1 101 5.0671051 102 5.259467
272 1699185320178 1 101 5.0764881 102 5.250083
273 1699185320429 1 101 5.0389541 102 5.259467
274 1699185320682 1 101 5.0717961 102 5.264159
275 1699185320934 1 101 5.0436461 102 5.278234
276 1699185321432 1 101 5.0389541 102 5.240700
277 1699185321681 1 101 5.0530301 102 5.212550
278 1699185321930 1 101 5.0483381 102 5.221933
279 1699185322193 1 101 5.0436461 102 5.203166
280 1699185322679 1 101 5.0530301 102 5.221933
281 1699185322932 1 101 5.0342631 102 5.198474
282 1699185323434 1 101 5.0671051 102 5.221933
283 1699185323932 1 101 5.0764881 102 5.231317
284 1699185324175 1 101 5.0436461 102 5.278234
285 1699185324431 1 101 5.0248791 102 5.217241
286 1699185324681 1 101 5.0671051 102 5.212550
287 1699185324927 1 101 5.0624131 102 5.212550
288 1699185325181 1 101 5.0577211 102 5.250083
289 1699185325428 1 101 5.2078581 102 5.423679
290 1699185325684 1 101 5.4846721 102 5.681726
291 1699185326212 1 101 5.8693971 102 5.958540
292 1699185326682 1 101 6.0007661 102 6.122752
293 1699185326930 1 101 6.0336081 102 6.146211
294 1699185327180 1 101 6.0523751 102 6.188437
295 1699185327679 1 101 6.0711421 102 6.150902
296 1699185328180 1 101 6.0899101 102 6.169669
297 1699185328436 1 101 6.0899101 102 6.193128
298 1699185328938 1 101 6.1039851 102 6.216587
299 1699185329433 1 101 6.0899101 102 6.197820
300 1699185329683 1 101 6.0570671 102 6.258813
301 1699185329929 1 101 6.0946011 102 6.197820
302 1699185330191 1 101 6.0617591 102 6.202512
303 1699185330684 1 101 6.1039851 102 6.211895
304 1699185330930 1 101 6.1227521 102 6.230662
305 1699185331182 1 101 6.0899101 102 6.197820
306 1699185331434 1 101 6.1039851 102 6.216587
307 1699185331684 1 101 6.0805261 102 6.216587
308 1699185331937 1 101 6.1180601 102 6.193128
309 1699185332431 1 101 6.0664511 102 6.225971
310 1699185332681 1 101 6.0805261 102 6.211895
311 1699185332930 1 101 6.0758341 102 6.240046
312 1699185333181 1 101 6.0946011 102 6.221279
313 1699185333432 1 101 6.1086761 102 6.216587
314 1699185333683 1 101 6.0899101 102 6.183744
315 1699185333934 1 101 6.0899101 102 6.207203
316 1699185334192 1 101 6.0805261 102 6.221279
317 1699185334681 1 101 6.0805261 102 6.258813
318 1699185334933 1 101 6.0758341 102 6.179053
319 1699185335182 1 101 6.0899101 102 6.244738
320 1699185335434 1 101 6.0899101 102 6.183744
321 1699185335682 1 101 6.0758341 102 6.225971
322 1699185335935 1 101 6.0664511 102 6.249429
323 1699185337000 1 101 6.0852171 102 6.272888
324 1699185337434 1 101 6.0946011 102 6.277580
325 1699185337685 1 101 6.0617591 102 6.272888
326 1699185338182 1 101 6.1227521 102 6.240046
327 1699185338432 1 101 6.0852171 102 6.235354
328 1699185338683 1 101 6.0946011 102 6.268197
329 1699185338937 1 101 6.0852171 102 6.282272
330 1699185339433 1 101 6.1039851 102 6.263505
331 1699185339690 1 101 6.1039851 102 6.268197
332 1699185340180 1 101 6.0758341 102 6.258813
333 1699185341142 1 101 6.0946011 102 6.301039
334 1699185341444 1 101 6.0992931 102 6.254121
335 1699185341935 1 101 6.1180601 102 6.263505
336 1699185342186 1 101 6.0852171 102 6.286963
337 1699185342683 1 101 6.0664511 102 6.225971
338 1699185342936 1 101 6.0899101 102 6.282272
339 1699185343187 1 101 6.1133681 102 6.263505
340 1699185344540 1 101 6.0711421 102 6.296347
341 1699185344942 1 101 6.1086761 102 6.202512
342 1699185345438 1 101 6.0852171 102 6.225971
343 1699185345685 1 101 6.0758341 102 6.216587
344 1699185345940 1 101 6.0899101 102 6.221279
345 1699185346461 1 101 6.0946011 102 6.240046
346 1699185346939 1 101 6.0992931 102 6.183744
347 1699185347440 1 101 6.0758341 102 6.164978
348 1699185347951 1 101 6.1086761 102 6.202512
349 1699185348478 1 101 6.0852171 102 6.235354
350 1699185348945 1 101 6.0711421 102 6.216587
351 1699185350004 1 101 6.2869631 102 6.521552
352 1699185350445 1 101 6.7139141 102 6.901585
353 1699185350934 1 101 7.0329541 102 7.131481
354 1699185351188 1 101 7.1127141 102 7.178399
355 1699185351438 1 101 7.1455561 102 7.234700
356 1699185351942 1 101 7.1596321 102 7.244083
357 1699185352444 1 101 7.1361731 102 7.225316
358 1699185352933 1 101 7.1783991 102 7.239391
359 1699185353190 1 101 7.1080221 102 7.192474
360 1699185353441 1 101 7.0939471 102 7.192474
361 1699185353949 1 101 7.0986391 102 7.201858
362 1699185354437 1 101 7.1267891 102 7.253467
363 1699185354689 1 101 7.0986391 102 7.206549
364 1699185354941 1 101 7.1080221 102 7.230008
365 1699185355189 1 101 7.1267891 102 7.225316
366 1699185355444 1 101 7.1596321 102 7.244083
367 1699185355952 1 101 7.1267891 102 7.230008
368 1699185356438 1 101 7.1549401 102 7.206549
369 1699185356937 1 101 7.1080221 102 7.220624
370 1699185357190 1 101 7.1314811 102 7.206549
371 1699185357442 1 101 7.1080221 102 7.220624
372 1699185357936 1 101 7.1080221 102 7.225316
373 1699185358191 1 101 7.1127141 102 7.234700
374 1699185358438 1 101 7.1314811 102 7.220624
375 1699185358689 1 101 7.1549401 102 7.230008
376 1699185358946 1 101 7.1314811 102 7.253467
377 1699185359438 1 101 7.1408641 102 7.211241
378 1699185359688 1 101 7.1174061 102 7.206549
379 1699185359939 1 101 7.1220971 102 7.183090
380 1699185360200 1 101 7.1596321 102 7.211241
381 1699185360710 1 101 7.1502481 102 7.225316
382 1699185361207 1 101 7.1127141 102 7.197165
383 1699185361691 1 101 7.1080221 102 7.197165
384 1699185361935 1 101 7.1033301 102 7.197165
385 1699185362194 1 101 7.1267891 102 7.253467
386 1699185362699 1 101 7.0986391 102 7.234700
387 1699185363192 1 101 7.1314811 102 7.234700
388 1699185363687 1 101 7.1314811 102 7.211241
389 1699185363941 1 101 7.1080221 102 7.258159
390 1699185364440 1 101 7.1033301 102 7.272234
391 1699185364691 1 101 7.1174061 102 7.305076
392 1699185364937 1 101 7.1643231 102 7.267542
393 1699185365198 1 101 7.1455561 102 7.267542
394 1699185365695 1 101 7.0892551 102 7.258159
395 1699185366191 1 101 7.1080221 102 7.215933
396 1699185366699 1 101 7.0939471 102 7.239391
397 1699185367232 1 101 7.1127141 102 7.262850
398 1699185367692 1 101 7.1174061 102 7.215933
399 1699185367941 1 101 7.1314811 102 7.234700
400 1699185368443 1 101 7.1502481 102 7.258159
401 1699185368946 1 101 7.1033301 102 7.234700
402 1699185369464 1 101 7.1361731 102 7.173707
403 1699185369937 1 101 7.1549401 102 7.201858
404 1699185370191 1 101 7.1361731 102 7.215933
405 1699185370442 1 101 7.1267891 102 7.178399
406 1699185370696 1 101 7.1220971 102 7.215933
407 1699185371190 1 101 7.0939471 102 7.215933
408 1699185371440 1 101 7.1220971 102 7.215933
409 1699185371686 1 101 7.0986391 102 7.197165
410 1699185371939 1 101 7.1220971 102 7.201858
411 1699185372458 1 101 7.1127141 102 7.225316
412 1699185372943 1 101 7.1549401 102 7.272234
413 1699185373191 1 101 7.1361731 102 7.225316
414 1699185373450 1 101 7.1361731 102 7.201858
415 1699185373944 1 101 7.0939471 102 7.215933
416 1699185374461 1 101 7.1080221 102 7.201858
417 1699185374939 1 101 7.0892551 102 7.211241
418 1699185375191 1 101 7.1174061 102 7.262850
419 1699185375442 1 101 7.1220971 102 7.239391
420 1699185375703 1 101 7.1033301 102 7.239391
421 1699185376197 1 101 7.1877821 102 7.248775
422 1699185377257 1 101 7.1361731 102 7.248775
423 1699185377711 1 101 7.0798721 102 7.206549
424 1699185378225 1 101 7.1080221 102 7.192474
425 1699185378698 1 101 7.2440831 102 7.319151
426 1699185379191 1 101 7.6241161 102 7.680418
427 1699185379447 1 101 7.7789441 102 7.905622
428 1699185379952 1 101 8.0369911 102 8.121443
429 1699185380441 1 101 8.0839091 102 8.158978
430 1699185380691 1 101 8.1120601 102 8.177744
431 1699185380943 1 101 8.1167521 102 8.163669
432 1699185381192 1 101 8.1026761 102 8.210587
433 1699185381443 1 101 8.1073681 102 8.187128
434 1699185381689 1 101 8.1026761 102 8.168361
435 1699185381945 1 101 8.1308271 102 8.177744
436 1699185382443 1 101 8.1730531 102 8.210587
437 1699185382692 1 101 8.1683611 102 8.158978
438 1699185382956 1 101 8.1449021 102 8.187128
439 1699185383446 1 101 8.1449021 102 8.191819
440 1699185383943 1 101 8.1449021 102 8.234045
441 1699185384442 1 101 8.1730531 102 8.234045
442 1699185384702 1 101 8.1402101 102 8.191819
443 1699185385193 1 101 8.1449021 102 8.224662
444 1699185385440 1 101 8.2012031 102 8.219970
445 1699185385693 1 101 8.1871281 102 8.248120
446 1699185385944 1 101 8.1542851 102 8.238737
447 1699185386194 1 101 8.1730531 102 8.191819
448 1699185386455 1 101 8.1777441 102 8.252812
449 1699185386952 1 101 8.1871281 102 8.238737
450 1699185387443 1 101 8.1589781 102 8.234045
451 1699185387692 1 101 8.1636691 102 8.219970
452 1699185387952 1 101 8.1636691 102 8.196511
453 1699185388472 1 101 8.1542851 102 8.238737
454 1699185388947 1 101 8.1261351 102 8.210587
455 1699185389448 1 101 8.1308271 102 8.229354
456 1699185389948 1 101 8.1355181 102 8.248120
457 1699185390443 1 101 8.1449021 102 8.238737
458 1699185390697 1 101 8.1308271 102 8.229354
459 1699185390947 1 101 8.1402101 102 8.238737
460 1699185391442 1 101 8.1589781 102 8.219970
461 1699185391695 1 101 8.1495931 102 8.205894
462 1699185391943 1 101 8.1261351 102 8.229354
463 1699185392193 1 101 8.1214431 102 8.210587
464 1699185392711 1 101 8.1636691 102 8.196511
465 1699185393206 1 101 8.1402101 102 8.224662
466 1699185393699 1 101 8.1308271 102 8.215279
467 1699185394195 1 101 8.1449021 102 8.248120
468 1699185394447 1 101 8.1589781 102 8.276271
469 1699185394699 1 101 8.1261351 102 8.257504
470 1699185395221 1 101 8.1495931 102 8.243429
471 1699185395694 1 101 8.1026761 102 8.210587
472 1699185395942 1 101 8.1308271 102 8.257504
473 1699185396192 1 101 8.1261351 102 8.219970
474 1699185396447 1 101 8.1167521 102 8.191819
475 1699185396951 1 101 8.1542851 102 8.163669
476 1699185397449 1 101 8.1730531 102 8.205894
477 1699185397943 1 101 8.1449021 102 8.257504
478 1699185398194 1 101 8.1214431 102 8.229354
479 1699185398447 1 101 8.1636691 102 8.210587
480 1699185398961 1 101 8.1355181 102 8.191819
481 1699185399476 1 101 8.1261351 102 8.224662
482 1699185399958 1 101 8.1402101 102 8.219970
483 1699185400452 1 101 8.1214431 102 8.196511
484 1699185400948 1 101 8.1449021 102 8.201203
485 1699185401199 1 101 8.1402101 102 8.205894
486 1699185401727 1 101 8.1495931 102 8.219970
487 1699185402197 1 101 8.1495931 102 8.234045
488 1699185402444 1 101 8.1355181 102 8.248120
489 1699185402701 1 101 8.1449021 102 8.191819
490 1699185403205 1 101 8.1542851 102 8.224662
491 1699185403709 1 101 8.1542851 102 8.229354
492 1699185404194 1 101 8.1449021 102 8.196511
493 1699185404458 1 101 8.1355181 102 8.201203
494 1699185404950 1 101 8.1449021 102 8.219970
495 1699185405201 1 101 8.1777441 102 8.205894
496 1699185405697 1 101 8.1730531 102 8.224662
497 1699185405949 1 101 8.1308271 102 8.196511
498 1699185406200 1 101 8.1261351 102 8.215279
499 1699185406705 1 101 8.1355181 102 8.210587
500 1699185407203 1 101 8.1261351 102 8.257504
501 1699185407718 1 101 8.1402101 102 8.229354
502 1699185408904 1 101 8.1261351 102 8.262196
503 1699185409198 1 101 8.1589781 102 8.210587
504 1699185409699 1 101 8.1308271 102 8.224662
505 1699185409949 1 101 8.1308271 102 8.271580
506 1699185410212 1 101 8.1449021 102 8.257504
507 1699185410727 1 101 8.1261351 102 8.238737
508 1699185411200 1 101 8.1495931 102 8.229354
509 1699185411459 1 101 8.1214431 102 8.243429
510 1699185411957 1 101 8.1402101 102 8.205894
511 1699185412453 1 101 8.1355181 102 8.234045
512 1699185412953 1 101 8.1542851 102 8.219970
513 1699185413460 1 101 8.1495931 102 8.229354
514 1699185413953 1 101 8.1636691 102 8.276271
515 1699185414452 1 101 8.5343181 102 8.637537
516 1699185414953 1 101 8.8439751 102 8.886201
517 1699185415464 1 101 9.0644871 102 9.120789
518 1699185415974 1 101 9.1677061 102 9.209932
519 1699185416465 1 101 9.1770901 102 9.205240
520 1699185416948 1 101 9.1395561 102 9.205240
521 1699185417203 1 101 9.1160971 102 9.219316
522 1699185417702 1 101 9.1348641 102 9.209932
523 1699185418201 1 101 9.1160971 102 9.205240
524 1699185418451 1 101 9.1395561 102 9.191165
525 1699185418951 1 101 9.1489391 102 9.214624
526 1699185419203 1 101 9.1489391 102 9.214624
527 1699185419699 1 101 9.1583231 102 9.219316
528 1699185419951 1 101 9.1864741 102 9.186474
529 1699185420204 1 101 9.1489391 102 9.200549
530 1699185420702 1 101 9.1442481 102 9.209932
531 1699185421198 1 101 9.1864741 102 9.191165
532 1699185421458 1 101 9.1677061 102 9.177090
533 1699185421974 1 101 9.1723991 102 9.233391
534 1699185422465 1 101 9.1723991 102 9.228700
535 1699185422950 1 101 9.1723991 102 9.200549
536 1699185423202 1 101 9.1489391 102 9.195857
537 1699185423446 1 101 9.1489391 102 9.209932
538 1699185423704 1 101 9.1723991 102 9.205240
539 1699185424208 1 101 9.1677061 102 9.181782
540 1699185424708 1 101 9.1864741 102 9.195857
541 1699185425203 1 101 9.1723991 102 9.191165
542 1699185425699 1 101 9.2052401 102 9.167706
543 1699185425954 1 101 9.1723991 102 9.228700
544 1699185426447 1 101 9.1489391 102 9.181782
545 1699185426703 1 101 9.1817821 102 9.209932
546 1699185426945 1 101 9.1583231 102 9.219316
547 1699185427219 1 101 9.1770901 102 9.242775
548 1699185427706 1 101 9.1348641 102 9.200549
549 1699185428210 1 101 9.1630141 102 9.209932
550 1699185428705 1 101 9.1583231 102 9.200549
551 1699185429256 1 101 9.1630141 102 9.242775
552 1699185429701 1 101 9.1536311 102 9.181782
553 1699185429956 1 101 9.1677061 102 9.224008
554 1699185430451 1 101 9.1301731 102 9.195857
555 1699185430704 1 101 9.1489391 102 9.200549
556 1699185430980 1 101 9.1301731 102 9.167706
557 1699185431458 1 101 9.1583231 102 9.195857
558 1699185431948 1 101 9.1770901 102 9.195857
559 1699185432224 1 101 9.1442481 102 9.224008
560 1699185432706 1 101 9.1489391 102 9.181782
561 1699185433210 1 101 9.1677061 102 9.195857
562 1699185433731 1 101 9.1911651 102 9.181782
563 1699185434210 1 101 9.1864741 102 9.200549
564 1699185434703 1 101 9.1911651 102 9.205240
565 1699185434955 1 101 9.1348641 102 9.181782
566 1699185435203 1 101 9.1817821 102 9.191165
567 1699185435705 1 101 9.2052401 102 9.209932
568 1699185436208 1 101 9.1254811 102 9.177090
569 1699185436707 1 101 9.1583231 102 9.228700
570 1699185437204 1 101 9.1489391 102 9.219316
571 1699185437461 1 101 9.1817821 102 9.195857
572 1699185437952 1 101 9.1442481 102 9.224008
573 1699185438205 1 101 9.1442481 102 9.200549
574 1699185438452 1 101 9.1677061 102 9.195857
575 1699185438702 1 101 9.1395561 102 9.200549
576 1699185438954 1 101 9.1677061 102 9.186474
577 1699185439208 1 101 9.1677061 102 9.195857
578 1699185439706 1 101 9.1723991 102 9.205240
579 1699185439951 1 101 9.1630141 102 9.172399
580 1699185440210 1 101 9.1489391 102 9.261541
581 1699185440711 1 101 9.1630141 102 9.209932
582 1699185441231 1 101 9.1301731 102 9.219316
583 1699185441708 1 101 9.1864741 102 9.209932
584 1699185442221 1 101 9.1583231 102 9.228700
585 1699185442710 1 101 9.1160971 102 9.261541
586 1699185443224 1 101 9.1395561 102 9.317842
587 1699185443704 1 101 9.1489391 102 9.270926
588 1699185443951 1 101 9.1395561 102 9.294384
589 1699185444219 1 101 9.1348641 102 9.238083
590 1699185444704 1 101 9.1207891 102 9.238083
591 1699185445200 1 101 9.1583231 102 9.205240
592 1699185445469 1 101 9.1958571 102 9.224008
593 1699185445962 1 101 9.1958571 102 9.195857
594 1699185446456 1 101 9.1583231 102 9.195857
595 1699185446706 1 101 9.2146241 102 9.191165
596 1699185446957 1 101 9.1395561 102 9.228700
597 1699185447466 1 101 9.4351371 102 9.571198
598 1699185447972 1 101 9.8245531 102 9.937156
599 1699185448465 1 101 10.1107511 102 10.120134
600 1699185448959 1 101 10.1717441 102 10.157668
601 1699185449464 1 101 10.1764351 102 10.181128
602 1699185449967 1 101 10.1435931 102 10.171744
603 1699185450466 1 101 10.1295181 102 10.129518
604 1699185450955 1 101 10.1201341 102 10.138902
605 1699185451203 1 101 10.1013671 102 10.204586
606 1699185451456 1 101 10.1529771 102 10.223353
607 1699185452533 1 101 10.1717441 102 10.209278
608 1699185452954 1 101 10.1295181 102 10.171744
609 1699185453208 1 101 10.1389021 102 10.143593
610 1699185453465 1 101 10.1295181 102 10.162360
611 1699185453961 1 101 10.1482851 102 10.190511
612 1699185454455 1 101 10.1717441 102 10.204586
613 1699185456472 1 102 10.1811281 101 10.209278
614 1699185456972 1 101 10.1952031 102 10.171744
615 1699185457470 1 101 10.2186611 102 10.218661
616 1699185457955 1 101 10.1858201 102 10.124826
617 1699185458210 1 101 10.2139701 102 10.237429
618 1699185458456 1 101 10.2561961 102 10.176435
619 1699185458707 1 101 10.2608871 102 10.176435
620 1699185458959 1 101 10.1905111 102 10.171744
621 1699185459211 1 101 10.1717441 102 10.195203
622 1699185459717 1 101 10.1998951 102 10.162360
623 1699185460216 1 101 10.1905111 102 10.120134
624 1699185460710 1 101 10.2045861 102 10.181128
625 1699185460957 1 101 10.1482851 102 10.120134
626 1699185461204 1 101 10.1858201 102 10.148285
627 1699185461457 1 101 10.1717441 102 10.157668
628 1699185461971 1 101 10.1529771 102 10.199895
629 1699185462466 1 101 10.1811281 102 10.199895
630 1699185462960 1 101 10.1717441 102 10.120134
631 1699185463461 1 101 10.1764351 102 10.096676
632 1699185463966 1 101 10.1858201 102 10.195203
633 1699185464460 1 101 10.1670521 102 10.167052
634 1699185464968 1 101 10.1764351 102 10.199895
635 1699185465466 1 101 10.1623601 102 10.176435
636 1699185465958 1 101 10.1952031 102 10.204586
637 1699185466210 1 101 10.1670521 102 10.124826
638 1699185466713 1 101 10.1670521 102 10.162360
639 1699185467209 1 101 10.1764351 102 10.232737
640 1699185468159 1 101 10.1764351 102 10.157668
641 1699185468466 1 101 10.1576681 102 10.148285
642 1699185468958 1 101 10.1670521 102 10.157668
643 1699185469232 1 101 10.1858201 102 10.106059
644 1699185469723 1 101 10.1858201 102 10.181128
645 1699185470208 1 101 10.1858201 102 10.134210
646 1699185470460 1 101 10.1717441 102 10.115442
647 1699185470716 1 101 10.1717441 102 10.143593
648 1699185471210 1 101 10.1952031 102 10.185820
649 1699185471460 1 101 10.1858201 102 10.138902
650 1699185471707 1 101 10.1717441 102 10.213970
651 1699185471957 1 101 10.1435931 102 10.138902
652 1699185472213 1 101 10.1435931 102 10.157668
653 1699185472712 1 101 10.1858201 102 10.162360
654 1699185473244 1 101 10.1998951 102 10.134210
655 1699185473711 1 101 10.2186611 102 10.120134
656 1699185474209 1 101 10.1905111 102 10.134210
657 1699185474460 1 101 10.1858201 102 10.167052
658 1699185474968 1 101 10.1905111 102 10.162360
659 1699185475462 1 101 10.1998951 102 10.157668
660 1699185475962 1 101 10.2139701 102 10.143593
661 1699185476214 1 101 10.1858201 102 10.120134
662 1699185476711 1 101 10.1811281 102 10.143593
663 1699185477252 1 101 10.1952031 102 10.148285
664 1699185477714 1 101 10.1952031 102 10.124826
665 1699185478210 1 101 10.1952031 102 10.185820
666 1699185478721 1 101 10.1811281 102 10.143593
667 1699185479215 1 101 10.1905111 102 10.204586
668 1699185479718 1 101 10.1905111 102 10.270271
669 1699185480834 1 102 10.1998951 101 10.199895
670 1699185481209 1 101 10.1623601 102 10.185820
671 1699185481468 1 101 10.1764351 102 10.181128
672 1699185481961 1 101 10.1717441 102 10.190511