1 1699185219572
2 1699185219654
3 1699185219699
4 1699185219758
5 1699185219824
6 1699185219884
7 1699185219943
8 1699185220003
9 1699185220067
10 1699185220125
11 1699185220191
12 1699185220251
13 1699185220314
14 1699185220375
15 1699185220434
16 1699185220494
17 1699185220553
18 1699185220614
19 1699185220671
20 1699185220736
21 1699185220796
22 1699185220860
23 1699185220919
24 1699185220978
25 1699185221038
26 1699185221099
27 1699185221160
28 1699185221215
29 1699185221280
30 1699185221346
31 1699185221399
32 1699185221465
33 1699185221519
34 1699185221583
35 1699185221645
36 1699185221699
37 1699185221763
38 1699185221824
39 1699185221883
40 1699185221949
41 1699185222009
42 1699185222071
43 1699185222119
44 1699185222179
45 1699185222240
46 1699185222311
47 1699185222377
48 1699185222429
49 1699185222483
50 1699185222543
51 1699185222604
52 1699185222663
53 1699185222722
54 1699185222784
55 1699185222848
56 1699185222908
57 1699185222966
58 1699185223026
59 1699185223086
60 1699185223147
61 1699185223208
62 1699185223269
63 1699185223329
64 1699185223386
65 1699185223451
66 1699185223514
67 1699185223577
68 1699185223631
69 1699185223690
70 1699185223752
71 1699185223817
72 1699185223872
73 1699185223934
74 1699185223995
75 1699185224058
76 1699185224115
77 1699185224175
78 1699185224240
79 1699185224301
80 1699185224356
81 1699185224414
82 1699185224481
83 1699185224546
84 1699185224600
85 1699185224658
86 1699185224721
87 1699185224785
88 1699185224840
89 1699185224899
90 1699185224961
91 1699185225038
92 1699185225084
93 1699185225142
94 1699185225204
95 1699185225269
96 1699185225325
97 1699185225383
98 1699185225444
99 1699185225514
100 1699185225567
101 1699185225627
102 1699185225695
103 1699185225755
104 1699185225808
105 1699185225867
106 1699185225931
107 1699185225994
108 1699185226051
109 1699185226111
110 1699185226176
111 1699185226237
112 1699185226291
113 1699185226350
114 1699185226412
115 1699185226474
116 1699185226537
117 1699185226599
118 1699185226658
119 1699185226719
120 1699185226775
121 1699185226837
122 1699185226900
123 1699185226959
124 1699185227016
125 1699185227078
126 1699185227142
127 1699185227205
128 1699185227262
129 1699185227319
130 1699185227380
131 1699185227441
132 1699185227501
133 1699185227561
134 1699185227624
135 1699185227685
136 1699185227746
137 1699185227805
138 1699185227865
139 1699185227925
140 1699185227988
141 1699185228047
142 1699185228107
143 1699185228167
144 1699185228232
145 1699185228298
146 1699185228348
147 1699185228409
148 1699185228471
149 1699185228533
150 1699185228589
151 1699185228653
152 1699185228715
153 1699185228774
154 1699185228837
155 1699185228895
156 1699185228951
157 1699185229013
158 1699185229076
159 1699185229140
160 1699185229195
161 1699185229256
162 1699185229321
163 1699185229379
164 1699185229437
165 1699185229497
166 1699185229558
167 1699185229619
168 1699185229679
169 1699185229739
170 1699185229800
171 1699185229863
172 1699185229920
173 1699185229979
174 1699185230040
175 1699185230103
176 1699185230159
177 1699185230223
178 1699185230283
179 1699185230345
180 1699185230405
181 1699185230465
182 1699185230525
183 1699185230584
184 1699185230644
185 1699185230709
186 1699185230768
187 1699185230829
188 1699185230889
189 1699185230949
190 1699185231011
191 1699185231070
192 1699185231127
193 1699185231188
194 1699185231257
195 1699185231316
196 1699185231371
197 1699185231430
198 1699185231493
199 1699185231556
200 1699185231613
201 1699185231670
202 1699185231738
203 1699185231800
204 1699185231857
205 1699185231915
206 1699185231976
207 1699185232040
208 1699185232096
209 1699185232157
210 1699185232216
211 1699185232280
212 1699185232341
213 1699185232405
214 1699185232459
215 1699185232519
216 1699185232580
217 1699185232644
218 1699185232699
219 1699185232758
220 1699185232823
221 1699185232884
222 1699185232944
223 1699185233004
224 1699185233065
225 1699185233124
226 1699185233184
227 1699185233245
228 1699185233307
229 1699185233367
230 1699185233427
231 1699185233487
232 1699185233548
233 1699185233609
234 1699185233668
235 1699185233728
236 1699185233788
237 1699185233853
238 1699185233916
239 1699185233971
240 1699185234030
241 1699185234097
242 1699185234156
243 1699185234212
244 1699185234270
245 1699185234330
246 1699185234396
247 1699185234456
248 1699185234516
249 1699185234576
250 1699185234636
251 1699185234697
252 1699185234756
253 1699185234816
254 1699185234881
255 1699185234942
256 1699185235000
257 1699185235060
258 1699185235120
259 1699185235180
260 1699185235241
261 1699185235301
262 1699185235361
263 1699185235425
264 1699185235486
265 1699185235544
266 1699185235603
267 1699185235662
268 1699185235723
269 1699185235788
270 1699185235845
271 1699185235906
272 1699185235966
273 1699185236032
274 1699185236092
275 1699185236153
276 1699185236207
277 1699185236267
278 1699185236333
279 1699185236393
280 1699185236451
281 1699185236511
282 1699185236577
283 1699185236637
284 1699185236693
285 1699185236750
286 1699185236813
287 1699185236877
288 1699185236931
289 1699185236995
290 1699185237063
291 1699185237121
292 1699185237176
293 1699185237234
294 1699185237295
295 1699185237360
296 1699185237420
297 1699185237485
298 1699185237539
299 1699185237598
300 1699185237665
301 1699185237724
302 1699185237785
303 1699185237838
304 1699185237898
305 1699185237958
306 1699185238025
307 1699185238088
308 1699185238148
309 1699185238207
310 1699185238266
311 1699185238322
312 1699185238385
313 1699185238449
314 1699185238515
315 1699185238568
316 1699185238630
317 1699185238692
318 1699185238753
319 1699185238807
320 1699185238869
321 1699185238932
322 1699185238993
323 1699185239051
324 1699185239114
325 1699185239186
326 1699185239240
327 1699185239291
328 1699185239351
329 1699185239418
330 1699185239477
331 1699185239530
332 1699185239595
333 1699185239657
334 1699185239721
335 1699185239776
336 1699185239836
337 1699185239908
338 1699185239965
339 1699185240016
340 1699185240081
341 1699185240145
342 1699185240205
343 1699185240259
344 1699185240320
345 1699185240385
346 1699185240446
347 1699185240500
348 1699185240564
349 1699185240636
350 1699185240693
351 1699185240742
352 1699185240804
353 1699185240870
354 1699185240939
355 1699185240982
356 1699185241042
357 1699185241113
358 1699185241173
359 1699185241228
360 1699185241286
361 1699185241347
362 1699185241422
363 1699185241468
364 1699185241526
365 1699185241587
366 1699185241652
367 1699185241712
368 1699185241772
369 1699185241833
370 1699185241893
371 1699185241950
372 1699185242011
373 1699185242075
374 1699185242138
375 1699185242195
376 1699185242254
377 1699185242315
378 1699185242377
379 1699185242435
380 1699185242495
381 1699185242558
382 1699185242621
383 1699185242680
384 1699185242738
385 1699185242800
386 1699185242864
387 1699185242920
388 1699185242978
389 1699185243040
390 1699185243105
391 1699185243159
392 1699185243222
393 1699185243296
394 1699185243349
395 1699185243404
396 1699185243462
397 1699185243523
398 1699185243586
399 1699185243645
400 1699185243706
401 1699185243772
402 1699185243833
403 1699185243888
404 1699185243946
405 1699185244012
406 1699185244075
407 1699185244127
408 1699185244186
409 1699185244256
410 1699185244324
411 1699185244373
412 1699185244431
413 1699185244507
414 1699185244565
415 1699185244613
416 1699185244670
417 1699185244733
418 1699185244801
419 1699185244856
420 1699185244915
421 1699185244980
422 1699185245041
423 1699185245096
424 1699185245155
425 1699185245221
426 1699185245286
427 1699185245339
428 1699185245399
429 1699185245465
430 1699185245525
431 1699185245579
432 1699185245639
433 1699185245705
434 1699185245765
435 1699185245825
436 1699185245885
437 1699185245956
438 1699185246019
439 1699185246063
440 1699185246124
441 1699185246191
442 1699185246249
443 1699185246307
444 1699185246368
445 1699185246434
446 1699185246494
447 1699185246549
448 1699185246609
449 1699185246672
450 1699185246733
451 1699185246787
452 1699185246851
453 1699185246916
454 1699185246975
455 1699185247032
456 1699185247094
457 1699185247165
458 1699185247216
459 1699185247271
460 1699185247334
461 1699185247400
462 1699185247461
463 1699185247515
464 1699185247578
465 1699185247639
466 1699185247701
467 1699185247755
468 1699185247817
469 1699185247886
470 1699185247946
471 1699185247999
472 1699185248062
473 1699185248124
474 1699185248186
475 1699185248239
476 1699185248303
477 1699185248365
478 1699185248428
479 1699185248483
480 1699185248548
481 1699185248615
482 1699185248670
483 1699185248723
484 1699185248784
485 1699185248848
486 1699185248910
487 1699185248968
488 1699185249029
489 1699185249100
490 1699185249154
491 1699185249207
492 1699185249268
493 1699185249332
494 1699185249394
495 1699185249451
496 1699185249511
497 1699185249578
498 1699185249637
499 1699185249691
500 1699185249750
501 1699185249813
502 1699185249877
503 1699185249932
504 1699185249994
505 1699185250056
506 1699185250120
507 1699185250176
508 1699185250234
509 1699185250295
510 1699185250361
511 1699185250416
512 1699185250478
513 1699185250541
514 1699185250606
515 1699185250660
516 1699185250718
517 1699185250780
518 1699185250854
519 1699185250901
520 1699185250959
521 1699185251026
522 1699185251096
523 1699185251145
524 1699185251202
525 1699185251265
526 1699185251329
527 1699185251385
528 1699185251446
529 1699185251505
530 1699185251571
531 1699185251626
532 1699185251687
533 1699185251753
534 1699185251825
535 1699185251868
536 1699185251926
537 1699185251988
538 1699185252058
539 1699185252112
540 1699185252170
541 1699185252232
542 1699185252306
543 1699185252352
544 1699185252410
545 1699185252471
546 1699185252536
547 1699185252621
548 1699185252656
549 1699185252714
550 1699185252778
551 1699185252839
552 1699185252901
553 1699185252954
554 1699185253015
555 1699185253090
556 1699185253145
557 1699185253200
558 1699185253258
559 1699185253320
560 1699185253385
561 1699185253440
562 1699185253498
563 1699185253561
564 1699185253629
565 1699185253684
566 1699185253745
567 1699185253808
568 1699185253868
569 1699185253923
570 1699185253983
571 1699185254049
572 1699185254109
573 1699185254167
574 1699185254227
575 1699185254304
576 1699185254362
577 1699185254408
578 1699185254466
579 1699185254532
580 1699185254592
581 1699185254651
582 1699185254710
583 1699185254774
584 1699185254836
585 1699185254893
586 1699185254951
587 1699185255013
588 1699185255076
589 1699185255132
590 1699185255194
591 1699185255256
592 1699185255320
593 1699185255375
594 1699185255434
595 1699185255500
596 1699185255559
597 1699185255618
598 1699185255678
599 1699185255741
600 1699185255803
601 1699185255859
602 1699185255919
603 1699185255984
604 1699185256044
605 1699185256101
606 1699185256159
607 1699185256229
608 1699185256294
609 1699185256344
610 1699185256403
611 1699185256467
612 1699185256532
613 1699185256585
614 1699185256643
615 1699185256709
616 1699185256771
617 1699185256832
618 1699185256887
619 1699185256950
620 1699185257012
621 1699185257072
622 1699185257127
623 1699185257192
624 1699185257256
625 1699185257316
626 1699185257371
627 1699185257432
628 1699185257494
629 1699185257554
630 1699185257614
631 1699185257674
632 1699185257733
633 1699185257798
634 1699185257858
635 1699185257920
636 1699185257980
637 1699185258035
638 1699185258097
639 1699185258162
640 1699185258220
641 1699185258281
642 1699185258340
643 1699185258406
644 1699185258464
645 1699185258521
646 1699185258579
647 1699185258642
648 1699185258704
649 1699185258764
650 1699185258825
651 1699185258885
652 1699185258947
653 1699185259007
654 1699185259067
655 1699185259127
656 1699185259187
657 1699185259247
658 1699185259304
659 1699185259371
660 1699185259432
661 1699185259487
662 1699185259547
663 1699185259612
664 1699185259671
665 1699185259729
666 1699185259789
667 1699185259856
668 1699185259915
669 1699185259976
670 1699185260031
671 1699185260092
672 1699185260156
673 1699185260210
674 1699185260271
675 1699185260336
676 1699185260400
677 1699185260460
678 1699185260517
679 1699185260581
680 1699185260640
681 1699185260697
682 1699185260757
683 1699185260821
684 1699185260883
685 1699185260944
686 1699185261004
687 1699185261063
688 1699185261123
689 1699185261179
690 1699185261241
691 1699185261301
692 1699185261362
693 1699185261426
694 1699185261486
695 1699185261547
696 1699185261607
697 1699185261664
698 1699185261724
699 1699185261786
700 1699185261843
701 1699185261902
702 1699185261972
703 1699185262032
704 1699185262092
705 1699185262147
706 1699185262210
707 1699185262272
708 1699185262332
709 1699185262389
710 1699185262451
711 1699185262517
712 1699185262576
713 1699185262636
714 1699185262690
715 1699185262753
716 1699185262816
717 1699185262876
718 1699185262931
719 1699185262999
720 1699185263060
721 1699185263116
722 1699185263175
723 1699185263241
724 1699185263300
725 1699185263355
726 1699185263420
727 1699185263484
728 1699185263545
729 1699185263599
730 1699185263659
731 1699185263725
732 1699185263792
733 1699185263841
734 1699185263898
735 1699185263961
736 1699185264027
737 1699185264084
738 1699185264142
739 1699185264204
740 1699185264268
741 1699185264325
742 1699185264382
743 1699185264443
744 1699185264503
745 1699185264567
746 1699185264627
747 1699185264688
748 1699185264750
749 1699185264806
750 1699185264866
751 1699185264929
752 1699185264992
753 1699185265052
754 1699185265110
755 1699185265172
756 1699185265234
757 1699185265292
758 1699185265350
759 1699185265417
760 1699185265488
761 1699185265532
762 1699185265594
763 1699185265657
764 1699185265721
765 1699185265777
766 1699185265834
767 1699185265896
768 1699185265958
769 1699185266018
770 1699185266075
771 1699185266141
772 1699185266208
773 1699185266261
774 1699185266319
775 1699185266381
776 1699185266445
777 1699185266502
778 1699185266559
779 1699185266624
780 1699185266685
781 1699185266745
782 1699185266804
783 1699185266863
784 1699185266924
785 1699185266984
786 1699185267045
787 1699185267104
788 1699185267170
789 1699185267233
790 1699185267287
791 1699185267346
792 1699185267408
793 1699185267482
794 1699185267539
795 1699185267586
796 1699185267657
797 1699185267732
798 1699185267772
799 1699185267831
800 1699185267896
801 1699185267956
802 1699185268018
803 1699185268071
804 1699185268132
805 1699185268201
806 1699185268261
807 1699185268317
808 1699185268375
809 1699185268440
810 1699185268501
811 1699185268556
812 1699185268616
813 1699185268681
814 1699185268745
815 1699185268800
816 1699185268862
817 1699185268933
818 1699185268987
819 1699185269039
820 1699185269100
821 1699185269169
822 1699185269230
823 1699185269284
824 1699185269346
825 1699185269408
826 1699185269471
827 1699185269524
828 1699185269587
829 1699185269649
830 1699185269710
831 1699185269767
832 1699185269829
833 1699185269892
834 1699185269962
835 1699185270007
836 1699185270068
837 1699185270133
838 1699185270194
839 1699185270251
840 1699185270312
841 1699185270375
842 1699185270437
843 1699185270492
844 1699185270555
845 1699185270624
846 1699185270677
847 1699185270731
848 1699185270800
849 1699185270859
850 1699185270920
851 1699185270976
852 1699185271037
853 1699185271098
854 1699185271158
855 1699185271218
856 1699185271278
857 1699185271344
858 1699185271408
859 1699185271460
860 1699185271521
861 1699185271585
862 1699185271647
863 1699185271699
864 1699185271760
865 1699185271838
866 1699185271898
867 1699185271943
868 1699185272004
869 1699185272068
870 1699185272129
871 1699185272184
872 1699185272243
873 1699185272309
874 1699185272373
875 1699185272427
876 1699185272487
877 1699185272553
878 1699185272614
879 1699185272668
880 1699185272728
881 1699185272793
882 1699185272858
883 1699185272912
884 1699185272974
885 1699185273037
886 1699185273098
887 1699185273151
888 1699185273212
889 1699185273277
890 1699185273342
891 1699185273394
892 1699185273454
893 1699185273514
894 1699185273574
895 1699185273635
896 1699185273702
897 1699185273760
898 1699185273822
899 1699185273875
900 1699185273940
901 1699185274004
902 1699185274076
903 1699185274119
904 1699185274180
905 1699185274243
906 1699185274305
907 1699185274360
908 1699185274426
909 1699185274488
910 1699185274550
911 1699185274603
912 1699185274664
913 1699185274730
914 1699185274789
915 1699185274844
916 1699185274904
917 1699185274981
918 1699185275032
919 1699185275088
920 1699185275148
921 1699185275214
922 1699185275274
923 1699185275327
924 1699185275390
925 1699185275456
926 1699185275517
927 1699185275571
928 1699185275636
929 1699185275704
930 1699185275758
931 1699185275811
932 1699185275872
933 1699185275935
934 1699185276002
935 1699185276055
936 1699185276118
937 1699185276180
938 1699185276241
939 1699185276295
940 1699185276356
941 1699185276420
942 1699185276481
943 1699185276540
944 1699185276604
945 1699185276664
946 1699185276731
947 1699185276779
948 1699185276842
949 1699185276905
950 1699185276965
951 1699185277024
952 1699185277087
953 1699185277148
954 1699185277210
955 1699185277263
956 1699185277325
957 1699185277387
958 1699185277449
959 1699185277503
960 1699185277571
961 1699185277632
962 1699185277694
963 1699185277747
964 1699185277808
965 1699185277872
966 1699185277935
967 1699185277987
968 1699185278051
969 1699185278124
970 1699185278190
971 1699185278232
972 1699185278290
973 1699185278353
974 1699185278420
975 1699185278473
976 1699185278530
977 1699185278596
978 1699185278670
979 1699185278716
980 1699185278774
981 1699185278836
982 1699185278899
983 1699185278955
984 1699185279015
985 1699185279079
986 1699185279152
987 1699185279200
988 1699185279258
989 1699185279321
990 1699185279385
991 1699185279440
992 1699185279499
993 1699185279562
994 1699185279638
995 1699185279684
996 1699185279742
997 1699185279806
998 1699185279880
999 1699185279924
1000 1699185279982
1001 1699185280044
1002 1699185280108
1003 1699185280175
1004 1699185280227
1005 1699185280288
1006 1699185280362
1007 1699185280408
1008 1699185280466
1009 1699185280533
1010 1699185280593
1011 1699185280648
1012 1699185280710
1013 1699185280771
1014 1699185280833
1015 1699185280893
1016 1699185280954
1017 1699185281014
1018 1699185281074
1019 1699185281131
1020 1699185281196
1021 1699185281260
1022 1699185281322
1023 1699185281375
1024 1699185281434
1025 1699185281497
1026 1699185281572
1027 1699185281619
1028 1699185281674
1029 1699185281739
1030 1699185281801
1031 1699185281862
1032 1699185281922
1033 1699185281982
1034 1699185282044
1035 1699185282099
1036 1699185282161
1037 1699185282229
1038 1699185282289
1039 1699185282343
1040 1699185282403
1041 1699185282468
1042 1699185282536
1043 1699185282583
1044 1699185282642
1045 1699185282703
1046 1699185282773
1047 1699185282839
1048 1699185282896
1049 1699185282947
1050 1699185283010
1051 1699185283071
1052 1699185283133
1053 1699185283186
1054 1699185283249
1055 1699185283323
1056 1699185283377
1057 1699185283431
1058 1699185283491
1059 1699185283564
1060 1699185283618
1061 1699185283672
1062 1699185283733
1063 1699185283810
1064 1699185283860
1065 1699185283915
1066 1699185283976
1067 1699185284041
1068 1699185284101
1069 1699185284156
1070 1699185284220
1071 1699185284280
1072 1699185284346
1073 1699185284399
1074 1699185284461
1075 1699185284524
1076 1699185284585
1077 1699185284639
1078 1699185284701
1079 1699185284765
1080 1699185284830
1081 1699185284883
1082 1699185284948
1083 1699185285008
1084 1699185285069
1085 1699185285124
1086 1699185285187
1087 1699185285249
1088 1699185285307
1089 1699185285367
1090 1699185285431
1091 1699185285492
1092 1699185285553
1093 1699185285608
1094 1699185285670
1095 1699185285732
1096 1699185285794
1097 1699185285848
1098 1699185285916
1099 1699185285978
1100 1699185286038
1101 1699185286092
1102 1699185286157
1103 1699185286216
1104 1699185286277
1105 1699185286332
1106 1699185286401
1107 1699185286460
1108 1699185286522
1109 1699185286576
1110 1699185286640
1111 1699185286699
1112 1699185286762
1113 1699185286815
1114 1699185286879
1115 1699185286944
1116 1699185287005
1117 1699185287060
1118 1699185287124
1119 1699185287185
1120 1699185287245
1121 1699185287299
1122 1699185287361
1123 1699185287429
1124 1699185287495
1125 1699185287543
1126 1699185287604
1127 1699185287669
1128 1699185287738
1129 1699185287783
1130 1699185287844
1131 1699185287909
1132 1699185287973
1133 1699185288027
1134 1699185288088
1135 1699185288152
1136 1699185288230
1137 1699185288267
1138 1699185288327
1139 1699185288392
1140 1699185288453
1141 1699185288512
1142 1699185288571
1143 1699185288636
1144 1699185288702
1145 1699185288752
1146 1699185288810
1147 1699185288874
1148 1699185288938
1149 1699185288996
1150 1699185289055
1151 1699185289116
1152 1699185289191
1153 1699185289237
1154 1699185289294
1155 1699185289357
1156 1699185289420
1157 1699185289477
1158 1699185289538
1159 1699185289600
1160 1699185289663
1161 1699185289719
1162 1699185289779
1163 1699185289846
1164 1699185289907
1165 1699185289964
1166 1699185290022
1167 1699185290088
1168 1699185290150
1169 1699185290204
1170 1699185290262
1171 1699185290323
1172 1699185290383
1173 1699185290443
1174 1699185290505
1175 1699185290583
1176 1699185290633
1177 1699185290686
1178 1699185290747
1179 1699185290812
1180 1699185290878
1181 1699185290929
1182 1699185290987
1183 1699185291049
1184 1699185291118
1185 1699185291172
1186 1699185291230
1187 1699185291304
1188 1699185291377
1189 1699185291413
1190 1699185291470
1191 1699185291531
1192 1699185291597
1193 1699185291657
1194 1699185291717
1195 1699185291778
1196 1699185291838
1197 1699185291895
1198 1699185291956
1199 1699185292021
1200 1699185292082
1201 1699185292139
1202 1699185292198
1203 1699185292260
1204 1699185292325
1205 1699185292380
1206 1699185292439
1207 1699185292504
1208 1699185292576
1209 1699185292624
1210 1699185292683
1211 1699185292746
1212 1699185292818
1213 1699185292864
1214 1699185292923
1215 1699185292985
1216 1699185293048
1217 1699185293104
1218 1699185293166
1219 1699185293234
1220 1699185293293
1221 1699185293349
1222 1699185293407
1223 1699185293470
1224 1699185293535
1225 1699185293587
1226 1699185293647
1227 1699185293721
1228 1699185293777
1229 1699185293832
1230 1699185293891
1231 1699185293957
1232 1699185294018
1233 1699185294072
1234 1699185294132
1235 1699185294202
1236 1699185294261
1237 1699185294315
1238 1699185294376
1239 1699185294445
1240 1699185294501
1241 1699185294556
1242 1699185294615
1243 1699185294682
1244 1699185294750
1245 1699185294798
1246 1699185294858
1247 1699185294920
1248 1699185294979
1249 1699185295045
1250 1699185295105
1251 1699185295163
1252 1699185295229
1253 1699185295283
1254 1699185295346
1255 1699185295408
1256 1699185295470
1257 1699185295523
1258 1699185295585
1259 1699185295649
1260 1699185295710
1261 1699185295767
1262 1699185295828
1263 1699185295894
1264 1699185295954
1265 1699185296007
1266 1699185296068
1267 1699185296134
1268 1699185296193
1269 1699185296248
1270 1699185296314
1271 1699185296376
1272 1699185296437
1273 1699185296491
1274 1699185296553
1275 1699185296617
1276 1699185296678
1277 1699185296731
1278 1699185296795
1279 1699185296863
1280 1699185296926
1281 1699185296976
1282 1699185297035
1283 1699185297115
1284 1699185297162
1285 1699185297215
1286 1699185297275
1287 1699185297355
1288 1699185297405
1289 1699185297460
1290 1699185297519
1291 1699185297585
1292 1699185297646
1293 1699185297699
1294 1699185297758
1295 1699185297819
1296 1699185297890
1297 1699185297968
1298 1699185298004
1299 1699185298063
1300 1699185298128
1301 1699185298196
1302 1699185298249
1303 1699185298303
1304 1699185298371
1305 1699185298433
1306 1699185298496
1307 1699185298547
1308 1699185298612
1309 1699185298672
1310 1699185298738
1311 1699185298786
1312 1699185298847
1313 1699185298918
1314 1699185298978
1315 1699185299032
1316 1699185299091
1317 1699185299151
1318 1699185299217
1319 1699185299272
1320 1699185299331
1321 1699185299396
1322 1699185299462
1323 1699185299517
1324 1699185299574
1325 1699185299635
1326 1699185299696
1327 1699185299757
1328 1699185299818
1329 1699185299877
1330 1699185299943
1331 1699185299998
1332 1699185300059
1333 1699185300132
1334 1699185300204
1335 1699185300239
1336 1699185300298
1337 1699185300361
1338 1699185300426
1339 1699185300484
1340 1699185300542
1341 1699185300604
1342 1699185300678
1343 1699185300724
1344 1699185300782
1345 1699185300844
1346 1699185300909
1347 1699185300969
1348 1699185301027
1349 1699185301089
1350 1699185301153
1351 1699185301208
1352 1699185301266
1353 1699185301327
1354 1699185301390
1355 1699185301447
1356 1699185301511
1357 1699185301583
1358 1699185301638
1359 1699185301691
1360 1699185301751
1361 1699185301814
1362 1699185301877
1363 1699185301932
1364 1699185301994
1365 1699185302067
1366 1699185302123
1367 1699185302184
1368 1699185302234
1369 1699185302295
1370 1699185302359
1371 1699185302416
1372 1699185302475
1373 1699185302540
1374 1699185302602
1375 1699185302662
1376 1699185302721
1377 1699185302781
1378 1699185302841
1379 1699185302901
1380 1699185302961
1381 1699185303022
1382 1699185303085
1383 1699185303145
1384 1699185303205
1385 1699185303265
1386 1699185303325
1387 1699185303386
1388 1699185303445
1389 1699185303505
1390 1699185303569
1391 1699185303629
1392 1699185303690
1393 1699185303750
1394 1699185303809
1395 1699185303870
1396 1699185303930
1397 1699185303989
1398 1699185304049
1399 1699185304114
1400 1699185304173
1401 1699185304236
1402 1699185304296
1403 1699185304352
1404 1699185304412
1405 1699185304478
1406 1699185304537
1407 1699185304595
1408 1699185304656
1409 1699185304722
1410 1699185304780
1411 1699185304837
1412 1699185304897
1413 1699185304957
1414 1699185305019
1415 1699185305079
1416 1699185305143
1417 1699185305203
1418 1699185305263
1419 1699185305321
1420 1699185305380
1421 1699185305443
1422 1699185305501
1423 1699185305562
1424 1699185305622
1425 1699185305686
1426 1699185305746
1427 1699185305807
1428 1699185305867
1429 1699185305929
1430 1699185305984
1431 1699185306044
1432 1699185306108
1433 1699185306174
1434 1699185306230
1435 1699185306287
1436 1699185306351
1437 1699185306414
1438 1699185306472
1439 1699185306528
1440 1699185306591
1441 1699185306651
1442 1699185306716
1443 1699185306772
1444 1699185306833
1445 1699185306895
1446 1699185306956
1447 1699185307012
1448 1699185307073
1449 1699185307136
1450 1699185307200
1451 1699185307260
1452 1699185307320
1453 1699185307380
1454 1699185307437
1455 1699185307497
1456 1699185307560
1457 1699185307619
1458 1699185307679
1459 1699185307742
1460 1699185307803
1461 1699185307863
1462 1699185307923
1463 1699185307984
1464 1699185308043
1465 1699185308103
1466 1699185308163
1467 1699185308223
1468 1699185308287
1469 1699185308349
1470 1699185308407
1471 1699185308467
1472 1699185308527
1473 1699185308587
1474 1699185308647
1475 1699185308707
1476 1699185308771
1477 1699185308831
1478 1699185308890
1479 1699185308951
1480 1699185309012
1481 1699185309071
1482 1699185309131
1483 1699185309190
1484 1699185309251
1485 1699185309314
1486 1699185309374
1487 1699185309435
1488 1699185309494
1489 1699185309555
1490 1699185309615
1491 1699185309675
1492 1699185309735
1493 1699185309799
1494 1699185309859
1495 1699185309917
1496 1699185309977
1497 1699185310041
1498 1699185310100
1499 1699185310157
1500 1699185310215
1501 1699185310280
1502 1699185310349
1503 1699185310401
1504 1699185310461
1505 1699185310525
1506 1699185310583
1507 1699185310641
1508 1699185310701
1509 1699185310761
1510 1699185310821
1511 1699185310887
1512 1699185310948
1513 1699185311005
1514 1699185311065
1515 1699185311125
1516 1699185311185
1517 1699185311246
1518 1699185311306
1519 1699185311371
1520 1699185311431
1521 1699185311487
1522 1699185311548
1523 1699185311611
1524 1699185311671
1525 1699185311727
1526 1699185311789
1527 1699185311853
1528 1699185311912
1529 1699185311971
1530 1699185312032
1531 1699185312096
1532 1699185312157
1533 1699185312211
1534 1699185312272
1535 1699185312335
1536 1699185312397
1537 1699185312456
1538 1699185312521
1539 1699185312575
1540 1699185312634
1541 1699185312695
1542 1699185312756
1543 1699185312816
1544 1699185312875
1545 1699185312939
1546 1699185313004
1547 1699185313082
1548 1699185313120
1549 1699185313179
1550 1699185313240
1551 1699185313303
1552 1699185313365
1553 1699185313419
1554 1699185313482
1555 1699185313547
1556 1699185313608
1557 1699185313664
1558 1699185313722
1559 1699185313783
1560 1699185313846
1561 1699185313904
1562 1699185313970
1563 1699185314038
1564 1699185314098
1565 1699185314147
1566 1699185314207
1567 1699185314272
1568 1699185314334
1569 1699185314388
1570 1699185314446
1571 1699185314513
1572 1699185314587
1573 1699185314632
1574 1699185314691
1575 1699185314754
1576 1699185314827
1577 1699185314872
1578 1699185314930
1579 1699185314992
1580 1699185315058
1581 1699185315119
1582 1699185315178
1583 1699185315238
1584 1699185315299
1585 1699185315356
1586 1699185315417
1587 1699185315481
1588 1699185315544
1589 1699185315599
1590 1699185315660
1591 1699185315723
1592 1699185315785
1593 1699185315839
1594 1699185315900
1595 1699185315966
1596 1699185316026
1597 1699185316083
1598 1699185316143
1599 1699185316202
1600 1699185316262
1601 1699185316323
1602 1699185316389
1603 1699185316448
1604 1699185316509
1605 1699185316566
1606 1699185316628
1607 1699185316694
1608 1699185316758
1609 1699185316808
1610 1699185316869
1611 1699185316941
1612 1699185316994
1613 1699185317048
1614 1699185317112
1615 1699185317188
1616 1699185317237
1617 1699185317292
1618 1699185317353
1619 1699185317416
1620 1699185317478
1621 1699185317532
1622 1699185317592
1623 1699185317662
1624 1699185317724
1625 1699185317776
1626 1699185317835
1627 1699185317900
1628 1699185317960
1629 1699185318016
1630 1699185318076
1631 1699185318144
1632 1699185318206
1633 1699185318260
1634 1699185318322
1635 1699185318384
1636 1699185318445
1637 1699185318500
1638 1699185318562
1639 1699185318624
1640 1699185318688
1641 1699185318743
1642 1699185318809
1643 1699185318870
1644 1699185318929
1645 1699185318984
1646 1699185319047
1647 1699185319108
1648 1699185319173
1649 1699185319227
1650 1699185319292
1651 1699185319354
1652 1699185319413
1653 1699185319468
1654 1699185319530
1655 1699185319591
1656 1699185319653
1657 1699185319711
1658 1699185319774
1659 1699185319835
1660 1699185319897
1661 1699185319951
1662 1699185320012
1663 1699185320088
1664 1699185320137
1665 1699185320192
1666 1699185320258
1667 1699185320324
1668 1699185320382
1669 1699185320435
1670 1699185320497
1671 1699185320570
1672 1699185320622
1673 1699185320676
1674 1699185320742
1675 1699185320804
1676 1699185320865
1677 1699185320919
1678 1699185320980
1679 1699185321052
1680 1699185321106
1681 1699185321159
1682 1699185321221
1683 1699185321296
1684 1699185321357
1685 1699185321403
1686 1699185321464
1687 1699185321528
1688 1699185321589
1689 1699185321644
1690 1699185321705
1691 1699185321773
1692 1699185321834
1693 1699185321888
1694 1699185321949
1695 1699185322013
1696 1699185322074
1697 1699185322128
1698 1699185322189
1699 1699185322253
1700 1699185322318
1701 1699185322371
1702 1699185322432
1703 1699185322498
1704 1699185322558
1705 1699185322611
1706 1699185322673
1707 1699185322736
1708 1699185322798
1709 1699185322855
1710 1699185322920
1711 1699185322981
1712 1699185323041
1713 1699185323095
1714 1699185323155
1715 1699185323219
1716 1699185323282
1717 1699185323339
1718 1699185323399
1719 1699185323462
1720 1699185323535
1721 1699185323580
1722 1699185323638
1723 1699185323699
1724 1699185323760
1725 1699185323820
1726 1699185323886
1727 1699185323945
1728 1699185324006
1729 1699185324063
1730 1699185324129
1731 1699185324188
1732 1699185324242
1733 1699185324303
1734 1699185324373
1735 1699185324434
1736 1699185324490
1737 1699185324547
1738 1699185324607
1739 1699185324672
1740 1699185324733
1741 1699185324788
1742 1699185324847
1743 1699185324913
1744 1699185324983
1745 1699185325032
1746 1699185325090
1747 1699185325152
1748 1699185325226
1749 1699185325275
1750 1699185325331
1751 1699185325392
1752 1699185325459
1753 1699185325515
1754 1699185325575
1755 1699185325640
1756 1699185325703
1757 1699185325756
1758 1699185325814
1759 1699185325875
1760 1699185325941
1761 1699185326000
1762 1699185326062
1763 1699185326125
1764 1699185326179
1765 1699185326238
1766 1699185326299
1767 1699185326362
1768 1699185326422
1769 1699185326484
1770 1699185326546
1771 1699185326606
1772 1699185326663
1773 1699185326723
1774 1699185326787
1775 1699185326848
1776 1699185326906
1777 1699185326967
1778 1699185327030
1779 1699185327092
1780 1699185327148
1781 1699185327207
1782 1699185327272
1783 1699185327333
1784 1699185327391
1785 1699185327447
1786 1699185327513
1787 1699185327583
1788 1699185327632
1789 1699185327691
1790 1699185327754
1791 1699185327816
1792 1699185327872
1793 1699185327930
1794 1699185327991
1795 1699185328062
1796 1699185328121
1797 1699185328183
1798 1699185328235
1799 1699185328295
1800 1699185328361
1801 1699185328429
1802 1699185328482
1803 1699185328539
1804 1699185328601
1805 1699185328663
1806 1699185328725
1807 1699185328779
1808 1699185328842
1809 1699185328906
1810 1699185328965
1811 1699185329019
1812 1699185329088
1813 1699185329157
1814 1699185329208
1815 1699185329263
1816 1699185329325
1817 1699185329388
1818 1699185329450
1819 1699185329503
1820 1699185329569
1821 1699185329632
1822 1699185329693
1823 1699185329749
1824 1699185329809
1825 1699185329870
1826 1699185329931
1827 1699185329988
1828 1699185330053
1829 1699185330117
1830 1699185330179
1831 1699185330232
1832 1699185330293
1833 1699185330354
1834 1699185330414
1835 1699185330474
1836 1699185330534
1837 1699185330595
1838 1699185330663
1839 1699185330716
1840 1699185330778
1841 1699185330840
1842 1699185330902
1843 1699185330956
1844 1699185331017
1845 1699185331081
1846 1699185331146
1847 1699185331201
1848 1699185331263
1849 1699185331332
1850 1699185331392
1851 1699185331440
1852 1699185331500
1853 1699185331565
1854 1699185331624
1855 1699185331688
1856 1699185331747
1857 1699185331807
1858 1699185331868
1859 1699185331924
1860 1699185331986
1861 1699185332048
1862 1699185332108
1863 1699185332163
1864 1699185332229
1865 1699185332293
1866 1699185332353
1867 1699185332408
1868 1699185332471
1869 1699185332532
1870 1699185332593
1871 1699185332648
1872 1699185332715
1873 1699185332778
1874 1699185332833
1875 1699185332891
1876 1699185332955
1877 1699185333016
1878 1699185333078
1879 1699185333131
1880 1699185333192
1881 1699185333272
1882 1699185333321
1883 1699185333375
1884 1699185333436
1885 1699185333502
1886 1699185333562
1887 1699185333615
1888 1699185333676
1889 1699185333746
1890 1699185333816
1891 1699185333860
1892 1699185333919
1893 1699185333999
1894 1699185334050
1895 1699185334100
1896 1699185334158
1897 1699185334226
1898 1699185334290
1899 1699185334344
1900 1699185334403
1901 1699185334469
1902 1699185334530
1903 1699185334584
1904 1699185334643
1905 1699185334708
1906 1699185334770
1907 1699185334828
1908 1699185334887
1909 1699185334952
1910 1699185335013
1911 1699185335068
1912 1699185335126
1913 1699185335188
1914 1699185335253
1915 1699185335312
1916 1699185335370
1917 1699185335432
1918 1699185335497
1919 1699185335556
1920 1699185335610
1921 1699185335672
1922 1699185335735
1923 1699185335791
1924 1699185335855
1925 1699185335921
1926 1699185335982
1927 1699185336036
1928 1699185336094
1929 1699185336155
1930 1699185336218
1931 1699185336275
1932 1699185336339
1933 1699185336405
1934 1699185336466
1935 1699185336520
1936 1699185336578
1937 1699185336639
1938 1699185336701
1939 1699185336762
1940 1699185336822
1941 1699185336889
1942 1699185336951
1943 1699185337003
1944 1699185337062
1945 1699185337128
1946 1699185337198
1947 1699185337244
1948 1699185337303
1949 1699185337364
1950 1699185337429
1951 1699185337489
1952 1699185337551
1953 1699185337614
1954 1699185337677
1955 1699185337726
1956 1699185337787
1957 1699185337854
1958 1699185337927
1959 1699185337971
1960 1699185338030
1961 1699185338090
1962 1699185338150
1963 1699185338214
1964 1699185338276
1965 1699185338336
1966 1699185338391
1967 1699185338455
1968 1699185338520
1969 1699185338580
1970 1699185338642
1971 1699185338695
1972 1699185338755
1973 1699185338822
1974 1699185338880
1975 1699185338939
1976 1699185338999
1977 1699185339075
1978 1699185339125
1979 1699185339179
1980 1699185339239
1981 1699185339305
1982 1699185339367
1983 1699185339420
1984 1699185339483
1985 1699185339556
1986 1699185339608
1987 1699185339664
1988 1699185339723
1989 1699185339797
1990 1699185339862
1991 1699185339904
1992 1699185339963
1993 1699185340032
1994 1699185340102
1995 1699185340148
1996 1699185340209
1997 1699185340274
1998 1699185340334
1999 1699185340388
2000 1699185340448
2001 1699185340525
2002 1699185340587
2003 1699185340632
2004 1699185340693
2005 1699185340756
2006 1699185340819
2007 1699185340872
2008 1699185340933
2009 1699185340996
2010 1699185341070
2011 1699185341116
2012 1699185341177
2013 1699185341248
2014 1699185341301
2015 1699185341356
2016 1699185341417
2017 1699185341481
2018 1699185341545
2019 1699185341600
2020 1699185341662
2021 1699185341732
2022 1699185341785
2023 1699185341839
2024 1699185341902
2025 1699185341965
2026 1699185342026
2027 1699185342084
2028 1699185342145
2029 1699185342218
2030 1699185342269
2031 1699185342323
2032 1699185342384
2033 1699185342448
2034 1699185342515
2035 1699185342564
2036 1699185342627
2037 1699185342699
2038 1699185342760
2039 1699185342808
2040 1699185342869
2041 1699185342943
2042 1699185342994
2043 1699185343048
2044 1699185343110
2045 1699185343172
2046 1699185343236
2047 1699185343298
2048 1699185343355
2049 1699185343411
2050 1699185343473
2051 1699185343537
2052 1699185343597
2053 1699185343655
2054 1699185343716
2055 1699185343791
2056 1699185343842
2057 1699185343895
2058 1699185343957
2059 1699185344020
2060 1699185344082
2061 1699185344140
2062 1699185344203
2063 1699185344275
2064 1699185344325
2065 1699185344379
2066 1699185344441
2067 1699185344505
2068 1699185344566
2069 1699185344619
2070 1699185344686
2071 1699185344749
2072 1699185344810
2073 1699185344863
2074 1699185344925
2075 1699185344989
2076 1699185345050
2077 1699185345103
2078 1699185345164
2079 1699185345241
2080 1699185345303
2081 1699185345347
2082 1699185345407
2083 1699185345481
2084 1699185345536
2085 1699185345589
2086 1699185345649
2087 1699185345721
2088 1699185345778
2089 1699185345832
2090 1699185345896
2091 1699185345956
2092 1699185346018
2093 1699185346071
2094 1699185346133
2095 1699185346199
2096 1699185346265
2097 1699185346316
2098 1699185346378
2099 1699185346441
2100 1699185346502
2101 1699185346555
2102 1699185346617
2103 1699185346680
2104 1699185346741
2105 1699185346799
2106 1699185346861
2107 1699185346924
2108 1699185346984
2109 1699185347038
2110 1699185347099
2111 1699185347164
2112 1699185347226
2113 1699185347283
2114 1699185347343
2115 1699185347407
2116 1699185347480
2117 1699185347525
2118 1699185347582
2119 1699185347644
2120 1699185347707
2121 1699185347764
2122 1699185347827
2123 1699185347890
2124 1699185347955
2125 1699185348009
2126 1699185348066
2127 1699185348129
2128 1699185348193
2129 1699185348248
2130 1699185348311
2131 1699185348375
2132 1699185348439
2133 1699185348494
2134 1699185348550
2135 1699185348612
2136 1699185348685
2137 1699185348733
2138 1699185348790
2139 1699185348858
2140 1699185348922
2141 1699185348976
2142 1699185349034
2143 1699185349096
2144 1699185349158
2145 1699185349216
2146 1699185349277
2147 1699185349341
2148 1699185349403
2149 1699185349458
2150 1699185349519
2151 1699185349585
2152 1699185349646
2153 1699185349700
2154 1699185349759
2155 1699185349821
2156 1699185349888
2157 1699185349944
2158 1699185350003
2159 1699185350068
2160 1699185350130
2161 1699185350184
2162 1699185350242
2163 1699185350305
2164 1699185350370
2165 1699185350428
2166 1699185350486
2167 1699185350547
2168 1699185350609
2169 1699185350670
2170 1699185350730
2171 1699185350790
2172 1699185350847
2173 1699185350911
2174 1699185350978
2175 1699185351046
2176 1699185351091
2177 1699185351151
2178 1699185351217
2179 1699185351284
2180 1699185351337
2181 1699185351391
2182 1699185351459
2183 1699185351524
2184 1699185351576
2185 1699185351635
2186 1699185351700
2187 1699185351762
2188 1699185351817
2189 1699185351876
2190 1699185351941
2191 1699185352005
2192 1699185352060
2193 1699185352119
2194 1699185352183
2195 1699185352247
2196 1699185352301
2197 1699185352365
2198 1699185352424
2199 1699185352487
2200 1699185352543
2201 1699185352605
2202 1699185352670
2203 1699185352739
2204 1699185352783
2205 1699185352844
2206 1699185352908
2207 1699185352968
2208 1699185353027
2209 1699185353087
2210 1699185353153
2211 1699185353218
2212 1699185353269
2213 1699185353327
2214 1699185353393
2215 1699185353452
2216 1699185353516
2217 1699185353576
2218 1699185353636
2219 1699185353697
2220 1699185353751
2221 1699185353814
2222 1699185353877
2223 1699185353939
2224 1699185353991
2225 1699185354056
2226 1699185354126
2227 1699185354181
2228 1699185354236
2229 1699185354297
2230 1699185354361
2231 1699185354421
2232 1699185354481
2233 1699185354535
2234 1699185354605
2235 1699185354665
2236 1699185354725
2237 1699185354781
2238 1699185354841
2239 1699185354905
2240 1699185354963
2241 1699185355023
2242 1699185355087
2243 1699185355147
2244 1699185355207
2245 1699185355267
2246 1699185355327
2247 1699185355387
2248 1699185355447
2249 1699185355507
2250 1699185355568
2251 1699185355631
2252 1699185355691
2253 1699185355751
2254 1699185355811
2255 1699185355871
2256 1699185355929
2257 1699185355990
2258 1699185356054
2259 1699185356116
2260 1699185356172
2261 1699185356233
2262 1699185356297
2263 1699185356357
2264 1699185356417
2265 1699185356475
2266 1699185356537
2267 1699185356596
2268 1699185356656
2269 1699185356718
2270 1699185356780
2271 1699185356840
2272 1699185356896
2273 1699185356957
2274 1699185357020
2275 1699185357081
2276 1699185357136
2277 1699185357204
2278 1699185357264
2279 1699185357324
2280 1699185357380
2281 1699185357440
2282 1699185357505
2283 1699185357566
2284 1699185357619
2285 1699185357684
2286 1699185357750
2287 1699185357809
2288 1699185357863
2289 1699185357925
2290 1699185357988
2291 1699185358049
2292 1699185358103
2293 1699185358163
2294 1699185358227
2295 1699185358294
2296 1699185358353
2297 1699185358428
2298 1699185358466
2299 1699185358527
2300 1699185358593
2301 1699185358654
2302 1699185358715
2303 1699185358771
2304 1699185358833
2305 1699185358895
2306 1699185358966
2307 1699185359011
2308 1699185359072
2309 1699185359135
2310 1699185359198
2311 1699185359255
2312 1699185359315
2313 1699185359389
2314 1699185359453
2315 1699185359496
2316 1699185359555
2317 1699185359620
2318 1699185359682
2319 1699185359735
2320 1699185359800
2321 1699185359873
2322 1699185359934
2323 1699185359980
2324 1699185360039
2325 1699185360102
2326 1699185360167
2327 1699185360222
2328 1699185360282
2329 1699185360342
2330 1699185360402
2331 1699185360465
2332 1699185360528
2333 1699185360597
2334 1699185360649
2335 1699185360702
2336 1699185360763
2337 1699185360834
2338 1699185360903
2339 1699185360949
2340 1699185361006
2341 1699185361068
2342 1699185361133
2343 1699185361189
2344 1699185361246
2345 1699185361312
2346 1699185361378
2347 1699185361433
2348 1699185361490
2349 1699185361551
2350 1699185361613
2351 1699185361673
2352 1699185361732
2353 1699185361790
2354 1699185361857
2355 1699185361922
2356 1699185361980
2357 1699185362035
2358 1699185362095
2359 1699185362159
2360 1699185362221
2361 1699185362276
2362 1699185362334
2363 1699185362400
2364 1699185362470
2365 1699185362520
2366 1699185362578
2367 1699185362640
2368 1699185362702
2369 1699185362762
2370 1699185362822
2371 1699185362887
2372 1699185362946
2373 1699185363003
2374 1699185363063
2375 1699185363130
2376 1699185363190
2377 1699185363244
2378 1699185363302
2379 1699185363364
2380 1699185363435
2381 1699185363490
2382 1699185363548
2383 1699185363609
2384 1699185363671
2385 1699185363728
2386 1699185363788
2387 1699185363849
2388 1699185363914
2389 1699185363973
2390 1699185364032
2391 1699185364094
2392 1699185364159
2393 1699185364212
2394 1699185364271
2395 1699185364333
2396 1699185364398
2397 1699185364456
2398 1699185364516
2399 1699185364577
2400 1699185364638
2401 1699185364696
2402 1699185364756
2403 1699185364820
2404 1699185364882
2405 1699185364936
2406 1699185364999
2407 1699185365068
2408 1699185365126
2409 1699185365180
2410 1699185365239
2411 1699185365301
2412 1699185365364
2413 1699185365424
2414 1699185365483
2415 1699185365545
2416 1699185365608
2417 1699185365665
2418 1699185365723
2419 1699185365784
2420 1699185365849
2421 1699185365908
2422 1699185365967
2423 1699185366027
2424 1699185366090
2425 1699185366152
2426 1699185366213
2427 1699185366267
2428 1699185366328
2429 1699185366391
2430 1699185366451
2431 1699185366509
2432 1699185366573
2433 1699185366634
2434 1699185366695
2435 1699185366755
2436 1699185366814
2437 1699185366875
2438 1699185366935
2439 1699185366994
2440 1699185367059
2441 1699185367120
2442 1699185367179
2443 1699185367239
2444 1699185367299
2445 1699185367359
2446 1699185367419
2447 1699185367476
2448 1699185367537
2449 1699185367605
2450 1699185367667
2451 1699185367721
2452 1699185367780
2453 1699185367844
2454 1699185367904
2455 1699185367961
2456 1699185368021
2457 1699185368090
2458 1699185368148
2459 1699185368208
2460 1699185368267
2461 1699185368324
2462 1699185368385
2463 1699185368449
2464 1699185368509
2465 1699185368569
2466 1699185368628
2467 1699185368689
2468 1699185368751
2469 1699185368811
2470 1699185368870
2471 1699185368930
2472 1699185368990
2473 1699185369050
2474 1699185369110
2475 1699185369175
2476 1699185369237
2477 1699185369293
2478 1699185369353
2479 1699185369416
2480 1699185369476
2481 1699185369532
2482 1699185369592
2483 1699185369658
2484 1699185369720
2485 1699185369777
2486 1699185369837
2487 1699185369897
2488 1699185369959
2489 1699185370019
2490 1699185370078
2491 1699185370137
2492 1699185370202
2493 1699185370262
2494 1699185370322
2495 1699185370383
2496 1699185370443
2497 1699185370502
2498 1699185370562
2499 1699185370623
2500 1699185370684
2501 1699185370746
2502 1699185370808
2503 1699185370869
2504 1699185370925
2505 1699185370985
2506 1699185371045
2507 1699185371107
2508 1699185371168
2509 1699185371229
2510 1699185371289
2511 1699185371350
2512 1699185371411
2513 1699185371469
2514 1699185371529
2515 1699185371590
2516 1699185371651
2517 1699185371708
2518 1699185371773
2519 1699185371836
2520 1699185371899
2521 1699185371952
2522 1699185372012
2523 1699185372074
2524 1699185372137
2525 1699185372197
2526 1699185372255
2527 1699185372316
2528 1699185372382
2529 1699185372437
2530 1699185372497
2531 1699185372560
2532 1699185372620
2533 1699185372675
2534 1699185372736
2535 1699185372807
2536 1699185372866
2537 1699185372920
2538 1699185372980
2539 1699185373042
2540 1699185373104
2541 1699185373161
2542 1699185373219
2543 1699185373283
2544 1699185373349
2545 1699185373409
2546 1699185373467
2547 1699185373531
2548 1699185373583
2549 1699185373644
2550 1699185373709
2551 1699185373783
2552 1699185373833
2553 1699185373887
2554 1699185373950
2555 1699185374013
2556 1699185374074
2557 1699185374127
2558 1699185374188
2559 1699185374254
2560 1699185374314
2561 1699185374372
2562 1699185374433
2563 1699185374498
2564 1699185374566
2565 1699185374612
2566 1699185374673
2567 1699185374737
2568 1699185374798
2569 1699185374856
2570 1699185374915
2571 1699185374981
2572 1699185375042
2573 1699185375097
2574 1699185375155
2575 1699185375217
2576 1699185375282
2577 1699185375337
2578 1699185375399
2579 1699185375461
2580 1699185375529
2581 1699185375581
2582 1699185375638
2583 1699185375700
2584 1699185375763
2585 1699185375820
2586 1699185375884
2587 1699185375954
2588 1699185376018
2589 1699185376064
2590 1699185376122
2591 1699185376186
2592 1699185376250
2593 1699185376304
2594 1699185376363
2595 1699185376429
2596 1699185376493
2597 1699185376548
2598 1699185376606
2599 1699185376669
2600 1699185376732
2601 1699185376789
2602 1699185376847
2603 1699185376914
2604 1699185376980
2605 1699185377032
2606 1699185377090
2607 1699185377152
2608 1699185377218
2609 1699185377276
2610 1699185377330
2611 1699185377392
2612 1699185377460
2613 1699185377516
2614 1699185377576
2615 1699185377639
2616 1699185377702
2617 1699185377756
2618 1699185377815
2619 1699185377881
2620 1699185377942
2621 1699185378001
2622 1699185378059
2623 1699185378124
2624 1699185378186
2625 1699185378240
2626 1699185378298
2627 1699185378360
2628 1699185378426
2629 1699185378484
2630 1699185378543
2631 1699185378609
2632 1699185378679
2633 1699185378724
2634 1699185378783
2635 1699185378846
2636 1699185378909
2637 1699185378965
2638 1699185379027
2639 1699185379100
2640 1699185379161
2641 1699185379208
2642 1699185379267
2643 1699185379332
2644 1699185379395
2645 1699185379448
2646 1699185379507
2647 1699185379599
2648 1699185379667
2649 1699185379693
2650 1699185379751
2651 1699185379817
2652 1699185379878
2653 1699185379932
2654 1699185379992
2655 1699185380062
2656 1699185380130
2657 1699185380176
2658 1699185380237
2659 1699185380302
2660 1699185380371
2661 1699185380416
2662 1699185380477
2663 1699185380542
2664 1699185380605
2665 1699185380659
2666 1699185380721
2667 1699185380792
2668 1699185380847
2669 1699185380900
2670 1699185380961
2671 1699185381025
2672 1699185381088
2673 1699185381144
2674 1699185381206
2675 1699185381270
2676 1699185381329
2677 1699185381383
2678 1699185381445
2679 1699185381508
2680 1699185381570
2681 1699185381628
2682 1699185381691
2683 1699185381753
2684 1699185381815
2685 1699185381867
2686 1699185381931
2687 1699185381993
2688 1699185382054
2689 1699185382108
2690 1699185382175
2691 1699185382236
2692 1699185382298
2693 1699185382352
2694 1699185382417
2695 1699185382477
2696 1699185382538
2697 1699185382591
2698 1699185382656
2699 1699185382715
2700 1699185382774
2701 1699185382836
2702 1699185382901
2703 1699185382961
2704 1699185383023
2705 1699185383076
2706 1699185383139
2707 1699185383213
2708 1699185383273
2709 1699185383320
2710 1699185383384
2711 1699185383444
2712 1699185383506
2713 1699185383559
2714 1699185383622
2715 1699185383685
2716 1699185383748
2717 1699185383804
2718 1699185383866
2719 1699185383939
2720 1699185383989
2721 1699185384048
2722 1699185384109
2723 1699185384169
2724 1699185384228
2725 1699185384289
2726 1699185384353
2727 1699185384421
2728 1699185384472
2729 1699185384528
2730 1699185384591
2731 1699185384653
2732 1699185384714
2733 1699185384773
2734 1699185384836
2735 1699185384896
2736 1699185384957
2737 1699185385017
2738 1699185385076
2739 1699185385137
2740 1699185385198
2741 1699185385256
2742 1699185385321
2743 1699185385381
2744 1699185385440
2745 1699185385501
2746 1699185385557
2747 1699185385618
2748 1699185385677
2749 1699185385740
2750 1699185385805
2751 1699185385865
2752 1699185385926
2753 1699185385980
2754 1699185386044
2755 1699185386105
2756 1699185386164
2757 1699185386219
2758 1699185386282
2759 1699185386357
2760 1699185386410
2761 1699185386464
2762 1699185386525
2763 1699185386589
2764 1699185386649
2765 1699185386705
2766 1699185386765
2767 1699185386834
2768 1699185386893
2769 1699185386949
2770 1699185387009
2771 1699185387072
2772 1699185387135
2773 1699185387188
2774 1699185387251
2775 1699185387313
2776 1699185387378
2777 1699185387432
2778 1699185387497
2779 1699185387556
2780 1699185387619
2781 1699185387672
2782 1699185387733
2783 1699185387797
2784 1699185387859
2785 1699185387920
2786 1699185387981
2787 1699185388048
2788 1699185388097
2789 1699185388156
2790 1699185388222
2791 1699185388281
2792 1699185388341
2793 1699185388399
2794 1699185388459
2795 1699185388525
2796 1699185388586
2797 1699185388646
2798 1699185388699
2799 1699185388759
2800 1699185388826
2801 1699185388885
2802 1699185388948
2803 1699185389005
2804 1699185389066
2805 1699185389128
2806 1699185389188
2807 1699185389248
2808 1699185389308
2809 1699185389368
2810 1699185389432
2811 1699185389492
2812 1699185389553
2813 1699185389611
2814 1699185389672
2815 1699185389730
2816 1699185389791
2817 1699185389850
2818 1699185389911
2819 1699185389976
2820 1699185390035
2821 1699185390095
2822 1699185390155
2823 1699185390215
2824 1699185390276
2825 1699185390335
2826 1699185390395
2827 1699185390459
2828 1699185390519
2829 1699185390581
2830 1699185390638
2831 1699185390696
2832 1699185390761
2833 1699185390820
2834 1699185390881
2835 1699185390936
2836 1699185391006
2837 1699185391065
2838 1699185391125
2839 1699185391180
2840 1699185391245
2841 1699185391313
2842 1699185391364
2843 1699185391420
2844 1699185391481
2845 1699185391551
2846 1699185391610
2847 1699185391664
2848 1699185391725
2849 1699185391789
2850 1699185391850
2851 1699185391906
2852 1699185391968
2853 1699185392032
2854 1699185392092
2855 1699185392149
2856 1699185392214
2857 1699185392280
2858 1699185392333
2859 1699185392388
2860 1699185392450
2861 1699185392513
2862 1699185392579
2863 1699185392631
2864 1699185392694
2865 1699185392757
2866 1699185392817
2867 1699185392871
2868 1699185392933
2869 1699185392997
2870 1699185393064
2871 1699185393115
2872 1699185393177
2873 1699185393241
2874 1699185393302
2875 1699185393356
2876 1699185393416
2877 1699185393482
2878 1699185393542
2879 1699185393600
2880 1699185393661
2881 1699185393725
2882 1699185393786
2883 1699185393840
2884 1699185393901
2885 1699185393964
2886 1699185394026
2887 1699185394079
2888 1699185394143
2889 1699185394210
2890 1699185394270
2891 1699185394324
2892 1699185394385
2893 1699185394458
2894 1699185394512
2895 1699185394564
2896 1699185394628
2897 1699185394693
2898 1699185394754
2899 1699185394808
2900 1699185394867
2901 1699185394932
2902 1699185394994
2903 1699185395049
2904 1699185395107
2905 1699185395175
2906 1699185395238
2907 1699185395293
2908 1699185395351
2909 1699185395415
2910 1699185395488
2911 1699185395533
2912 1699185395591
2913 1699185395657
2914 1699185395721
2915 1699185395780
2916 1699185395835
2917 1699185395896
2918 1699185395960
2919 1699185396016
2920 1699185396075
2921 1699185396137
2922 1699185396210
2923 1699185396261
2924 1699185396319
2925 1699185396379
2926 1699185396443
2927 1699185396500
2928 1699185396559
2929 1699185396620
2930 1699185396685
2931 1699185396745
2932 1699185396803
2933 1699185396864
2934 1699185396929
2935 1699185396985
2936 1699185397043
2937 1699185397104
2938 1699185397166
2939 1699185397230
2940 1699185397291
2941 1699185397351
2942 1699185397411
2943 1699185397468
2944 1699185397532
2945 1699185397593
2946 1699185397654
2947 1699185397707
2948 1699185397773
2949 1699185397838
2950 1699185397907
2951 1699185397951
2952 1699185398011
2953 1699185398076
2954 1699185398138
2955 1699185398193
2956 1699185398251
2957 1699185398316
2958 1699185398390
2959 1699185398437
2960 1699185398495
2961 1699185398557
2962 1699185398622
2963 1699185398677
2964 1699185398735
2965 1699185398800
2966 1699185398869
2967 1699185398921
2968 1699185398979
2969 1699185399040
2970 1699185399103
2971 1699185399163
2972 1699185399220
2973 1699185399281
2974 1699185399358
2975 1699185399403
2976 1699185399464
2977 1699185399527
2978 1699185399599
2979 1699185399644
2980 1699185399703
2981 1699185399767
2982 1699185399834
2983 1699185399888
2984 1699185399947
2985 1699185400025
2986 1699185400085
2987 1699185400127
2988 1699185400187
2989 1699185400254
2990 1699185400315
2991 1699185400372
2992 1699185400431
2993 1699185400497
2994 1699185400560
2995 1699185400613
2996 1699185400671
2997 1699185400735
2998 1699185400798
2999 1699185400856
3000 1699185400918
3001 1699185400981
3002 1699185401042
3003 1699185401096
3004 1699185401155
3005 1699185401223
3006 1699185401282
3007 1699185401336
3008 1699185401400
3009 1699185401468
3010 1699185401527
3011 1699185401580
3012 1699185401640
3013 1699185401706
3014 1699185401766
3015 1699185401825
3016 1699185401881
3017 1699185401947
3018 1699185402015
3019 1699185402064
3020 1699185402128
3021 1699185402189
3022 1699185402250
3023 1699185402303
3024 1699185402364
3025 1699185402433
3026 1699185402494
3027 1699185402548
3028 1699185402609
3029 1699185402673
3030 1699185402734
3031 1699185402788
3032 1699185402848
3033 1699185402912
3034 1699185402978
3035 1699185403033
3036 1699185403093
3037 1699185403157
3038 1699185403217
3039 1699185403274
3040 1699185403333
3041 1699185403397
3042 1699185403459
3043 1699185403515
3044 1699185403575
3045 1699185403638
3046 1699185403700
3047 1699185403762
3048 1699185403816
3049 1699185403875
3050 1699185403941
3051 1699185404005
3052 1699185404067
3053 1699185404119
3054 1699185404179
3055 1699185404239
3056 1699185404300
3057 1699185404365
3058 1699185404425
3059 1699185404484
3060 1699185404546
3061 1699185404603
3062 1699185404669
3063 1699185404730
3064 1699185404790
3065 1699185404844
3066 1699185404905
3067 1699185404969
3068 1699185405034
3069 1699185405088
3070 1699185405149
3071 1699185405213
3072 1699185405274
3073 1699185405328
3074 1699185405389
3075 1699185405454
3076 1699185405514
3077 1699185405572
3078 1699185405633
3079 1699185405698
3080 1699185405760
3081 1699185405812
3082 1699185405873
3083 1699185405937
3084 1699185405997
3085 1699185406052
3086 1699185406119
3087 1699185406189
3088 1699185406241
3089 1699185406295
3090 1699185406360
3091 1699185406422
3092 1699185406482
3093 1699185406536
3094 1699185406601
3095 1699185406665
3096 1699185406726
3097 1699185406780
3098 1699185406842
3099 1699185406905
3100 1699185406966
3101 1699185407020
3102 1699185407080
3103 1699185407157
3104 1699185407217
3105 1699185407265
3106 1699185407324
3107 1699185407388
3108 1699185407450
3109 1699185407506
3110 1699185407566
3111 1699185407633
3112 1699185407694
3113 1699185407748
3114 1699185407809
3115 1699185407872
3116 1699185407938
3117 1699185407988
3118 1699185408050
3119 1699185408111
3120 1699185408175
3121 1699185408235
3122 1699185408297
3123 1699185408356
3124 1699185408418
3125 1699185408472
3126 1699185408535
3127 1699185408597
3128 1699185408658
3129 1699185408716
3130 1699185408781
3131 1699185408840
3132 1699185408908
3133 1699185408955
3134 1699185409017
3135 1699185409081
3136 1699185409142
3137 1699185409199
3138 1699185409261
3139 1699185409324
3140 1699185409392
3141 1699185409440
3142 1699185409501
3143 1699185409565
3144 1699185409626
3145 1699185409680
3146 1699185409743
3147 1699185409810
3148 1699185409872
3149 1699185409925
3150 1699185409983
3151 1699185410044
3152 1699185410109
3153 1699185410165
3154 1699185410228
3155 1699185410291
3156 1699185410353
3157 1699185410411
3158 1699185410467
3159 1699185410528
3160 1699185410592
3161 1699185410647
3162 1699185410707
3163 1699185410779
3164 1699185410838
3165 1699185410893
3166 1699185410951
3167 1699185411012
3168 1699185411075
3169 1699185411132
3170 1699185411193
3171 1699185411255
3172 1699185411321
3173 1699185411375
3174 1699185411435
3175 1699185411500
3176 1699185411566
3177 1699185411617
3178 1699185411675
3179 1699185411736
3180 1699185411804
3181 1699185411859
3182 1699185411919
3183 1699185411979
3184 1699185412039
3185 1699185412100
3186 1699185412164
3187 1699185412225
3188 1699185412282
3189 1699185412343
3190 1699185412404
3191 1699185412478
3192 1699185412539
3193 1699185412585
3194 1699185412643
3195 1699185412705
3196 1699185412770
3197 1699185412828
3198 1699185412887
3199 1699185412948
3200 1699185413012
3201 1699185413069
3202 1699185413129
3203 1699185413194
3204 1699185413255
3205 1699185413308
3206 1699185413371
3207 1699185413435
3208 1699185413498
3209 1699185413553
3210 1699185413611
3211 1699185413672
3212 1699185413733
3213 1699185413796
3214 1699185413855
3215 1699185413920
3216 1699185413975
3217 1699185414035
3218 1699185414104
3219 1699185414161
3220 1699185414216
3221 1699185414275
3222 1699185414340
3223 1699185414406
3224 1699185414462
3225 1699185414519
3226 1699185414581
3227 1699185414645
3228 1699185414701
3229 1699185414765
3230 1699185414824
3231 1699185414881
3232 1699185414943
3233 1699185415006
3234 1699185415069
3235 1699185415137
3236 1699185415190
3237 1699185415243
3238 1699185415305
3239 1699185415369
3240 1699185415435
3241 1699185415488
3242 1699185415550
3243 1699185415614
3244 1699185415673
3245 1699185415727
3246 1699185415788
3247 1699185415853
3248 1699185415914
3249 1699185415972
3250 1699185416032
3251 1699185416108
3252 1699185416159
3253 1699185416212
3254 1699185416273
3255 1699185416337
3256 1699185416398
3257 1699185416452
3258 1699185416517
3259 1699185416580
3260 1699185416644
3261 1699185416696
3262 1699185416757
3263 1699185416820
3264 1699185416882
3265 1699185416936
3266 1699185417003
3267 1699185417065
3268 1699185417134
3269 1699185417180
3270 1699185417241
3271 1699185417306
3272 1699185417366
3273 1699185417420
3274 1699185417481
3275 1699185417556
3276 1699185417619
3277 1699185417664
3278 1699185417726
3279 1699185417788
3280 1699185417850
3281 1699185417904
3282 1699185417965
3283 1699185418034
3284 1699185418094
3285 1699185418150
3286 1699185418210
3287 1699185418274
3288 1699185418333
3289 1699185418388
3290 1699185418449
3291 1699185418513
3292 1699185418577
3293 1699185418631
3294 1699185418691
3295 1699185418752
3296 1699185418818
3297 1699185418877
3298 1699185418934
3299 1699185418991
3300 1699185419056
3301 1699185419129
3302 1699185419183
3303 1699185419236
3304 1699185419299
3305 1699185419363
3306 1699185419421
3307 1699185419476
3308 1699185419539
3309 1699185419605
3310 1699185419667
3311 1699185419721
3312 1699185419784
3313 1699185419856
3314 1699185419906
3315 1699185419961
3316 1699185420022
3317 1699185420084
3318 1699185420149
3319 1699185420208
3320 1699185420269
3321 1699185420329
3322 1699185420389
3323 1699185420444
3324 1699185420510
3325 1699185420569
3326 1699185420629
3327 1699185420690
3328 1699185420753
3329 1699185420813
3330 1699185420874
3331 1699185420928
3332 1699185420991
3333 1699185421053
3334 1699185421113
3335 1699185421172
3336 1699185421236
3337 1699185421298
3338 1699185421357
3339 1699185421412
3340 1699185421477
3341 1699185421536
3342 1699185421598
3343 1699185421652
3344 1699185421719
3345 1699185421788
3346 1699185421841
3347 1699185421897
3348 1699185421959
3349 1699185422020
3350 1699185422080
3351 1699185422140
3352 1699185422205
3353 1699185422265
3354 1699185422324
3355 1699185422380
3356 1699185422446
3357 1699185422514
3358 1699185422565
3359 1699185422620
3360 1699185422681
3361 1699185422749
3362 1699185422810
3363 1699185422866
3364 1699185422925
3365 1699185422990
3366 1699185423049
3367 1699185423104
3368 1699185423165
3369 1699185423228
3370 1699185423294
3371 1699185423350
3372 1699185423410
3373 1699185423474
3374 1699185423534
3375 1699185423588
3376 1699185423650
3377 1699185423712
3378 1699185423778
3379 1699185423832
3380 1699185423897
3381 1699185423957
3382 1699185424018
3383 1699185424074
3384 1699185424133
3385 1699185424195
3386 1699185424256
3387 1699185424316
3388 1699185424377
3389 1699185424442
3390 1699185424501
3391 1699185424556
3392 1699185424615
3393 1699185424681
3394 1699185424741
3395 1699185424802
3396 1699185424860
3397 1699185424926
3398 1699185424987
3399 1699185425040
3400 1699185425101
3401 1699185425165
3402 1699185425226
3403 1699185425280
3404 1699185425346
3405 1699185425409
3406 1699185425470
3407 1699185425524
3408 1699185425585
3409 1699185425647
3410 1699185425715
3411 1699185425763
3412 1699185425823
3413 1699185425892
3414 1699185425955
3415 1699185426009
3416 1699185426068
3417 1699185426134
3418 1699185426194
3419 1699185426249
3420 1699185426307
3421 1699185426378
3422 1699185426447
3423 1699185426492
3424 1699185426552
3425 1699185426620
3426 1699185426678
3427 1699185426732
3428 1699185426792
3429 1699185426858
3430 1699185426922
3431 1699185426976
3432 1699185427036
3433 1699185427112
3434 1699185427164
3435 1699185427217
3436 1699185427275
3437 1699185427340
3438 1699185427406
3439 1699185427460
3440 1699185427520
3441 1699185427586
3442 1699185427646
3443 1699185427701
3444 1699185427759
3445 1699185427821
3446 1699185427886
3447 1699185427945
3448 1699185428003
3449 1699185428065
3450 1699185428130
3451 1699185428185
3452 1699185428243
3453 1699185428306
3454 1699185428370
3455 1699185428425
3456 1699185428487
3457 1699185428549
3458 1699185428623
3459 1699185428675
3460 1699185428727
3461 1699185428787
3462 1699185428847
3463 1699185428907
3464 1699185428977
3465 1699185429037
3466 1699185429095
3467 1699185429151
3468 1699185429211
3469 1699185429278
3470 1699185429344
3471 1699185429393
3472 1699185429451
3473 1699185429517
3474 1699185429582
3475 1699185429637
3476 1699185429695
3477 1699185429757
3478 1699185429822
3479 1699185429878
3480 1699185429935
3481 1699185430002
3482 1699185430067
3483 1699185430121
3484 1699185430179
3485 1699185430240
3486 1699185430304
3487 1699185430361
3488 1699185430422
3489 1699185430485
3490 1699185430551
3491 1699185430604
3492 1699185430663
3493 1699185430728
3494 1699185430790
3495 1699185430845
3496 1699185430903
3497 1699185430965
3498 1699185431029
3499 1699185431088
3500 1699185431148
3501 1699185431212
3502 1699185431283
3503 1699185431329
3504 1699185431387
3505 1699185431451
3506 1699185431514
3507 1699185431576
3508 1699185431631
3509 1699185431692
3510 1699185431758
3511 1699185431813
3512 1699185431871
3513 1699185431932
3514 1699185431995
3515 1699185432052
3516 1699185432117
3517 1699185432188
3518 1699185432241
3519 1699185432297
3520 1699185432355
3521 1699185432419
3522 1699185432492
3523 1699185432536
3524 1699185432599
3525 1699185432667
3526 1699185432726
3527 1699185432780
3528 1699185432840
3529 1699185432905
3530 1699185432974
3531 1699185433020
3532 1699185433079
3533 1699185433150
3534 1699185433220
3535 1699185433266
3536 1699185433324
3537 1699185433390
3538 1699185433451
3539 1699185433504
3540 1699185433563
3541 1699185433630
3542 1699185433694
3543 1699185433748
3544 1699185433807
3545 1699185433868
3546 1699185433934
3547 1699185433994
3548 1699185434051
3549 1699185434107
3550 1699185434176
3551 1699185434239
3552 1699185434298
3553 1699185434352
3554 1699185434413
3555 1699185434478
3556 1699185434537
3557 1699185434592
3558 1699185434653
3559 1699185434730
3560 1699185434783
3561 1699185434838
3562 1699185434898
3563 1699185434960
3564 1699185435028
3565 1699185435076
3566 1699185435137
3567 1699185435206
3568 1699185435266
3569 1699185435320
3570 1699185435381
3571 1699185435447
3572 1699185435506
3573 1699185435562
3574 1699185435622
3575 1699185435686
3576 1699185435748
3577 1699185435806
3578 1699185435867
3579 1699185435937
3580 1699185435988
3581 1699185436044
3582 1699185436108
3583 1699185436169
3584 1699185436229
3585 1699185436290
3586 1699185436352
3587 1699185436413
3588 1699185436472
3589 1699185436528
3590 1699185436593
3591 1699185436652
3592 1699185436715
3593 1699185436772
3594 1699185436836
3595 1699185436897
3596 1699185436958
3597 1699185437011
3598 1699185437073
3599 1699185437136
3600 1699185437197
3601 1699185437252
3602 1699185437319
3603 1699185437390
3604 1699185437442
3605 1699185437496
3606 1699185437562
3607 1699185437620
3608 1699185437681
3609 1699185437736
3610 1699185437803
3611 1699185437879
3612 1699185437926
3613 1699185437980
3614 1699185438045
3615 1699185438104
3616 1699185438164
3617 1699185438220
3618 1699185438284
3619 1699185438351
3620 1699185438410
3621 1699185438464
3622 1699185438526
3623 1699185438590
3624 1699185438650
3625 1699185438706
3626 1699185438765
3627 1699185438829
3628 1699185438894
3629 1699185438948
3630 1699185439010
3631 1699185439072
3632 1699185439133
3633 1699185439188
3634 1699185439251
3635 1699185439312
3636 1699185439377
3637 1699185439432
3638 1699185439495
3639 1699185439558
3640 1699185439618
3641 1699185439672
3642 1699185439735
3643 1699185439796
3644 1699185439858
3645 1699185439916
3646 1699185439981
3647 1699185440041
3648 1699185440102
3649 1699185440156
3650 1699185440220
3651 1699185440288
3652 1699185440342
3653 1699185440396
3654 1699185440464
3655 1699185440524
3656 1699185440586
3657 1699185440640
3658 1699185440704
3659 1699185440765
3660 1699185440826
3661 1699185440879
3662 1699185440946
3663 1699185441009
3664 1699185441070
3665 1699185441124
3666 1699185441187
3667 1699185441250
3668 1699185441310
3669 1699185441365
3670 1699185441427
3671 1699185441501
3672 1699185441553
3673 1699185441608
3674 1699185441669
3675 1699185441733
3676 1699185441794
3677 1699185441848
3678 1699185441910
3679 1699185441980
3680 1699185442038
3681 1699185442092
3682 1699185442154
3683 1699185442218
3684 1699185442282
3685 1699185442332
3686 1699185442393
3687 1699185442456
3688 1699185442531
3689 1699185442575
3690 1699185442635
3691 1699185442698
3692 1699185442771
3693 1699185442818
3694 1699185442875
3695 1699185442936
3696 1699185443000
3697 1699185443060
3698 1699185443120
3699 1699185443184
3700 1699185443253
3701 1699185443300
3702 1699185443359
3703 1699185443422
3704 1699185443486
3705 1699185443545
3706 1699185443603
3707 1699185443665
3708 1699185443730
3709 1699185443785
3710 1699185443843
3711 1699185443904
3712 1699185443968
3713 1699185444025
3714 1699185444090
3715 1699185444150
3716 1699185444211
3717 1699185444267
3718 1699185444328
3719 1699185444393
3720 1699185444454
3721 1699185444508
3722 1699185444571
3723 1699185444635
3724 1699185444707
3725 1699185444754
3726 1699185444811
3727 1699185444873
3728 1699185444941
3729 1699185444993
3730 1699185445053
3731 1699185445123
3732 1699185445193
3733 1699185445236
3734 1699185445295
3735 1699185445358
3736 1699185445422
3737 1699185445477
3738 1699185445535
3739 1699185445597
3740 1699185445666
3741 1699185445721
3742 1699185445779
3743 1699185445840
3744 1699185445906
3745 1699185445961
3746 1699185446019
3747 1699185446080
3748 1699185446146
3749 1699185446207
3750 1699185446267
3751 1699185446326
3752 1699185446391
3753 1699185446443
3754 1699185446504
3755 1699185446569
3756 1699185446631
3757 1699185446688
3758 1699185446748
3759 1699185446814
3760 1699185446884
3761 1699185446928
3762 1699185446988
3763 1699185447053
3764 1699185447114
3765 1699185447173
3766 1699185447232
3767 1699185447304
3768 1699185447357
3769 1699185447412
3770 1699185447472
3771 1699185447545
3772 1699185447598
3773 1699185447652
3774 1699185447715
3775 1699185447775
3776 1699185447835
3777 1699185447901
3778 1699185447961
3779 1699185448021
3780 1699185448079
3781 1699185448135
3782 1699185448198
3783 1699185448312
3784 1699185448337
3785 1699185448379
3786 1699185448439
3787 1699185448501
3788 1699185448564
3789 1699185448624
3790 1699185448684
3791 1699185448748
3792 1699185448809
3793 1699185448863
3794 1699185448923
3795 1699185448987
3796 1699185449050
3797 1699185449110
3798 1699185449164
3799 1699185449223
3800 1699185449292
3801 1699185449353
3802 1699185449413
3803 1699185449469
3804 1699185449531
3805 1699185449603
3806 1699185449653
3807 1699185449708
3808 1699185449775
3809 1699185449837
3810 1699185449899
3811 1699185449952
3812 1699185450013
3813 1699185450077
3814 1699185450138
3815 1699185450192
3816 1699185450254
3817 1699185450329
3818 1699185450382
3819 1699185450436
3820 1699185450496
3821 1699185450568
3822 1699185450621
3823 1699185450676
3824 1699185450736
3825 1699185450802
3826 1699185450868
3827 1699185450923
3828 1699185450980
3829 1699185451046
3830 1699185451106
3831 1699185451160
3832 1699185451221
3833 1699185451285
3834 1699185451353
3835 1699185451404
3836 1699185451467
3837 1699185451528
3838 1699185451590
3839 1699185451645
3840 1699185451709
3841 1699185451769
3842 1699185451829
3843 1699185451888
3844 1699185451951
3845 1699185452012
3846 1699185452073
3847 1699185452133
3848 1699185452188
3849 1699185452253
3850 1699185452313
3851 1699185452377
3852 1699185452437
3853 1699185452497
3854 1699185452556
3855 1699185452612
3856 1699185452677
3857 1699185452737
3858 1699185452796
3859 1699185452854
3860 1699185452920
3861 1699185452981
3862 1699185453041
3863 1699185453098
3864 1699185453158
3865 1699185453221
3866 1699185453281
3867 1699185453341
3868 1699185453401
3869 1699185453472
3870 1699185453524
3871 1699185453582
3872 1699185453642
3873 1699185453706
3874 1699185453765
3875 1699185453822
3876 1699185453881
3877 1699185453949
3878 1699185454010
3879 1699185454069
3880 1699185454129
3881 1699185454190
3882 1699185454249
3883 1699185454304
3884 1699185454366
3885 1699185454429
3886 1699185454492
3887 1699185454550
3888 1699185454612
3889 1699185454672
3890 1699185454732
3891 1699185454791
3892 1699185454851
3893 1699185454912
3894 1699185454976
3895 1699185455036
3896 1699185455095
3897 1699185455158
3898 1699185455218
3899 1699185455273
3900 1699185455336
3901 1699185455397
3902 1699185455457
3903 1699185455518
3904 1699185455581
3905 1699185455642
3906 1699185455700
3907 1699185455756
3908 1699185455820
3909 1699185455881
3910 1699185455941
3911 1699185455996
3912 1699185456065
3913 1699185456125
3914 1699185456185
3915 1699185456242
3916 1699185456303
3917 1699185456365
3918 1699185456425
3919 1699185456485
3920 1699185456546
3921 1699185456608
3922 1699185456669
3923 1699185456726
3924 1699185456788
3925 1699185456848
3926 1699185456910
3927 1699185456965
3928 1699185457026
3929 1699185457093
3930 1699185457153
3931 1699185457210
3932 1699185457272
3933 1699185457331
3934 1699185457392
3935 1699185457451
3936 1699185457512
3937 1699185457584
3938 1699185457638
3939 1699185457694
3940 1699185457754
3941 1699185457817
3942 1699185457877
3943 1699185457937
3944 1699185457997
3945 1699185458057
3946 1699185458120
3947 1699185458176
3948 1699185458241
3949 1699185458308
3950 1699185458360
3951 1699185458418
3952 1699185458480
3953 1699185458540
3954 1699185458601
3955 1699185458665
3956 1699185458725
3957 1699185458793
3958 1699185458845
3959 1699185458900
3960 1699185458962
3961 1699185459025
3962 1699185459085
3963 1699185459145
3964 1699185459210
3965 1699185459269
3966 1699185459329
3967 1699185459389
3968 1699185459446
3969 1699185459517
3970 1699185459569
3971 1699185459629
3972 1699185459690
3973 1699185459753
3974 1699185459813
3975 1699185459872
3976 1699185459933
3977 1699185459992
3978 1699185460052
3979 1699185460108
3980 1699185460170
3981 1699185460238
3982 1699185460297
3983 1699185460354
3984 1699185460416
3985 1699185460488
3986 1699185460538
3987 1699185460592
3988 1699185460655
3989 1699185460722
3990 1699185460781
3991 1699185460841
3992 1699185460901
3993 1699185460963
3994 1699185461021
3995 1699185461076
3996 1699185461141
3997 1699185461200
3998 1699185461265
3999 1699185461320
4000 1699185461382
4001 1699185461445
4002 1699185461505
4003 1699185461560
4004 1699185461624
4005 1699185461684
4006 1699185461749
4007 1699185461806
4008 1699185461866
4009 1699185461927
4010 1699185461988
4011 1699185462048
4012 1699185462108
4013 1699185462167
4014 1699185462228
4015 1699185462292
4016 1699185462352
4017 1699185462412
4018 1699185462471
4019 1699185462531
4020 1699185462591
4021 1699185462652
4022 1699185462713
4023 1699185462768
4024 1699185462837
4025 1699185462896
4026 1699185462958
4027 1699185463012
4028 1699185463076
4029 1699185463136
4030 1699185463198
4031 1699185463253
4032 1699185463322
4033 1699185463381
4034 1699185463445
4035 1699185463496
4036 1699185463560
4037 1699185463620
4038 1699185463682
4039 1699185463736
4040 1699185463798
4041 1699185463867
4042 1699185463927
4043 1699185463980
4044 1699185464039
4045 1699185464100
4046 1699185464166
4047 1699185464237
4048 1699185464281
4049 1699185464344
4050 1699185464411
4051 1699185464469
4052 1699185464530
4053 1699185464584
4054 1699185464645
4055 1699185464708
4056 1699185464770
4057 1699185464824
4058 1699185464890
4059 1699185464955
4060 1699185465014
4061 1699185465068
4062 1699185465129
4063 1699185465193
4064 1699185465255
4065 1699185465308
4066 1699185465371
4067 1699185465436
4068 1699185465503
4069 1699185465552
4070 1699185465614
4071 1699185465687
4072 1699185465738
4073 1699185465792
4074 1699185465853
4075 1699185465922
4076 1699185465982
4077 1699185466035
4078 1699185466096
4079 1699185466162
4080 1699185466222
4081 1699185466276
4082 1699185466335
4083 1699185466402
4084 1699185466487
4085 1699185466520
4086 1699185466579
4087 1699185466647
4088 1699185466706
4089 1699185466761
4090 1699185466819
4091 1699185466887
4092 1699185466959
4093 1699185467005
4094 1699185467063
4095 1699185467127
4096 1699185467191
4097 1699185467245
4098 1699185467309
4099 1699185467368
4100 1699185467424
4101 1699185467487
4102 1699185467553
4103 1699185467612
4104 1699185467671
4105 1699185467727
4106 1699185467788
4107 1699185467866
4108 1699185467914
4109 1699185467968
4110 1699185468035
4111 1699185468095
4112 1699185468156
4113 1699185468211
4114 1699185468272
4115 1699185468338
4116 1699185468399
4117 1699185468453
4118 1699185468515
4119 1699185468576
4120 1699185468637
4121 1699185468697
4122 1699185468758
4123 1699185468821
4124 1699185468877
4125 1699185468935
4126 1699185468997
4127 1699185469065
4128 1699185469127
4129 1699185469179
4130 1699185469240
4131 1699185469306
4132 1699185469367
4133 1699185469420
4134 1699185469479
4135 1699185469549
4136 1699185469618
4137 1699185469665
4138 1699185469723
4139 1699185469785
4140 1699185469854
4141 1699185469905
4142 1699185469965
4143 1699185470028
4144 1699185470103
4145 1699185470147
4146 1699185470207
4147 1699185470274
4148 1699185470335
4149 1699185470389
4150 1699185470447
4151 1699185470510
4152 1699185470574
4153 1699185470632
4154 1699185470691
4155 1699185470751
4156 1699185470812
4157 1699185470878
4158 1699185470936
4159 1699185470998
4160 1699185471053
4161 1699185471115
4162 1699185471181
4163 1699185471240
4164 1699185471302
4165 1699185471355
4166 1699185471416
4167 1699185471489
4168 1699185471545
4169 1699185471596
4170 1699185471660
4171 1699185471727
4172 1699185471794
4173 1699185471840
4174 1699185471900
4175 1699185471965
4176 1699185472026
4177 1699185472080
4178 1699185472145
4179 1699185472211
4180 1699185472270
4181 1699185472324
4182 1699185472385
4183 1699185472451
4184 1699185472510
4185 1699185472564
4186 1699185472625
4187 1699185472701
4188 1699185472754
4189 1699185472809
4190 1699185472871
4191 1699185472933
4192 1699185472995
4193 1699185473048
4194 1699185473109
4195 1699185473172
4196 1699185473239
4197 1699185473292
4198 1699185473357
4199 1699185473424
4200 1699185473478
4201 1699185473532
4202 1699185473593
4203 1699185473657
4204 1699185473722
4205 1699185473777
4206 1699185473838
4207 1699185473902
4208 1699185473962
4209 1699185474017
4210 1699185474079
4211 1699185474142
4212 1699185474203
4213 1699185474260
4214 1699185474325
4215 1699185474385
4216 1699185474445
4217 1699185474499
4218 1699185474560
4219 1699185474626
4220 1699185474687
4221 1699185474744
4222 1699185474807
4223 1699185474869
4224 1699185474930
4225 1699185474984
4226 1699185475048
4227 1699185475109
4228 1699185475169
4229 1699185475225
4230 1699185475292
4231 1699185475353
4232 1699185475416
4233 1699185475468
4234 1699185475531
4235 1699185475592
4236 1699185475654
4237 1699185475708
4238 1699185475770
4239 1699185475848
4240 1699185475899
4241 1699185475953
4242 1699185476013
4243 1699185476077
4244 1699185476138
4245 1699185476193
4246 1699185476255
4247 1699185476322
4248 1699185476381
4249 1699185476437
4250 1699185476499
4251 1699185476569
4252 1699185476620
4253 1699185476676
4254 1699185476738
4255 1699185476800
4256 1699185476865
4257 1699185476922
4258 1699185476983
4259 1699185477043
4260 1699185477104
4261 1699185477163
4262 1699185477224
4263 1699185477284
4264 1699185477348
4265 1699185477408
4266 1699185477468
4267 1699185477528
4268 1699185477587
4269 1699185477648
4270 1699185477708
4271 1699185477767
4272 1699185477827
4273 1699185477888
4274 1699185477953
4275 1699185478013
4276 1699185478072
4277 1699185478128
4278 1699185478190
4279 1699185478252
4280 1699185478314
4281 1699185478368
4282 1699185478434
4283 1699185478498
4284 1699185478561
4285 1699185478612
4286 1699185478674
4287 1699185478736
4288 1699185478799
4289 1699185478853
4290 1699185478918
4291 1699185478982
4292 1699185479047
4293 1699185479096
4294 1699185479155
4295 1699185479216
4296 1699185479281
4297 1699185479342
4298 1699185479397
4299 1699185479460
4300 1699185479526
4301 1699185479593
4302 1699185479655
4303 1699185479700
4304 1699185479761
4305 1699185479825
4306 1699185479887
4307 1699185479940
4308 1699185480006
4309 1699185480070
4310 1699185480132
4311 1699185480184
4312 1699185480245
4313 1699185480318
4314 1699185480383
4315 1699185480424
4316 1699185480488
4317 1699185480556
4318 1699185480617
4319 1699185480669
4320 1699185480727
4321 1699185480791
4322 1699185480855
4323 1699185480909
4324 1699185480967
4325 1699185481033
4326 1699185481099
4327 1699185481153
4328 1699185481211
4329 1699185481273
4330 1699185481338
4331 1699185481393
4332 1699185481451
4333 1699185481517
4334 1699185481583
4335 1699185481638
4336 1699185481695
4337 1699185481757
4338 1699185481821
4339 1699185481876
