1 1703948815354 1 101 5.231317 1 102 5.057721
2 1703948815860 1 101 5.118714 1 102 5.132790
3 1703948816104 2 101 5.193782 2 102 5.024879
4 1703948816355 3 101 4.996728 3 102 5.128098
5 1703948816609 1 101 5.128098 1 102 5.132790
6 1703948816852 2 101 5.193782 2 102 4.996728
7 1703948817099 3 101 4.996728 3 102 5.156249
8 1703948817345 1 101 5.151556 1 102 5.090564
9 1703948817592 2 101 5.165632 2 102 5.006112
10 1703948817837 3 101 5.020187 3 102 5.123406
11 1703948818079 1 101 5.123406 1 102 5.099947
12 1703948818322 2 101 5.179707 2 102 4.992037
13 1703948818567 3 101 5.006112 3 102 5.160940
14 1703948818813 1 101 5.151556 1 102 5.090564
15 1703948819059 2 101 5.175015 2 102 5.020187
16 1703948819302 3 101 5.001420 3 102 5.123406
17 1703948819550 1 101 5.146865 1 102 5.099947
18 1703948819797 2 101 5.212550 2 102 5.020187
19 1703948820043 3 101 4.992037 3 102 5.132790
20 1703948820287 1 101 5.146865 1 102 5.090564
21 1703948820534 2 101 5.175015 2 102 5.029571
22 1703948820776 3 101 5.001420 3 102 5.099947
23 1703948821020 1 101 5.090564 1 102 5.081180
24 1703948821264 2 101 5.160940 2 102 5.029571
25 1703948821510 3 101 5.020187 3 102 5.137481
26 1703948821760 1 101 5.132790 1 102 5.095255
27 1703948822005 2 101 5.184399 2 102 5.020187
28 1703948822248 3 101 5.038954 3 102 5.142173
29 1703948822494 1 101 5.114023 1 102 5.095255
30 1703948822739 2 101 5.179707 2 102 5.020187
31 1703948822987 3 101 5.001420 3 102 5.132790
32 1703948823233 1 101 5.142173 1 102 5.081180
33 1703948823478 2 101 5.179707 2 102 5.015495
34 1703948823722 3 101 5.048338 3 102 5.118714
35 1703948823968 1 101 5.118714 1 102 5.071796
36 1703948824212 2 101 5.184399 2 102 5.006112
37 1703948824455 3 101 5.010804 3 102 5.137481
38 1703948824700 1 101 5.123406 1 102 5.132790
39 1703948824944 2 101 5.151556 2 102 5.048338
40 1703948825189 3 101 4.992037 3 102 5.146865
41 1703948825433 1 101 5.151556 1 102 5.099947
42 1703948825676 2 101 5.184399 2 102 5.029571
43 1703948825921 3 101 5.015495 3 102 5.137481
44 1703948826173 1 101 5.118714 1 102 5.118714
45 1703948826415 2 101 5.175015 2 102 4.996728
46 1703948826665 3 101 4.982653 3 102 5.114023
47 1703948826912 1 101 5.123406 1 102 5.104639
48 1703948827159 2 101 5.198474 2 102 5.001420
49 1703948827407 3 101 5.001420 3 102 5.170324
50 1703948827655 1 101 5.137481 1 102 5.109331
51 1703948827903 2 101 5.193782 2 102 5.006112
52 1703948828150 3 101 5.001420 3 102 5.142173
53 1703948828394 1 101 5.118714 1 102 5.099947
54 1703948828641 2 101 5.179707 2 102 5.006112
55 1703948828889 3 101 5.038954 3 102 5.128098
56 1703948829132 1 101 5.123406 1 102 5.062413
57 1703948829376 2 101 5.160940 2 102 5.029571
58 1703948829622 3 101 5.006112 3 102 5.123406
59 1703948829866 1 101 5.175015 1 102 5.118714
60 1703948830110 2 101 5.146865 2 102 5.034263
61 1703948830357 3 101 5.029571 3 102 5.142173
62 1703948830606 1 101 5.137481 1 102 5.104639
63 1703948830853 2 101 5.179707 2 102 5.029571
64 1703948831104 3 101 5.020187 3 102 5.114023
65 1703948831349 1 101 5.128098 1 102 5.114023
66 1703948831597 2 101 5.179707 2 102 5.010804
67 1703948831845 3 101 5.015495 3 102 5.151556
68 1703948832093 1 101 5.160940 1 102 5.142173
69 1703948832336 2 101 5.170324 2 102 5.038954
70 1703948832582 3 101 5.020187 3 102 5.142173
71 1703948832827 1 101 5.109331 1 102 5.118714
72 1703948833070 2 101 5.175015 2 102 5.020187
73 1703948833318 3 101 5.015495 3 102 5.123406
74 1703948833566 1 101 5.123406 1 102 5.095255
75 1703948833812 2 101 5.156249 2 102 5.029571
76 1703948834057 3 101 5.015495 3 102 5.142173
77 1703948834303 1 101 5.137481 1 102 5.095255
78 1703948834549 2 101 5.189091 2 102 5.020187
79 1703948834797 3 101 5.006112 3 102 5.170324
80 1703948835041 1 101 5.156249 1 102 5.114023
81 1703948835288 2 101 5.170324 2 102 5.024879
82 1703948835532 3 101 5.006112 3 102 5.118714
83 1703948835779 1 101 5.128098 1 102 5.123406
84 1703948836024 2 101 5.179707 2 102 5.029571
85 1703948836273 3 101 5.015495 3 102 5.118714
86 1703948836518 1 101 5.137481 1 102 5.104639
87 1703948836767 2 101 5.151556 2 102 4.982653
88 1703948837012 3 101 5.001420 3 102 5.146865
89 1703948837257 1 101 5.132790 1 102 5.099947
90 1703948837501 2 101 5.151556 2 102 5.020187
91 1703948837744 3 101 5.020187 3 102 5.123406
92 1703948837989 1 101 5.151556 1 102 5.118714
93 1703948838233 2 101 5.165632 2 102 5.020187
94 1703948838478 3 101 5.034263 3 102 5.132790
95 1703948838726 1 101 5.137481 1 102 5.118714
96 1703948838972 2 101 5.170324 2 102 5.043646
97 1703948839218 3 101 5.001420 3 102 5.165632
98 1703948839463 1 101 5.146865 1 102 5.109331
99 1703948839706 2 101 5.175015 2 102 5.010804
100 1703948839951 3 101 4.977962 3 102 5.142173
101 1703948840196 1 101 5.151556 1 102 5.099947
102 1703948840439 2 101 5.175015 2 102 5.057721
103 1703948840686 3 101 4.996728 3 102 5.132790
104 1703948840933 1 101 5.165632 1 102 5.099947
105 1703948841177 2 101 5.170324 2 102 5.029571
106 1703948841421 3 101 4.987345 3 102 5.142173
107 1703948841667 1 101 5.132790 1 102 5.109331
108 1703948841910 2 101 5.193782 2 102 5.015495
109 1703948842154 3 101 5.024879 3 102 5.104639
110 1703948842401 1 101 5.151556 1 102 5.109331
111 1703948842644 2 101 5.165632 2 102 5.006112
112 1703948842887 3 101 5.034263 3 102 5.123406
113 1703948843136 1 101 5.128098 1 102 5.095255
114 1703948843382 2 101 5.151556 2 102 5.010804
115 1703948843623 3 101 4.982653 3 102 5.142173
116 1703948843869 1 101 5.151556 1 102 5.090564
117 1703948844118 2 101 5.160940 2 102 5.015495
118 1703948844362 3 101 5.006112 3 102 5.132790
119 1703948844614 1 101 5.137481 1 102 5.123406
120 1703948844857 2 101 5.179707 2 102 5.006112
121 1703948845102 3 101 5.001420 3 102 5.142173
122 1703948845351 1 101 5.132790 1 102 5.109331
123 1703948845595 2 101 5.203166 2 102 5.024879
124 1703948845844 3 101 5.020187 3 102 5.128098
125 1703948846093 1 101 5.118714 1 102 5.128098
126 1703948846338 2 101 5.156249 2 102 5.024879
127 1703948846586 3 101 5.029571 3 102 5.170324
128 1703948846835 1 101 5.109331 1 102 5.099947
129 1703948847081 2 101 5.156249 2 102 5.024879
130 1703948847328 3 101 5.020187 3 102 5.118714
131 1703948847577 1 101 5.151556 1 102 5.137481
132 1703948847825 2 101 5.175015 2 102 5.006112
133 1703948848068 3 101 4.992037 3 102 5.118714
134 1703948848316 1 101 5.132790 1 102 5.095255
135 1703948848560 2 101 5.184399 2 102 5.001420
136 1703948848807 3 101 5.029571 3 102 5.123406
137 1703948849059 1 101 5.137481 1 102 5.118714
138 1703948849309 2 101 5.198474 2 102 5.029571
139 1703948849554 3 101 5.015495 3 102 5.132790
140 1703948849808 1 101 5.128098 1 102 5.114023
141 1703948850054 2 101 5.184399 2 102 4.996728
142 1703948850299 3 101 5.010804 3 102 5.123406
143 1703948850545 1 101 5.128098 1 102 5.109331
144 1703948850790 2 101 5.179707 2 102 4.982653
145 1703948851036 3 101 5.020187 3 102 5.128098
146 1703948851284 1 101 5.132790 1 102 5.090564
147 1703948851528 2 101 5.170324 2 102 5.024879
148 1703948851773 3 101 5.034263 3 102 5.128098
149 1703948852019 1 101 5.123406 1 102 5.095255
150 1703948852263 2 101 5.189091 2 102 5.038954
151 1703948852508 3 101 5.024879 3 102 5.128098
152 1703948852755 1 101 5.151556 1 102 5.109331
153 1703948853003 2 101 5.156249 2 102 5.015495
154 1703948853248 3 101 5.020187 3 102 5.175015
155 1703948853494 1 101 5.146865 1 102 5.104639
156 1703948853739 2 101 5.160940 2 102 5.010804
157 1703948853984 3 101 4.987345 3 102 5.109331
158 1703948854227 1 101 5.128098 1 102 5.109331
159 1703948854472 2 101 5.175015 2 102 5.034263
160 1703948854716 3 101 5.001420 3 102 5.128098
161 1703948854963 1 101 5.123406 1 102 5.076488
162 1703948855210 2 101 5.175015 2 102 5.015495
163 1703948855453 3 101 5.015495 3 102 5.123406
164 1703948855700 1 101 5.160940 1 102 5.099947
165 1703948855943 2 101 5.193782 2 102 5.006112
166 1703948856186 3 101 5.020187 3 102 5.142173
167 1703948856430 1 101 5.151556 1 102 5.099947
168 1703948856674 2 101 5.170324 2 102 5.038954
169 1703948856920 3 101 4.987345 3 102 5.118714
170 1703948857163 1 101 5.132790 1 102 5.109331
171 1703948857406 2 101 5.170324 2 102 5.020187
172 1703948857654 3 101 5.034263 3 102 5.142173
173 1703948857896 1 101 5.114023 1 102 5.118714
174 1703948858138 2 101 5.198474 2 102 5.006112
175 1703948858383 3 101 5.034263 3 102 5.123406
176 1703948858631 1 101 5.142173 1 102 5.085872
177 1703948858875 2 101 5.165632 2 102 5.020187
178 1703948859120 3 101 5.020187 3 102 5.132790
179 1703948859375 1 101 5.142173 1 102 5.090564
180 1703948859618 2 101 5.151556 2 102 5.034263
181 1703948859863 3 101 5.015495 3 102 5.114023
182 1703948860108 1 101 5.128098 1 102 5.099947
183 1703948860351 2 101 5.184399 2 102 5.015495
184 1703948860596 3 101 4.996728 3 102 5.128098
185 1703948860845 1 101 5.142173 1 102 5.114023
186 1703948861089 2 101 5.179707 2 102 5.015495
187 1703948861337 3 101 5.020187 3 102 5.123406
188 1703948861583 1 101 5.132790 1 102 5.104639
189 1703948861829 2 101 5.156249 2 102 5.015495
190 1703948862074 3 101 5.006112 3 102 5.128098
191 1703948862320 1 101 5.137481 1 102 5.104639
192 1703948862566 2 101 5.160940 2 102 5.024879
193 1703948862808 3 101 5.010804 3 102 5.165632
194 1703948863054 1 101 5.109331 1 102 5.118714
195 1703948863300 2 101 5.193782 2 102 5.024879
196 1703948863547 3 101 5.001420 3 102 5.104639
197 1703948863798 1 101 5.109331 1 102 5.114023
198 1703948864042 2 101 5.170324 2 102 5.029571
199 1703948864285 3 101 5.015495 3 102 5.151556
200 1703948864532 1 101 5.114023 1 102 5.114023
201 1703948864786 2 101 5.175015 2 102 5.010804
202 1703948865037 3 101 5.034263 3 102 5.132790
203 1703948865281 1 101 5.128098 1 102 5.081180
204 1703948865525 2 101 5.160940 2 102 5.015495
205 1703948865770 3 101 4.996728 3 102 5.184399
206 1703948866016 1 101 5.118714 1 102 5.085872
207 1703948866262 2 101 5.170324 2 102 5.006112
208 1703948866509 3 101 5.006112 3 102 5.146865
209 1703948866756 1 101 5.109331 1 102 5.099947
210 1703948866999 2 101 5.193782 2 102 5.024879
211 1703948867243 3 101 5.010804 3 102 5.137481
212 1703948867495 1 101 5.156249 1 102 5.123406
213 1703948867739 2 101 5.189091 2 102 5.029571
214 1703948867983 3 101 5.010804 3 102 5.109331
215 1703948868230 1 101 5.151556 1 102 5.123406
216 1703948868474 2 101 5.165632 2 102 5.001420
217 1703948868725 3 101 5.001420 3 102 5.132790
218 1703948868974 1 101 5.128098 1 102 5.095255
219 1703948869222 2 101 5.165632 2 102 4.992037
220 1703948869475 3 101 5.001420 3 102 5.090564
221 1703948870826 1 101 5.128098 1 102 5.104639
222 1703948871072 2 101 5.179707 2 102 5.001420
223 1703948871314 3 101 5.015495 3 102 5.123406
224 1703948871557 1 101 5.109331 1 102 5.104639
225 1703948871799 2 101 5.179707 2 102 4.996728
226 1703948872043 3 101 5.006112 3 102 5.114023
227 1703948872286 1 101 5.109331 1 102 5.085872
228 1703948872532 2 101 5.189091 2 102 5.015495
229 1703948872777 3 101 5.006112 3 102 5.104639
230 1703948873020 1 101 5.109331 1 102 5.114023
231 1703948873270 2 101 5.170324 2 102 5.020187
232 1703948873515 3 101 5.001420 3 102 5.104639
233 1703948873758 1 101 5.114023 1 102 5.109331
234 1703948874004 2 101 5.142173 2 102 5.001420
235 1703948874248 3 101 5.001420 3 102 5.123406
236 1703948874496 1 101 5.114023 1 102 5.085872
237 1703948874742 2 101 5.160940 2 102 5.038954
238 1703948874987 3 101 5.010804 3 102 5.137481
239 1703948875233 1 101 5.165632 1 102 5.095255
240 1703948875478 2 101 5.160940 2 102 5.029571
241 1703948875725 3 101 5.029571 3 102 5.118714
242 1703948875970 1 101 5.175015 1 102 5.099947
243 1703948876215 2 101 5.151556 2 102 5.006112
244 1703948876458 3 101 5.001420 3 102 5.128098
245 1703948876704 1 101 5.146865 1 102 5.090564
246 1703948876949 2 101 5.179707 2 102 5.024879
247 1703948877195 3 101 5.024879 3 102 5.109331
248 1703948877439 1 101 5.156249 1 102 5.062413
249 1703948877687 2 101 5.184399 2 102 5.038954
250 1703948877932 3 101 5.010804 3 102 5.137481
251 1703948878184 1 101 5.146865 1 102 5.095255
252 1703948878430 2 101 5.170324 2 102 5.034263
253 1703948878676 3 101 5.024879 3 102 5.090564
254 1703948878925 1 101 5.142173 1 102 5.099947
255 1703948879175 2 101 5.184399 2 102 5.006112
256 1703948879421 3 101 5.006112 3 102 5.095255
257 1703948879667 1 101 5.114023 1 102 5.104639
258 1703948879916 2 101 5.193782 2 102 5.015495
259 1703948880165 3 101 5.024879 3 102 5.132790
260 1703948880408 1 101 5.137481 1 102 5.104639
261 1703948880658 2 101 5.160940 2 102 5.006112
262 1703948880903 3 101 5.010804 3 102 5.146865
263 1703948881153 1 101 5.137481 1 102 5.095255
264 1703948881398 2 101 5.179707 2 102 5.001420
265 1703948881647 3 101 4.987345 3 102 5.128098
266 1703948881896 1 101 5.118714 1 102 5.128098
267 1703948882140 2 101 5.165632 2 102 4.996728
268 1703948882386 3 101 5.010804 3 102 5.132790
269 1703948882632 1 101 5.170324 1 102 5.114023
270 1703948882883 2 101 5.175015 2 102 5.038954
271 1703948883130 3 101 5.024879 3 102 5.137481
272 1703948883376 1 101 5.137481 1 102 5.109331
273 1703948883626 2 101 5.146865 2 102 5.034263
274 1703948883874 3 101 5.001420 3 102 5.151556
275 1703948884122 1 101 5.142173 1 102 5.104639
276 1703948884367 2 101 5.179707 2 102 5.015495
277 1703948884613 3 101 5.015495 3 102 5.095255
278 1703948884861 1 101 5.142173 1 102 5.104639
279 1703948885108 2 101 5.189091 2 102 5.020187
280 1703948885352 3 101 5.015495 3 102 5.104639
281 1703948885595 1 101 5.109331 1 102 5.081180
282 1703948885839 2 101 5.156249 2 102 5.010804
283 1703948886087 3 101 4.987345 3 102 5.137481
284 1703948886337 1 101 5.128098 1 102 5.128098
285 1703948886584 2 101 5.193782 2 102 5.048338
286 1703948886831 3 101 5.006112 3 102 5.109331
287 1703948887075 1 101 5.142173 1 102 5.104639
288 1703948887318 2 101 5.184399 2 102 5.015495
289 1703948887566 3 101 5.020187 3 102 5.137481
290 1703948887812 1 101 5.142173 1 102 5.137481
291 1703948888059 2 101 5.198474 2 102 5.001420
292 1703948888305 3 101 5.020187 3 102 5.123406
293 1703948888551 1 101 5.156249 1 102 5.085872
294 1703948888796 2 101 5.170324 2 102 5.034263
295 1703948889038 3 101 5.034263 3 102 5.109331
296 1703948889284 1 101 5.137481 1 102 5.114023
297 1703948889531 2 101 5.151556 2 102 5.006112
298 1703948889776 3 101 4.996728 3 102 5.132790
299 1703948890020 1 101 5.137481 1 102 5.095255
300 1703948890268 2 101 5.175015 2 102 5.034263
301 1703948890514 3 101 4.996728 3 102 5.118714
302 1703948890760 1 101 5.142173 1 102 5.095255
303 1703948891002 2 101 5.179707 2 102 5.010804
304 1703948891249 3 101 4.973269 3 102 5.118714
305 1703948891495 1 101 5.099947 1 102 5.081180
306 1703948891742 2 101 5.179707 2 102 5.038954
307 1703948891988 3 101 4.982653 3 102 5.118714
308 1703948892234 1 101 5.137481 1 102 5.118714
309 1703948892481 2 101 5.170324 2 102 5.001420
310 1703948892726 3 101 4.987345 3 102 5.123406
311 1703948892970 1 101 5.151556 1 102 5.099947
312 1703948893214 2 101 5.146865 2 102 5.015495
313 1703948893460 3 101 4.996728 3 102 5.132790
314 1703948893704 1 101 5.118714 1 102 5.118714
315 1703948893948 2 101 5.203166 2 102 4.992037
316 1703948894192 3 101 5.010804 3 102 5.151556
317 1703948894437 1 101 5.114023 1 102 5.085872
318 1703948894681 2 101 5.170324 2 102 5.029571
319 1703948894925 3 101 4.996728 3 102 5.085872
320 1703948895171 1 101 5.146865 1 102 5.137481
321 1703948895415 2 101 5.160940 2 102 5.020187
322 1703948895659 3 101 4.982653 3 102 5.118714
323 1703948895906 1 101 5.146865 1 102 5.118714
324 1703948896149 2 101 5.179707 2 102 5.029571
325 1703948896393 3 101 5.001420 3 102 5.118714
326 1703948896638 1 101 5.142173 1 102 5.118714
327 1703948896881 2 101 5.175015 2 102 5.015495
328 1703948897128 3 101 4.996728 3 102 5.156249
329 1703948897373 1 101 5.156249 1 102 5.095255
330 1703948897619 2 101 5.156249 2 102 4.982653
331 1703948897865 3 101 4.996728 3 102 5.132790
332 1703948898113 1 101 5.132790 1 102 5.090564
333 1703948898357 2 101 5.198474 2 102 5.029571
334 1703948898603 3 101 5.010804 3 102 5.132790
335 1703948898850 1 101 5.123406 1 102 5.081180
336 1703948899095 2 101 5.198474 2 102 5.001420
337 1703948899342 3 101 5.034263 3 102 5.137481
338 1703948899589 1 101 5.132790 1 102 5.099947
339 1703948899834 2 101 5.179707 2 102 5.015495
340 1703948900082 3 101 4.987345 3 102 5.076488
341 1703948900330 1 101 5.123406 1 102 5.114023
342 1703948900573 2 101 5.184399 2 102 5.010804
343 1703948900821 3 101 4.973269 3 102 5.109331
344 1703948901069 1 101 5.142173 1 102 5.095255
345 1703948901318 2 101 5.179707 2 102 5.024879
346 1703948901565 3 101 5.024879 3 102 5.118714
347 1703948901814 1 101 5.137481 1 102 5.099947
348 1703948902061 2 101 5.212550 2 102 5.015495
349 1703948902304 3 101 4.996728 3 102 5.099947
350 1703948902556 1 101 5.128098 1 102 5.109331
351 1703948902802 2 101 5.207858 2 102 4.987345
352 1703948903050 3 101 5.010804 3 102 5.114023
353 1703948903296 1 101 5.099947 1 102 5.099947
354 1703948904564 2 101 5.193782 2 102 5.038954
355 1703948904808 3 101 5.020187 3 102 5.132790
356 1703948905054 1 101 5.114023 1 102 5.123406
357 1703948905301 2 101 5.189091 2 102 5.015495
358 1703948905546 3 101 4.987345 3 102 5.118714
359 1703948905790 1 101 5.156249 1 102 5.090564
360 1703948906036 2 101 5.151556 2 102 5.010804
361 1703948906279 3 101 4.996728 3 102 5.146865
362 1703948906523 1 101 5.128098 1 102 5.099947
363 1703948906770 2 101 5.165632 2 102 5.020187
364 1703948907013 3 101 4.996728 3 102 5.114023
365 1703948907261 1 101 5.132790 1 102 5.123406
366 1703948907510 2 101 5.175015 2 102 5.010804
367 1703948907755 3 101 5.010804 3 102 5.160940
368 1703948908000 1 101 5.137481 1 102 5.095255
369 1703948908247 2 101 5.179707 2 102 5.020187
370 1703948908495 3 101 5.020187 3 102 5.160940
371 1703948908739 1 101 5.156249 1 102 5.118714
372 1703948908984 2 101 5.203166 2 102 5.010804
373 1703948909231 3 101 4.996728 3 102 5.160940
374 1703948909481 1 101 5.132790 1 102 5.099947
375 1703948909726 2 101 5.184399 2 102 5.024879
376 1703948909966 3 101 4.996728 3 102 5.114023
377 1703948910209 1 101 5.156249 1 102 5.095255
378 1703948910456 2 101 5.165632 2 102 5.020187
379 1703948910699 3 101 5.006112 3 102 5.099947
380 1703948910943 1 101 5.146865 1 102 5.090564
381 1703948911191 2 101 5.175015 2 102 5.001420
382 1703948911436 3 101 5.001420 3 102 5.151556
383 1703948911680 1 101 5.123406 1 102 5.114023
384 1703948911924 2 101 5.175015 2 102 4.996728
385 1703948912170 3 101 4.982653 3 102 5.128098
386 1703948912414 1 101 5.118714 1 102 5.095255
387 1703948912657 2 101 5.179707 2 102 5.034263
388 1703948912903 3 101 4.982653 3 102 5.146865
389 1703948913153 1 101 5.128098 1 102 5.118714
390 1703948913400 2 101 5.156249 2 102 5.001420
391 1703948913645 3 101 4.992037 3 102 5.109331
392 1703948913890 1 101 5.142173 1 102 5.118714
393 1703948914133 2 101 5.198474 2 102 5.001420
394 1703948914381 3 101 5.001420 3 102 5.142173
395 1703948914627 1 101 5.118714 1 102 5.095255
396 1703948914873 2 101 5.179707 2 102 4.987345
397 1703948915119 3 101 5.020187 3 102 5.132790
398 1703948915361 1 101 5.170324 1 102 5.104639
399 1703948915619 2 101 5.170324 2 102 5.020187
400 1703948915868 3 101 5.001420 3 102 5.142173
401 1703948916113 1 101 5.142173 1 102 5.114023
402 1703948916359 2 101 5.165632 2 102 5.029571
403 1703948916604 3 101 5.020187 3 102 5.123406
404 1703948916854 1 101 5.151556 1 102 5.104639