1 1703948817310
2 1703948817396
3 1703948817418
4 1703948817446
5 1703948817478
6 1703948817510
7 1703948817542
8 1703948817577
9 1703948817610
10 1703948817642
11 1703948817678
12 1703948817710
13 1703948817746
14 1703948817778
15 1703948817810
16 1703948817846
17 1703948817880
18 1703948817915
19 1703948817948
20 1703948817981
21 1703948818018
22 1703948818050
23 1703948818109
24 1703948818171
25 1703948818222
26 1703948818259
27 1703948818298
28 1703948818339
29 1703948818376
30 1703948818407
31 1703948818439
32 1703948818475
33 1703948818507
34 1703948818543
35 1703948818575
36 1703948818607
37 1703948818644
38 1703948818675
39 1703948818711
40 1703948818743
41 1703948818775
42 1703948818811
43 1703948818842
44 1703948818878
45 1703948818910
46 1703948818942
47 1703948818978
48 1703948819010
49 1703948819046
50 1703948819078
51 1703948819110
52 1703948819145
53 1703948819177
54 1703948819214
55 1703948819245
56 1703948819277
57 1703948819314
58 1703948819346
59 1703948819382
60 1703948819413
61 1703948819445
62 1703948819482
63 1703948819516
64 1703948819550
65 1703948819582
66 1703948819614
67 1703948819650
68 1703948819682
69 1703948819719
70 1703948819750
71 1703948819781
72 1703948819818
73 1703948819849
74 1703948819885
75 1703948819917
76 1703948819950
77 1703948819986
78 1703948820019
79 1703948820054
80 1703948820085
81 1703948820118
82 1703948820154
83 1703948820186
84 1703948820222
85 1703948820254
86 1703948820286
87 1703948820322
88 1703948820354
89 1703948820390
90 1703948820423
91 1703948820456
92 1703948820490
93 1703948820522
94 1703948820560
95 1703948820592
96 1703948820624
97 1703948820660
98 1703948820692
99 1703948820727
100 1703948820759
101 1703948820790
102 1703948820827
103 1703948820858
104 1703948820895
105 1703948820927
106 1703948820959
107 1703948820994
108 1703948821026
109 1703948821063
110 1703948821095
111 1703948821127
112 1703948821162
113 1703948821194
114 1703948821231
115 1703948821263
116 1703948821295
117 1703948821331
118 1703948821363
119 1703948821398
120 1703948821430
121 1703948821463
122 1703948821500
123 1703948821531
124 1703948821568
125 1703948821600
126 1703948821632
127 1703948821668
128 1703948821698
129 1703948821734
130 1703948821766
131 1703948821798
132 1703948821836
133 1703948821868
134 1703948821903
135 1703948821935
136 1703948821968
137 1703948822004
138 1703948822035
139 1703948822071
140 1703948822102
141 1703948822134
142 1703948822170
143 1703948822204
144 1703948822240
145 1703948822272
146 1703948822304
147 1703948822339
148 1703948822371
149 1703948822407
150 1703948822439
151 1703948822471
152 1703948822507
153 1703948822539
154 1703948822574
155 1703948822607
156 1703948822639
157 1703948822675
158 1703948822707
159 1703948822742
160 1703948822775
161 1703948822807
162 1703948822843
163 1703948822876
164 1703948822912
165 1703948822944
166 1703948822982
167 1703948823022
168 1703948823061
169 1703948823101
170 1703948823141
171 1703948823181
172 1703948823222
173 1703948823265
174 1703948823305
175 1703948823345
176 1703948823385
177 1703948823425
178 1703948823465
179 1703948823505
180 1703948823546
181 1703948823585
182 1703948823625
183 1703948823665
184 1703948823705
185 1703948823745
186 1703948823789
187 1703948823829
188 1703948823869
189 1703948823909
190 1703948823949
191 1703948823989
192 1703948824029
193 1703948824069
194 1703948824109
195 1703948824149
196 1703948824189
197 1703948824229
198 1703948824269
199 1703948824309
200 1703948824353
201 1703948824393
202 1703948824433
203 1703948824473
204 1703948824513
205 1703948824553
206 1703948824593
207 1703948824633
208 1703948824673
209 1703948824713
210 1703948824753
211 1703948824793
212 1703948824833
213 1703948824873
214 1703948824917
215 1703948824957
216 1703948824997
217 1703948825037
218 1703948825077
219 1703948825117
220 1703948825157
221 1703948825197
222 1703948825237
223 1703948825277
224 1703948825317
225 1703948825357
226 1703948825397
227 1703948825437
228 1703948825482
229 1703948825521
230 1703948825561
231 1703948825601
232 1703948825641
233 1703948825681
234 1703948825722
235 1703948825762
236 1703948825802
237 1703948825843
238 1703948825883
239 1703948825923
240 1703948825963
241 1703948826002
242 1703948826047
243 1703948826086
244 1703948826126
245 1703948826166
246 1703948826207
247 1703948826246
248 1703948826287
249 1703948826327
250 1703948826367
251 1703948826407
252 1703948826447
253 1703948826487
254 1703948826528
255 1703948826570
256 1703948826611
257 1703948826651
258 1703948826691
259 1703948826731
260 1703948826771
261 1703948826811
262 1703948826851
263 1703948826891
264 1703948826931
265 1703948826971
266 1703948827011
267 1703948827051
268 1703948827092
269 1703948827135
270 1703948827175
271 1703948827215
272 1703948827255
273 1703948827295
274 1703948827335
275 1703948827375
276 1703948827415
277 1703948827455
278 1703948827494
279 1703948827534
280 1703948827574
281 1703948827615
282 1703948827656
283 1703948827700
284 1703948827738
285 1703948827778
286 1703948827819
287 1703948827859
288 1703948827898
289 1703948827939
290 1703948827979
291 1703948828019
292 1703948828059
293 1703948828098
294 1703948828138
295 1703948828178
296 1703948828220
297 1703948828262
298 1703948828302
299 1703948828343
300 1703948828384
301 1703948828424
302 1703948828463
303 1703948828502
304 1703948828543
305 1703948828583
306 1703948828623
307 1703948828663
308 1703948828703
309 1703948828743
310 1703948828783
311 1703948828827
312 1703948828868
313 1703948828908
314 1703948828948
315 1703948828988
316 1703948829027
317 1703948829067
318 1703948829107
319 1703948829147
320 1703948829187
321 1703948829227
322 1703948829267
323 1703948829307
324 1703948829351
325 1703948829391
326 1703948829431
327 1703948829471
328 1703948829512
329 1703948829551
330 1703948829591
331 1703948829630
332 1703948829670
333 1703948829710
334 1703948829750
335 1703948829789
336 1703948829830
337 1703948829871
338 1703948829915
339 1703948829955
340 1703948829995
341 1703948830036
342 1703948830076
343 1703948830115
344 1703948830154
345 1703948830195
346 1703948830235
347 1703948830275
348 1703948830316
349 1703948830355
350 1703948830395
351 1703948830434
352 1703948830478
353 1703948830519
354 1703948830559
355 1703948830598
356 1703948830639
357 1703948830679
358 1703948830719
359 1703948830758
360 1703948830800
361 1703948830839
362 1703948830878
363 1703948830918
364 1703948830959
365 1703948830999
366 1703948831043
367 1703948831083
368 1703948831123
369 1703948831163
370 1703948831203
371 1703948831243
372 1703948831284
373 1703948831323
374 1703948831363
375 1703948831402
376 1703948831444
377 1703948831483
378 1703948831523
379 1703948831563
380 1703948831607
381 1703948831647
382 1703948831687
383 1703948831727
384 1703948831767
385 1703948831807
386 1703948831847
387 1703948831887
388 1703948831927
389 1703948831967
390 1703948832007
391 1703948832047
392 1703948832087
393 1703948832131
394 1703948832171
395 1703948832211
396 1703948832251
397 1703948832291
398 1703948832332
399 1703948832371
400 1703948832411
401 1703948832451
402 1703948832491
403 1703948832532
404 1703948832572
405 1703948832611
406 1703948832652
407 1703948832695
408 1703948832735
409 1703948832775
410 1703948832816
411 1703948832855
412 1703948832896
413 1703948832935
414 1703948832976
415 1703948833016
416 1703948833055
417 1703948833095
418 1703948833135
419 1703948833175
420 1703948833216
421 1703948833261
422 1703948833301
423 1703948833341
424 1703948833380
425 1703948833421
426 1703948833460
427 1703948833500
428 1703948833539
429 1703948833579
430 1703948833619
431 1703948833659
432 1703948833699
433 1703948833739
434 1703948833779
435 1703948833823
436 1703948833864
437 1703948833903
438 1703948833942
439 1703948833982
440 1703948834022
441 1703948834062
442 1703948834104
443 1703948834145
444 1703948834182
445 1703948834222
446 1703948834263
447 1703948834303
448 1703948834343
449 1703948834387
450 1703948834427
451 1703948834467
452 1703948834507
453 1703948834547
454 1703948834587
455 1703948834627
456 1703948834668
457 1703948834708
458 1703948834747
459 1703948834787
460 1703948834827
461 1703948834867
462 1703948834911
463 1703948834951
464 1703948834991
465 1703948835031
466 1703948835071
467 1703948835111
468 1703948835151
469 1703948835191
470 1703948835231
471 1703948835271
472 1703948835311
473 1703948835352
474 1703948835392
475 1703948835432
476 1703948835476
477 1703948835517
478 1703948835556
479 1703948835596
480 1703948835636
481 1703948835676
482 1703948835717
483 1703948835756
484 1703948835796
485 1703948835836
486 1703948835876
487 1703948835916
488 1703948835956
489 1703948835996
490 1703948836040
491 1703948836080
492 1703948836120
493 1703948836160
494 1703948836200
495 1703948836240
496 1703948836280
497 1703948836320
498 1703948836360
499 1703948836400
500 1703948836440
501 1703948836481
502 1703948836521
503 1703948836560
504 1703948836604
505 1703948836645
506 1703948836684
507 1703948836724
508 1703948836764
509 1703948836804
510 1703948836844
511 1703948836884
512 1703948836924
513 1703948836964
514 1703948837004
515 1703948837044
516 1703948837084
517 1703948837125
518 1703948837168
519 1703948837208
520 1703948837248
521 1703948837289
522 1703948837328
523 1703948837368
524 1703948837408
525 1703948837448
526 1703948837488
527 1703948837529
528 1703948837568
529 1703948837608
530 1703948837648
531 1703948837692
532 1703948837732
533 1703948837772
534 1703948837812
535 1703948837852
536 1703948837892
537 1703948837932
538 1703948837972
539 1703948838012
540 1703948838052
541 1703948838092
542 1703948838132
543 1703948838173
544 1703948838212
545 1703948838254
546 1703948838296
547 1703948838338
548 1703948838376
549 1703948838415
550 1703948838456
551 1703948838497
552 1703948838538
553 1703948838576
554 1703948838617
555 1703948838657
556 1703948838697
557 1703948838737
558 1703948838775
559 1703948838819
560 1703948838860
561 1703948838900
562 1703948838940
563 1703948838981
564 1703948839020
565 1703948839060
566 1703948839100
567 1703948839140
568 1703948839181
569 1703948839220
570 1703948839260
571 1703948839300
572 1703948839341
573 1703948839384
574 1703948839424
575 1703948839465
576 1703948839504
577 1703948839544
578 1703948839584
579 1703948839624
580 1703948839664
581 1703948839703
582 1703948839743
583 1703948839783
584 1703948839823
585 1703948839863
586 1703948839903
587 1703948839947
588 1703948839987
589 1703948840027
590 1703948840067
591 1703948840107
592 1703948840147
593 1703948840187
594 1703948840227
595 1703948840268
596 1703948840308
597 1703948840348
598 1703948840388
599 1703948840428
600 1703948840473
601 1703948840512
602 1703948840552
603 1703948840592
604 1703948840632
605 1703948840672
606 1703948840712
607 1703948840752
608 1703948840792
609 1703948840832
610 1703948840872
611 1703948840912
612 1703948840952
613 1703948840992
614 1703948841036
615 1703948841076
616 1703948841116
617 1703948841156
618 1703948841196
619 1703948841236
620 1703948841276
621 1703948841316
622 1703948841356
623 1703948841396
624 1703948841436
625 1703948841476
626 1703948841516
627 1703948841556
628 1703948841600
629 1703948841640
630 1703948841681
631 1703948841720
632 1703948841760
633 1703948841800
634 1703948841840
635 1703948841880
636 1703948841920
637 1703948841958
638 1703948841999
639 1703948842039
640 1703948842080
641 1703948842120
642 1703948842164
643 1703948842204
644 1703948842243
645 1703948842283
646 1703948842324
647 1703948842363
648 1703948842403
649 1703948842443
650 1703948842484
651 1703948842523
652 1703948842563
653 1703948842603
654 1703948842645
655 1703948842684
656 1703948842726
657 1703948842767
658 1703948842809
659 1703948842849
660 1703948842889
661 1703948842927
662 1703948842967
663 1703948843007
664 1703948843048
665 1703948843087
666 1703948843127
667 1703948843167
668 1703948843207
669 1703948843251
670 1703948843293
671 1703948843333
672 1703948843373
673 1703948843413
674 1703948843451
675 1703948843492
676 1703948843531
677 1703948843571
678 1703948843612
679 1703948843652
680 1703948843692
681 1703948843732
682 1703948843773
683 1703948843817
684 1703948843856
685 1703948843897
686 1703948843936
687 1703948843976
688 1703948844017
689 1703948844057
690 1703948844097
691 1703948844136
692 1703948844176
693 1703948844216
694 1703948844256
695 1703948844297
696 1703948844336
697 1703948844379
698 1703948844419
699 1703948844459
700 1703948844500
701 1703948844540
702 1703948844580
703 1703948844620
704 1703948844660
705 1703948844700
706 1703948844740
707 1703948844780
708 1703948844820
709 1703948844861
710 1703948844901
711 1703948844945
712 1703948844985
713 1703948845025
714 1703948845065
715 1703948845105
716 1703948845145
717 1703948845185
718 1703948845225
719 1703948845265
720 1703948845305
721 1703948845345
722 1703948845385
723 1703948845425
724 1703948845465
725 1703948845509
726 1703948845549
727 1703948845589
728 1703948845630
729 1703948845669
730 1703948845709
731 1703948845749
732 1703948845789
733 1703948845829
734 1703948845870
735 1703948845909
736 1703948845949
737 1703948845989
738 1703948846033
739 1703948846073
740 1703948846113
741 1703948846153
742 1703948846191
743 1703948846231
744 1703948846272
745 1703948846313
746 1703948846353
747 1703948846393
748 1703948846431
749 1703948846471
750 1703948846512
751 1703948846553
752 1703948846597
753 1703948846638
754 1703948846677
755 1703948846717
756 1703948846757
757 1703948846797
758 1703948846838
759 1703948846877
760 1703948846917
761 1703948846957
762 1703948846997
763 1703948847037
764 1703948847077
765 1703948847117
766 1703948847161
767 1703948847201
768 1703948847241
769 1703948847281
770 1703948847321
771 1703948847361
772 1703948847401
773 1703948847441
774 1703948847481
775 1703948847521
776 1703948847562
777 1703948847601
778 1703948847639
779 1703948847680
780 1703948847725
781 1703948847765
782 1703948847805
783 1703948847845
784 1703948847885
785 1703948847925
786 1703948847965
787 1703948848005
788 1703948848045
789 1703948848085
790 1703948848125
791 1703948848165
792 1703948848205
793 1703948848245
794 1703948848286
795 1703948848327
796 1703948848368
797 1703948848409
798 1703948848450
799 1703948848490
800 1703948848529
801 1703948848569
802 1703948848609
803 1703948848649
804 1703948848689
805 1703948848729
806 1703948848769
807 1703948848811
808 1703948848851
809 1703948848891
810 1703948848932
811 1703948848972
812 1703948849012
813 1703948849053
814 1703948849092
815 1703948849132
816 1703948849172
817 1703948849212
818 1703948849252
819 1703948849293
820 1703948849332
821 1703948849376
822 1703948849416
823 1703948849456
824 1703948849496
825 1703948849537
826 1703948849577
827 1703948849616
828 1703948849656
829 1703948849696
830 1703948849736
831 1703948849776
832 1703948849816
833 1703948849856
834 1703948849896
835 1703948849940
836 1703948849981
837 1703948850021
838 1703948850061
839 1703948850100
840 1703948850142
841 1703948850181
842 1703948850219
843 1703948850259
844 1703948850301
845 1703948850342
846 1703948850381
847 1703948850421
848 1703948850461
849 1703948850505
850 1703948850546
851 1703948850585
852 1703948850623
853 1703948850664
854 1703948850704
855 1703948850744
856 1703948850784
857 1703948850825
858 1703948850865
859 1703948850904
860 1703948850944
861 1703948850984
862 1703948851024
863 1703948851068
864 1703948851108
865 1703948851148
866 1703948851188
867 1703948851228
868 1703948851269
869 1703948851308
870 1703948851348
871 1703948851388
872 1703948851428
873 1703948851468
874 1703948851508
875 1703948851548
876 1703948851592
877 1703948851632
878 1703948851673
879 1703948851712
880 1703948851752
881 1703948851792
882 1703948851833
883 1703948851872
884 1703948851912
885 1703948851952
886 1703948851992
887 1703948852032
888 1703948852072
889 1703948852112
890 1703948852157
891 1703948852197
892 1703948852237
893 1703948852277
894 1703948852318
895 1703948852355
896 1703948852395
897 1703948852436
898 1703948852476
899 1703948852516
900 1703948852556
901 1703948852596
902 1703948852636
903 1703948852676
904 1703948852721
905 1703948852761
906 1703948852801
907 1703948852841
908 1703948852880
909 1703948852920
910 1703948852960
911 1703948853000
912 1703948853040
913 1703948853080
914 1703948853119
915 1703948853160
916 1703948853200
917 1703948853240
918 1703948853284
919 1703948853324
920 1703948853365
921 1703948853404
922 1703948853444
923 1703948853484
924 1703948853525
925 1703948853564
926 1703948853604
927 1703948853645
928 1703948853684
929 1703948853724
930 1703948853764
931 1703948853804
932 1703948853848
933 1703948853888
934 1703948853928
935 1703948853968
936 1703948854008
937 1703948854048
938 1703948854088
939 1703948854128
940 1703948854168
941 1703948854208
942 1703948854248
943 1703948854288
944 1703948854328
945 1703948854372
946 1703948854412
947 1703948854452
948 1703948854492
949 1703948854532
950 1703948854572
951 1703948854612
952 1703948854652
953 1703948854692
954 1703948854732
955 1703948854772
956 1703948854812
957 1703948854852
958 1703948854892
959 1703948854936
960 1703948854976
961 1703948855015
962 1703948855057
963 1703948855097
964 1703948855137
965 1703948855177
966 1703948855218
967 1703948855255
968 1703948855295
969 1703948855336
970 1703948855376
971 1703948855416
972 1703948855457
973 1703948855500
974 1703948855540
975 1703948855580
976 1703948855620
977 1703948855661
978 1703948855701
979 1703948855741
980 1703948855780
981 1703948855820
982 1703948855861
983 1703948855900
984 1703948855940
985 1703948855981
986 1703948856020
987 1703948856064
988 1703948856104
989 1703948856145
990 1703948856184
991 1703948856224
992 1703948856264
993 1703948856304
994 1703948856345
995 1703948856384
996 1703948856424
997 1703948856464
998 1703948856505
999 1703948856545
1000 1703948856584
1001 1703948856629
1002 1703948856668
1003 1703948856710
1004 1703948856748
1005 1703948856788
1006 1703948856829
1007 1703948856868
1008 1703948856909
1009 1703948856949
1010 1703948856988
1011 1703948857028
1012 1703948857068
1013 1703948857108
1014 1703948857153
1015 1703948857193
1016 1703948857233
1017 1703948857273
1018 1703948857313
1019 1703948857353
1020 1703948857392
1021 1703948857433
1022 1703948857472
1023 1703948857513
1024 1703948857552
1025 1703948857592
1026 1703948857632
1027 1703948857672
1028 1703948857717
1029 1703948857757
1030 1703948857797
1031 1703948857837
1032 1703948857876
1033 1703948857916
1034 1703948857956
1035 1703948857996
1036 1703948858036
1037 1703948858077
1038 1703948858117
1039 1703948858156
1040 1703948858196
1041 1703948858236
1042 1703948858281
1043 1703948858321
1044 1703948858360
1045 1703948858400
1046 1703948858441
1047 1703948858481
1048 1703948858519
1049 1703948858560
1050 1703948858602
1051 1703948858642
1052 1703948858683
1053 1703948858722
1054 1703948858762
1055 1703948858801
1056 1703948858846
1057 1703948858885
1058 1703948858925
1059 1703948858965
1060 1703948859005
1061 1703948859045
1062 1703948859084
1063 1703948859124
1064 1703948859164
1065 1703948859204
1066 1703948859244
1067 1703948859285
1068 1703948859326
1069 1703948859365
1070 1703948859409
1071 1703948859450
1072 1703948859489
1073 1703948859527
1074 1703948859568
1075 1703948859610
1076 1703948859651
1077 1703948859689
1078 1703948859727
1079 1703948859767
1080 1703948859810
1081 1703948859850
1082 1703948859889
1083 1703948859933
1084 1703948859973
1085 1703948860013
1086 1703948860054
1087 1703948860094
1088 1703948860133
1089 1703948860174
1090 1703948860213
1091 1703948860253
1092 1703948860292
1093 1703948860331
1094 1703948860372
1095 1703948860413
1096 1703948860453
1097 1703948860497
1098 1703948860537
1099 1703948860577
1100 1703948860616
1101 1703948860656
1102 1703948860696
1103 1703948860736
1104 1703948860776
1105 1703948860817
1106 1703948860856
1107 1703948860897
1108 1703948860936
1109 1703948860977
1110 1703948861016
1111 1703948861061
1112 1703948861100
1113 1703948861141
1114 1703948861180
1115 1703948861221
1116 1703948861261
1117 1703948861301
1118 1703948861340
1119 1703948861381
1120 1703948861420
1121 1703948861460
1122 1703948861501
1123 1703948861540
1124 1703948861581
1125 1703948861625
1126 1703948861664
1127 1703948861705
1128 1703948861745
1129 1703948861784
1130 1703948861824
1131 1703948861865
1132 1703948861905
1133 1703948861945
1134 1703948861985
1135 1703948862025
1136 1703948862065
1137 1703948862105
1138 1703948862145
1139 1703948862189
1140 1703948862228
1141 1703948862268
1142 1703948862308
1143 1703948862349
1144 1703948862388
1145 1703948862429
1146 1703948862469
1147 1703948862509
1148 1703948862549
1149 1703948862588
1150 1703948862629
1151 1703948862668
1152 1703948862712
1153 1703948862752
1154 1703948862792
1155 1703948862833
1156 1703948862873
1157 1703948862912
1158 1703948862952
1159 1703948862993
1160 1703948863032
1161 1703948863073
1162 1703948863112
1163 1703948863153
1164 1703948863193
1165 1703948863232
1166 1703948863276
1167 1703948863316
1168 1703948863356
1169 1703948863396
1170 1703948863437
1171 1703948863477
1172 1703948863517
1173 1703948863557
1174 1703948863596
1175 1703948863637
1176 1703948863677
1177 1703948863717
1178 1703948863756
1179 1703948863796
1180 1703948863839
1181 1703948863880
1182 1703948863920
1183 1703948863961
1184 1703948864000
1185 1703948864039
1186 1703948864080
1187 1703948864120
1188 1703948864161
1189 1703948864199
1190 1703948864240
1191 1703948864280
1192 1703948864321
1193 1703948864360
1194 1703948864404
1195 1703948864445
1196 1703948864484
1197 1703948864526
1198 1703948864564
1199 1703948864604
1200 1703948864644
1201 1703948864683
1202 1703948864724
1203 1703948864764
1204 1703948864803
1205 1703948864844
1206 1703948864884
1207 1703948864924
1208 1703948864968
1209 1703948865008
1210 1703948865050
1211 1703948865088
1212 1703948865128
1213 1703948865168
1214 1703948865208
1215 1703948865248
1216 1703948865289
1217 1703948865327
1218 1703948865367
1219 1703948865410
1220 1703948865450
1221 1703948865491
1222 1703948865531
1223 1703948865572
1224 1703948865612
1225 1703948865652
1226 1703948865692
1227 1703948865734
1228 1703948865772
1229 1703948865811
1230 1703948865851
1231 1703948865895
1232 1703948865933
1233 1703948865971
1234 1703948866011
1235 1703948866057
1236 1703948866097
1237 1703948866135
1238 1703948866177
1239 1703948866216
1240 1703948866256
1241 1703948866296
1242 1703948866336
1243 1703948866377
1244 1703948866415
1245 1703948866455
1246 1703948866496
1247 1703948866536
1248 1703948866575
1249 1703948866620
1250 1703948866660
1251 1703948866700
1252 1703948866741
1253 1703948866779
1254 1703948866819
1255 1703948866860
1256 1703948866901
1257 1703948866940
1258 1703948866981
1259 1703948867020
1260 1703948867061
1261 1703948867100
1262 1703948867141
1263 1703948867185
1264 1703948867225
1265 1703948867265
1266 1703948867305
1267 1703948867345
1268 1703948867385
1269 1703948867425
1270 1703948867466
1271 1703948867505
1272 1703948867545
1273 1703948867585
1274 1703948867625
1275 1703948867665
1276 1703948867705
1277 1703948867749
1278 1703948867789
1279 1703948867829
1280 1703948867869
1281 1703948867908
1282 1703948867948
1283 1703948867989
1284 1703948868030
1285 1703948868068
1286 1703948868107
1287 1703948868147
1288 1703948868187
1289 1703948868227
1290 1703948868272
1291 1703948868314
1292 1703948868353
1293 1703948868395
1294 1703948868433
1295 1703948868472
1296 1703948868512
1297 1703948868552
1298 1703948868592
1299 1703948868634
1300 1703948868674
1301 1703948868714
1302 1703948868753
1303 1703948868794
1304 1703948868837
1305 1703948868878
1306 1703948868917
1307 1703948868958
1308 1703948868996
1309 1703948869037
1310 1703948869076
1311 1703948869116
1312 1703948869157
1313 1703948869196
1314 1703948869236
1315 1703948869276
1316 1703948869317
1317 1703948869357
1318 1703948869400
1319 1703948869440
1320 1703948869480
1321 1703948869520
1322 1703948869560
1323 1703948869599
1324 1703948869641
1325 1703948869681
1326 1703948869721
1327 1703948869760
1328 1703948869800
1329 1703948869840
1330 1703948869881
1331 1703948869920
1332 1703948869965
1333 1703948870005
1334 1703948870045
1335 1703948870085
1336 1703948870125
1337 1703948870164
1338 1703948870205
1339 1703948870244
1340 1703948870285
1341 1703948870325
1342 1703948870365
1343 1703948870405
1344 1703948870445
1345 1703948870485
1346 1703948870529
1347 1703948870568
1348 1703948870609
1349 1703948870648
1350 1703948870689
1351 1703948870729
1352 1703948870769
1353 1703948870809
1354 1703948870848
1355 1703948870889
1356 1703948870928
1357 1703948870968
1358 1703948871009
1359 1703948871052
1360 1703948871093
1361 1703948871133
1362 1703948871172
1363 1703948871213
1364 1703948871252
1365 1703948871293
1366 1703948871332
1367 1703948871373
1368 1703948871412
1369 1703948871452
1370 1703948871493
1371 1703948871533
1372 1703948871573
1373 1703948871617
1374 1703948871657
1375 1703948871697
1376 1703948871737
1377 1703948871777
1378 1703948871817
1379 1703948871856
1380 1703948871896
1381 1703948871937
1382 1703948871977
1383 1703948872017
1384 1703948872057
1385 1703948872097
1386 1703948872137
1387 1703948872181
1388 1703948872222
1389 1703948872262
1390 1703948872301
1391 1703948872342
1392 1703948872382
1393 1703948872422
1394 1703948872461
1395 1703948872500
1396 1703948872541
1397 1703948872581
1398 1703948872621
1399 1703948872661
1400 1703948872702
1401 1703948872745
1402 1703948872785
1403 1703948872825
1404 1703948872865
1405 1703948872906
1406 1703948872945
1407 1703948872985
1408 1703948873025
1409 1703948873065
1410 1703948873105
1411 1703948873144
1412 1703948873184
1413 1703948873223
1414 1703948873264
1415 1703948873307
1416 1703948873348
1417 1703948873387
1418 1703948873427
1419 1703948873467
1420 1703948873510
1421 1703948873553
1422 1703948873589
1423 1703948873627
1424 1703948873667
1425 1703948873708
1426 1703948873748
1427 1703948873788
1428 1703948873832
1429 1703948873875
1430 1703948873916
1431 1703948873953
1432 1703948873991
1433 1703948874032
1434 1703948874071
1435 1703948874111
1436 1703948874152
1437 1703948874192
1438 1703948874233
1439 1703948874272
1440 1703948874312
1441 1703948874352
1442 1703948874398
1443 1703948874438
1444 1703948874476
1445 1703948874516
1446 1703948874556
1447 1703948874596
1448 1703948874637
1449 1703948874676
1450 1703948874716
1451 1703948874756
1452 1703948874797
1453 1703948874837
1454 1703948874876
1455 1703948874916
1456 1703948874960
1457 1703948875001
1458 1703948875040
1459 1703948875080
1460 1703948875120
1461 1703948875160
1462 1703948875200
1463 1703948875241
1464 1703948875280
1465 1703948875322
1466 1703948875363
1467 1703948875399
1468 1703948875439
1469 1703948875483
1470 1703948875527
1471 1703948875563
1472 1703948875603
1473 1703948875643
1474 1703948875683
1475 1703948875724
1476 1703948875764
1477 1703948875804
1478 1703948875844
1479 1703948875884
1480 1703948875924
1481 1703948875964
1482 1703948876004
1483 1703948876044
1484 1703948876088
1485 1703948876128
1486 1703948876168
1487 1703948876208
1488 1703948876248
1489 1703948876288
1490 1703948876328
1491 1703948876368
1492 1703948876408
1493 1703948876449
1494 1703948876489
1495 1703948876529
1496 1703948876569
1497 1703948876614
1498 1703948876654
1499 1703948876693
1500 1703948876732
1501 1703948876772
1502 1703948876812
1503 1703948876853
1504 1703948876893
1505 1703948876932
1506 1703948876973
1507 1703948877012
1508 1703948877052
1509 1703948877093
1510 1703948877132
1511 1703948877177
1512 1703948877217
1513 1703948877257
1514 1703948877297
1515 1703948877337
1516 1703948877377
1517 1703948877418
1518 1703948877458
1519 1703948877496
1520 1703948877537
1521 1703948877578
1522 1703948877619
1523 1703948877657
1524 1703948877696
1525 1703948877740
1526 1703948877781
1527 1703948877820
1528 1703948877860
1529 1703948877901
1530 1703948877941
1531 1703948877981
1532 1703948878020
1533 1703948878060
1534 1703948878100
1535 1703948878140
1536 1703948878180
1537 1703948878221
1538 1703948878261
1539 1703948878305
1540 1703948878344
1541 1703948878385
1542 1703948878424
1543 1703948878465
1544 1703948878504
1545 1703948878544
1546 1703948878584
1547 1703948878627
1548 1703948878666
1549 1703948878705
1550 1703948878744
1551 1703948878785
1552 1703948878824
1553 1703948878868
1554 1703948878909
1555 1703948878948
1556 1703948878989
1557 1703948879028
1558 1703948879068
1559 1703948879108
1560 1703948879148
1561 1703948879189
1562 1703948879228
1563 1703948879268
1564 1703948879309
1565 1703948879348
1566 1703948879393
1567 1703948879432
1568 1703948879472
1569 1703948879512
1570 1703948879553
1571 1703948879593
1572 1703948879633
1573 1703948879672
1574 1703948879712
1575 1703948879752
1576 1703948879793
1577 1703948879833
1578 1703948879872
1579 1703948879912
1580 1703948879957
1581 1703948879997
1582 1703948880037
1583 1703948880076
1584 1703948880118
1585 1703948880158
1586 1703948880196
1587 1703948880236
1588 1703948880276
1589 1703948880318
1590 1703948880358
1591 1703948880398
1592 1703948880439
1593 1703948880478
1594 1703948880520
1595 1703948880563
1596 1703948880603
1597 1703948880644
1598 1703948880679
1599 1703948880722
1600 1703948880763
1601 1703948880802
1602 1703948880843
1603 1703948880883
1604 1703948880923
1605 1703948880962
1606 1703948881002
1607 1703948881043
1608 1703948881084
1609 1703948881124
1610 1703948881167
1611 1703948881206
1612 1703948881246
1613 1703948881286
1614 1703948881327
1615 1703948881366
1616 1703948881406
1617 1703948881444
1618 1703948881486
1619 1703948881526
1620 1703948881566
1621 1703948881605
1622 1703948881648
1623 1703948881688
1624 1703948881729
1625 1703948881768
1626 1703948881809
1627 1703948881850
1628 1703948881890
1629 1703948881931
1630 1703948881968
1631 1703948882009
1632 1703948882048
1633 1703948882089
1634 1703948882129
1635 1703948882175
1636 1703948882215
1637 1703948882254
1638 1703948882294
1639 1703948882334
1640 1703948882374
1641 1703948882415
1642 1703948882452
1643 1703948882492
1644 1703948882532
1645 1703948882572
1646 1703948882614
1647 1703948882655
1648 1703948882695
1649 1703948882736
1650 1703948882776
1651 1703948882818
1652 1703948882858
1653 1703948882898
1654 1703948882936
1655 1703948882976
1656 1703948883016
1657 1703948883057
1658 1703948883097
1659 1703948883137
1660 1703948883178
1661 1703948883217
1662 1703948883257
1663 1703948883302
1664 1703948883342
1665 1703948883382
1666 1703948883422
1667 1703948883462
1668 1703948883502
1669 1703948883542
1670 1703948883582
1671 1703948883622
1672 1703948883662
1673 1703948883701
1674 1703948883741
1675 1703948883780
1676 1703948883822
1677 1703948883867
1678 1703948883906
1679 1703948883945
1680 1703948883986
1681 1703948884025
1682 1703948884065
1683 1703948884105
1684 1703948884145
1685 1703948884185
1686 1703948884225
1687 1703948884265
1688 1703948884306
1689 1703948884346
1690 1703948884384
1691 1703948884428
1692 1703948884468
1693 1703948884509
1694 1703948884549
1695 1703948884589
1696 1703948884631
1697 1703948884670
1698 1703948884709
1699 1703948884749
1700 1703948884788
1701 1703948884829
1702 1703948884868
1703 1703948884909
1704 1703948884952
1705 1703948884992
1706 1703948885034
1707 1703948885074
1708 1703948885114
1709 1703948885154
1710 1703948885193
1711 1703948885233
1712 1703948885272
1713 1703948885312
1714 1703948885354
1715 1703948885393
1716 1703948885433
1717 1703948885473
1718 1703948885517
1719 1703948885558
1720 1703948885598
1721 1703948885638
1722 1703948885677
1723 1703948885717
1724 1703948885759
1725 1703948885797
1726 1703948885837
1727 1703948885878
1728 1703948885917
1729 1703948885958
1730 1703948885997
1731 1703948886038
1732 1703948886082
1733 1703948886124
1734 1703948886160
1735 1703948886199
1736 1703948886239
1737 1703948886279
1738 1703948886319
1739 1703948886359
1740 1703948886399
1741 1703948886439
1742 1703948886479
1743 1703948886519
1744 1703948886559
1745 1703948886599
1746 1703948886643
1747 1703948886683
1748 1703948886723
1749 1703948886763
1750 1703948886803
1751 1703948886843
1752 1703948886883
1753 1703948886923
1754 1703948886963
1755 1703948887003
1756 1703948887043
1757 1703948887083
1758 1703948887123
1759 1703948887163
1760 1703948887207
1761 1703948887247
1762 1703948887287
1763 1703948887327
1764 1703948887367
1765 1703948887407
1766 1703948887447
1767 1703948887487
1768 1703948887527
1769 1703948887567
1770 1703948887607
1771 1703948887648
1772 1703948887687
1773 1703948887731
1774 1703948887771
1775 1703948887811
1776 1703948887851
1777 1703948887891
1778 1703948887931
1779 1703948887972
1780 1703948888011
1781 1703948888051
1782 1703948888091
1783 1703948888131
1784 1703948888171
1785 1703948888211
1786 1703948888251
1787 1703948888295
1788 1703948888336
1789 1703948888375
1790 1703948888415
1791 1703948888456
1792 1703948888495
1793 1703948888535
1794 1703948888575
1795 1703948888615
1796 1703948888656
1797 1703948888695
1798 1703948888735
1799 1703948888775
1800 1703948888816
1801 1703948888861
1802 1703948888900
1803 1703948888940
1804 1703948888980
1805 1703948889021
1806 1703948889060
1807 1703948889100
1808 1703948889140
1809 1703948889181
1810 1703948889221
1811 1703948889260
1812 1703948889300
1813 1703948889340
1814 1703948889381
1815 1703948889425
1816 1703948889465
1817 1703948889505
1818 1703948889545
1819 1703948889584
1820 1703948889625
1821 1703948889665
1822 1703948889705
1823 1703948889745
1824 1703948889785
1825 1703948889824
1826 1703948889864
1827 1703948889905
1828 1703948889945
1829 1703948889989
1830 1703948890029
1831 1703948890069
1832 1703948890109
1833 1703948890149
1834 1703948890189
1835 1703948890228
1836 1703948890269
1837 1703948890309
1838 1703948890349
1839 1703948890389
1840 1703948890429
1841 1703948890470
1842 1703948890512
1843 1703948890551
1844 1703948890592
1845 1703948890633
1846 1703948890674
1847 1703948890713
1848 1703948890754
1849 1703948890794
1850 1703948890833
1851 1703948890873
1852 1703948890913
1853 1703948890953
1854 1703948890994
1855 1703948891034
1856 1703948891078
1857 1703948891117
1858 1703948891158
1859 1703948891197
1860 1703948891237
1861 1703948891278
1862 1703948891317
1863 1703948891357
1864 1703948891397
1865 1703948891438
1866 1703948891477
1867 1703948891518
1868 1703948891557
1869 1703948891597
1870 1703948891641
1871 1703948891682
1872 1703948891722
1873 1703948891760
1874 1703948891800
1875 1703948891840
1876 1703948891881
1877 1703948891922
1878 1703948891962
1879 1703948892002
1880 1703948892042
1881 1703948892082
1882 1703948892122
1883 1703948892161
1884 1703948892206
1885 1703948892246
1886 1703948892286
1887 1703948892326
1888 1703948892366
1889 1703948892406
1890 1703948892446
1891 1703948892486
1892 1703948892525
1893 1703948892566
1894 1703948892606
1895 1703948892647
1896 1703948892686
1897 1703948892724
1898 1703948892768
1899 1703948892807
1900 1703948892847
1901 1703948892888
1902 1703948892928
1903 1703948892968
1904 1703948893009
1905 1703948893049
1906 1703948893090
1907 1703948893129
1908 1703948893169
1909 1703948893209
1910 1703948893250
1911 1703948893293
1912 1703948893333
1913 1703948893375
1914 1703948893414
1915 1703948893452
1916 1703948893492
1917 1703948893533
1918 1703948893575
1919 1703948893615
1920 1703948893653
1921 1703948893693
1922 1703948893732
1923 1703948893773
1924 1703948893813
1925 1703948893858
1926 1703948893898
1927 1703948893938
1928 1703948893978
1929 1703948894017
1930 1703948894058
1931 1703948894098
1932 1703948894138
1933 1703948894178
1934 1703948894217
1935 1703948894258
1936 1703948894298
1937 1703948894338
1938 1703948894378
1939 1703948894422
1940 1703948894462
1941 1703948894502
1942 1703948894541
1943 1703948894581
1944 1703948894621
1945 1703948894662
1946 1703948894702
1947 1703948894741
1948 1703948894781
1949 1703948894821
1950 1703948894861
1951 1703948894901
1952 1703948894942
1953 1703948894986
1954 1703948895025
1955 1703948895065
1956 1703948895105
1957 1703948895145
1958 1703948895186
1959 1703948895225
1960 1703948895265
1961 1703948895306
1962 1703948895346
1963 1703948895385
1964 1703948895426
1965 1703948895466
1966 1703948895506
1967 1703948895549
1968 1703948895590
1969 1703948895629
1970 1703948895670
1971 1703948895710
1972 1703948895749
1973 1703948895790
1974 1703948895829
1975 1703948895869
1976 1703948895910
1977 1703948895949
1978 1703948895989
1979 1703948896029
1980 1703948896074
1981 1703948896114
1982 1703948896154
1983 1703948896195
1984 1703948896234
1985 1703948896274
1986 1703948896314
1987 1703948896354
1988 1703948896395
1989 1703948896436
1990 1703948896474
1991 1703948896514
1992 1703948896555
1993 1703948896594
1994 1703948896639
1995 1703948896678
1996 1703948896718
1997 1703948896759
1998 1703948896798
1999 1703948896838
2000 1703948896878
2001 1703948896920
2002 1703948896962
2003 1703948896996
2004 1703948897035
2005 1703948897075
2006 1703948897116
2007 1703948897157
2008 1703948897203
2009 1703948897243
2010 1703948897283
2011 1703948897322
2012 1703948897362
2013 1703948897402
2014 1703948897442
2015 1703948897482
2016 1703948897522
2017 1703948897562
2018 1703948897602
2019 1703948897642
2020 1703948897682
2021 1703948897722
2022 1703948897767
2023 1703948897807
2024 1703948897846
2025 1703948897886
2026 1703948897926
2027 1703948897966
2028 1703948898006
2029 1703948898047
2030 1703948898086
2031 1703948898126
2032 1703948898166
2033 1703948898207
2034 1703948898246
2035 1703948898286
2036 1703948898330
2037 1703948898371
2038 1703948898410
2039 1703948898450
2040 1703948898491
2041 1703948898531
2042 1703948898570
2043 1703948898612
2044 1703948898649
2045 1703948898688
2046 1703948898729
2047 1703948898770
2048 1703948898809
2049 1703948898853
2050 1703948898894
2051 1703948898935
2052 1703948898974
2053 1703948899013
2054 1703948899053
2055 1703948899095
2056 1703948899136
2057 1703948899175
2058 1703948899215
2059 1703948899255
2060 1703948899294
2061 1703948899334
2062 1703948899375
2063 1703948899418
2064 1703948899459
2065 1703948899498
2066 1703948899538
2067 1703948899579
2068 1703948899621
2069 1703948899659
2070 1703948899697
2071 1703948899737
2072 1703948899777
2073 1703948899818
2074 1703948899858
2075 1703948899898
2076 1703948899938
2077 1703948899982
2078 1703948900022
2079 1703948900062
2080 1703948900102
2081 1703948900141
2082 1703948900181
2083 1703948900221
2084 1703948900262
2085 1703948900302
2086 1703948900342
2087 1703948900381
2088 1703948900421
2089 1703948900461
2090 1703948900502
2091 1703948900546
2092 1703948900586
2093 1703948900626
2094 1703948900665
2095 1703948900706
2096 1703948900745
2097 1703948900786
2098 1703948900826
2099 1703948900865
2100 1703948900906
2101 1703948900946
2102 1703948900986
2103 1703948901026
2104 1703948901066
2105 1703948901110
2106 1703948901150
2107 1703948901189
2108 1703948901229
2109 1703948901270
2110 1703948901311
2111 1703948901351
2112 1703948901392
2113 1703948901428
2114 1703948901468
2115 1703948901508
2116 1703948901549
2117 1703948901589
2118 1703948901632
2119 1703948901672
2120 1703948901715
2121 1703948901755
2122 1703948901794
2123 1703948901834
2124 1703948901875
2125 1703948901914
2126 1703948901954
2127 1703948901994
2128 1703948902034
2129 1703948902074
2130 1703948902114
2131 1703948902154
2132 1703948902198
2133 1703948902238
2134 1703948902278
2135 1703948902319
2136 1703948902358
2137 1703948902398
2138 1703948902438
2139 1703948902478
2140 1703948902518
2141 1703948902558
2142 1703948902598
2143 1703948902638
2144 1703948902678
2145 1703948902718
2146 1703948902762
2147 1703948902802
2148 1703948902842
2149 1703948902882
2150 1703948902922
2151 1703948902962
2152 1703948903003
2153 1703948903042
2154 1703948903083
2155 1703948903122
2156 1703948903162
2157 1703948903202
2158 1703948903242
2159 1703948903282
2160 1703948903327
2161 1703948903366
2162 1703948903406
2163 1703948903446
2164 1703948903486
2165 1703948903526
2166 1703948903567
2167 1703948903607
2168 1703948903646
2169 1703948903686
2170 1703948903725
2171 1703948903765
2172 1703948903805
2173 1703948903845
2174 1703948903889
2175 1703948903930
2176 1703948903970
2177 1703948904010
2178 1703948904049
2179 1703948904090
2180 1703948904129
2181 1703948904170
2182 1703948904210
2183 1703948904249
2184 1703948904291
2185 1703948904331
2186 1703948904369
2187 1703948904415
2188 1703948904453
2189 1703948904493
2190 1703948904533
2191 1703948904573
2192 1703948904613
2193 1703948904652
2194 1703948904693
2195 1703948904735
2196 1703948904775
2197 1703948904813
2198 1703948904853
2199 1703948904893
2200 1703948904933
2201 1703948904977
2202 1703948905017
2203 1703948905057
2204 1703948905097
2205 1703948905137
2206 1703948905177
2207 1703948905218
2208 1703948905257
2209 1703948905297
2210 1703948905338
2211 1703948905377
2212 1703948905417
2213 1703948905457
2214 1703948905498
2215 1703948905542
2216 1703948905583
2217 1703948905620
2218 1703948905661
2219 1703948905703
2220 1703948905743
2221 1703948905781
2222 1703948905821
2223 1703948905861
2224 1703948905901
2225 1703948905942
2226 1703948905981
2227 1703948906022
2228 1703948906061
2229 1703948906105
2230 1703948906145
2231 1703948906187
2232 1703948906225
2233 1703948906264
2234 1703948906306
2235 1703948906346
2236 1703948906386
2237 1703948906426
2238 1703948906466
2239 1703948906507
2240 1703948906546
2241 1703948906586
2242 1703948906626
2243 1703948906670
2244 1703948906711
2245 1703948906750
2246 1703948906790
2247 1703948906830
2248 1703948906870
2249 1703948906910
2250 1703948906950
2251 1703948906991
2252 1703948907031
2253 1703948907070
2254 1703948907110
2255 1703948907150
2256 1703948907194
2257 1703948907234
2258 1703948907275
2259 1703948907314
2260 1703948907354
2261 1703948907394
2262 1703948907434
2263 1703948907474
2264 1703948907514
2265 1703948907554
2266 1703948907594
2267 1703948907634
2268 1703948907674
2269 1703948907714
2270 1703948907759
2271 1703948907799
2272 1703948907838
2273 1703948907878
2274 1703948907918
2275 1703948907959
2276 1703948907999
2277 1703948908038
2278 1703948908078
2279 1703948908118
2280 1703948908158
2281 1703948908198
2282 1703948908238
2283 1703948908280
2284 1703948908322
2285 1703948908362
2286 1703948908402
2287 1703948908442
2288 1703948908482
2289 1703948908523
2290 1703948908563
2291 1703948908603
2292 1703948908643
2293 1703948908681
2294 1703948908721
2295 1703948908761
2296 1703948908804
2297 1703948908844
2298 1703948908887
2299 1703948908927
2300 1703948908967
2301 1703948909007
2302 1703948909045
2303 1703948909085
2304 1703948909126
2305 1703948909165
2306 1703948909207
2307 1703948909246
2308 1703948909286
2309 1703948909326
2310 1703948909366
2311 1703948909406
2312 1703948909450
2313 1703948909490
2314 1703948909530
2315 1703948909570
2316 1703948909610
2317 1703948909650
2318 1703948909691
2319 1703948909730
2320 1703948909770
2321 1703948909810
2322 1703948909851
2323 1703948909889
2324 1703948909929
2325 1703948909974
2326 1703948910014
2327 1703948910054
2328 1703948910094
2329 1703948910134
2330 1703948910174
2331 1703948910214
2332 1703948910254
2333 1703948910294
2334 1703948910334
2335 1703948910374
2336 1703948910414
2337 1703948910455
2338 1703948910494
2339 1703948910538
2340 1703948910578
2341 1703948910618
2342 1703948910658
2343 1703948910698
2344 1703948910738
2345 1703948910778
2346 1703948910818
2347 1703948910858
2348 1703948910898
2349 1703948910938
2350 1703948910978
2351 1703948911018
2352 1703948911058
2353 1703948911102
2354 1703948911142
2355 1703948911182
2356 1703948911222
2357 1703948911262
2358 1703948911302
2359 1703948911342
2360 1703948911382
2361 1703948911423
2362 1703948911462
2363 1703948911502
2364 1703948911542
2365 1703948911582
2366 1703948911622
2367 1703948911666
2368 1703948911706
2369 1703948911746
2370 1703948911786
2371 1703948911826
2372 1703948911866
2373 1703948911906
2374 1703948911947
2375 1703948911986
2376 1703948912026
2377 1703948912066
2378 1703948912106
2379 1703948912146
2380 1703948912186
2381 1703948912230
2382 1703948912270
2383 1703948912310
2384 1703948912350
2385 1703948912390
2386 1703948912430
2387 1703948912471
2388 1703948912510
2389 1703948912550
2390 1703948912590
2391 1703948912630
2392 1703948912670
2393 1703948912710
2394 1703948912754
2395 1703948912794
2396 1703948912834
2397 1703948912874
2398 1703948912914
2399 1703948912954
2400 1703948912994
2401 1703948913034
2402 1703948913074
2403 1703948913114
2404 1703948913154
2405 1703948913194
2406 1703948913233
2407 1703948913273
2408 1703948913317
2409 1703948913359
2410 1703948913398
2411 1703948913438
2412 1703948913477
2413 1703948913518
2414 1703948913558
2415 1703948913597
2416 1703948913638
2417 1703948913678
2418 1703948913718
2419 1703948913757
2420 1703948913797
2421 1703948913838
2422 1703948913882
2423 1703948913922
2424 1703948913961
2425 1703948914001
2426 1703948914041
2427 1703948914081
2428 1703948914122
2429 1703948914162
2430 1703948914201
2431 1703948914241
2432 1703948914281
2433 1703948914321
2434 1703948914362
2435 1703948914401
2436 1703948914446
2437 1703948914486
2438 1703948914526
2439 1703948914566
2440 1703948914606
2441 1703948914646
2442 1703948914686
2443 1703948914726
2444 1703948914766
2445 1703948914806
2446 1703948914846
2447 1703948914887
2448 1703948914926
2449 1703948914966
2450 1703948915010
2451 1703948915050
2452 1703948915091
2453 1703948915131
2454 1703948915171
2455 1703948915210
2456 1703948915250
2457 1703948915290
2458 1703948915330
2459 1703948915370
2460 1703948915410
2461 1703948915450
2462 1703948915490
2463 1703948915535
2464 1703948915575
2465 1703948915614
2466 1703948915653
2467 1703948915693
2468 1703948915733
2469 1703948915774
2470 1703948915814
2471 1703948915854
2472 1703948915895
2473 1703948915934
2474 1703948915973
2475 1703948916014
2476 1703948916054
2477 1703948916099
2478 1703948916140
2479 1703948916179
2480 1703948916219
2481 1703948916259
2482 1703948916299
2483 1703948916339
2484 1703948916379
2485 1703948916419
2486 1703948916459
2487 1703948916499
2488 1703948916539
2489 1703948916579
2490 1703948916619
2491 1703948916663
2492 1703948916703
2493 1703948916743
