15.14398487
14.64890022
14.15416115
13.65980519
13.1658755
12.67242194
12.17950236
11.68718434
11.19554723
10.70468485
10.21470889
9.725753327
9.237980178
8.751587158
8.266817875
7.783975705
7.303442872
6.825707127
6.351399671
5.881349996
5.416666667
4.958858516
4.510019709
4.07311647
3.6524345
3.254270698
2.887953909
2.567153634
2.310904104
2.692582404
2.915475947
3.201562119
3.535533906
3.905124838
4.301162634
4.716990566
5.147815071
5.590169944
6.041522987
6.5
6.964194139
7.433034374
7.90569415
8.381527307
8.860022573
9.340770846
9.823441352
10.30776406
10.79351657
11.28051417
11.7686023
12.25765067
12.74754878
13.23820229
13.72953022
14.22146265
14.71393897
15.20690633