15.05199322
14.55377958
14.0556928
13.55774686
13.05995789
12.56234453
12.06492851
11.5677353
11.07079491
10.57414299
10.07782219
9.581883948
9.086390923
8.591420139
8.09706737
7.603453163
7.110731327
6.619101147
6.128825336
5.640257086
5.153882032
4.670385423
4.190763654
3.716517187
3.25
2.795084972
2.358495283
1.952562419
1.600781059
1.943650632
2.242270675
2.603416559
3.004626063
3.431876714
3.876567783
4.333333333
4.798726683
5.270462767
5.746979883
6.227180564
6.710274046
7.195677715
7.682953714
8.171767115
8.66185764
9.153020145
9.645090864
10.13793755
10.63145229
11.12554618
11.62014534
12.1151879
12.61062163
13.10640217
13.6024916
14.09885732
14.59547114
15.09230856