15.05199322
14.55377958
14.0556928
13.55774686
13.05995789
12.56234453
12.06492851
11.5677353
11.07079491
10.57414299
10.07782219
9.581883948
9.086390923
8.591420139
8.09706737
7.603453163
7.110731327
6.619101147
6.128825336
5.640257086
5.153882032
4.670385423
4.190763654
3.716517187
3.25
2.795084972
2.358495283
1.952562419
1.600781059
1.301708279
1.715938357
2.166666667
2.635231383
3.113590282
3.597838857
4.085883557
4.576510073
5.068968775
5.562773089
6.057593948
6.553201084
7.049428661
7.546154282
8.043285675
8.540751984
9.038497909
9.536479667
10.03466215
10.53301687
11.0315205
11.5301537
12.02890038
12.52774698
13.02668202
13.52569571
14.02477966
14.52392662
15.02313031