15.14398487
14.64890022
14.15416115
13.65980519
13.1658755
12.67242194
12.17950236
11.68718434
11.19554723
10.70468485
10.21470889
9.725753327
9.237980178
8.751587158
8.266817875
7.783975705
7.303442872
6.825707127
6.351399671
5.881349996
5.416666667
4.958858516
4.510019709
4.07311647
3.6524345
3.254270698
2.887953909
2.567153633
2.310904104
1.943650632
2.242270674
2.603416559
3.004626063
3.431876714
3.876567783
4.333333333
4.798726683
5.270462767
5.746979883
6.227180564
6.710274046
7.195677715
7.682953714
8.171767115
8.66185764
9.153020145
9.645090864
10.13793755
10.63145229
11.12554618
11.62014534
12.1151879
12.61062163
13.10640217
13.6024916
14.09885732
14.59547114
15.09230856