0.6270000004928907 3.58
0.6270000003631542 4.08
0.6270000000951232 4.58
0.6270000000729049 5.08
0.6270000008235631 5.58
0.6270000000534002 6.08
0.6270000010161791 6.58
0.6270000005601933 7.08
0.6270000004898795 7.58
0.627 8.08
0.6270000011363894 8.58
0.6270000010131146 9.08
0.6270000013311535 9.58
0.6270000004026646 10.08
0.6270000011860919 10.58
0.6270000005032887 11.08
0.6270000007632849 11.58
0.6270000166744627 12.08
0.6270000106270903 12.58
0.6270000120858431 13.08
0.6270000191130539 13.58
0.6270000104497075 14.08
0.6270000203040997 14.58
0.6270000258077477 15.08
0.6270000123786436 15.58
0.6270000189310014 16.08
0.6270000025769282 16.58
0.6270000258788191 17.08
1.0436666668162577 17.079999998854483
1.0436666637797107 16.579999995369285
1.0436666255359301 16.07999999682191
1.0436666533979708 15.579999999840256
1.0436667045338273 15.080000002365473
1.043666674638128 14.580000003233199
1.0436666878164504 14.080000001982997
1.043666646481832 13.579999997185217
1.0436666861383022 13.08000000375067
1.0436666589769648 12.579999996571491
1.0436666758479352 12.079999998396127
1.043666667542654 11.58000000018546
1.0436666681063589 11.079999999852326
1.0436666662610907 10.580000000270754
1.0436666671465917 10.080000000165088
1.0436666663652379 9.579999999799767
1.0436666658590088 9.080000000244613
1.043666665793845 8.580000000166468
1.0436666662539853 8.080000000106804
1.0436666675935644 7.5800000001394086
1.0436666649474209 7.079999999644759
1.0436666653048736 6.579999999805979
1.0436666665649934 6.0799999996708785
1.0436666659844172 5.579999999652111
1.043666666584261 5.079999999778186
1.0436666674308654 4.580000000253558
1.0436666663750604 4.080000000378895
1.043666667123222 3.579999999849879
1.043666666500969 3.0799999997079297
1.4603333328686285 3.079999999973603
1.460333333908689 3.579999999873496
1.4603333332426978 4.080000000398876
1.4603333326978423 4.57999999971256
1.4603333328138808 5.080000000097693
1.4603333329491064 5.579999999590715
1.4603333332948172 6.07999999962284
1.4603333340268558 6.580000000296684
1.4603333327183416 7.079999999850554
1.4603333328191819 7.579999999646826
1.4603333324373726 8.079999999657922
1.4603333349835128 8.58000000001108
1.4603333336761257 9.080000000108036
1.4603333352561085 9.580000000006525
1.4603333335729576 10.080000000301023
1.460333335314714 10.580000000261952
1.4603333352443135 11.080000000187109
1.4603333328576316 11.579999999760675
1.4603333393885283 12.08000000050531
1.4603333178316735 12.579999998337918
1.4603333477215261 13.080000003340704
1.4603333245799908 13.579999996337746
1.4603332999315417 14.079999998466223
1.4603332999750438 14.580000000242073
1.4603333216821133 15.080000000967905
1.4603333422883753 15.579999999264553
1.4603333563664211 16.0800000010256
1.4603333329143386 16.580000000668914
1.4603333281982902 17.079999995845156
1.877 17.079999996497534
1.877 16.58000000218017
1.877 16.08000000314185
1.877 15.579999997031106
1.877 15.080000003406663
1.877 14.580000003616838
1.877 14.07999999797545
1.877 13.579999998733308
1.877 13.079999997240087
1.877 12.579999998712674
1.877 12.08000000466282
1.877 11.579999999628424
1.877 11.080000000309822
1.877 10.580000000283222
1.877 10.079999999644919
1.877 9.58000000012898
1.877 9.080000000341371
1.877 8.579999999555133
1.877 8.079999999932959
1.877 7.57999999965211
1.877 7.079999999977245
1.877 6.579999999930099
1.877 6.080000000460929
1.877 5.580000000180913
1.877 5.08
1.877 4.580000000140048
1.877 4.079999999983313
1.877 3.580000000030377
1.877 3.0799999994265805
2.2936666671313715 3.0799999999736034
2.2936666669882193 3.580000000371779
2.2936666667573022 4.080000000398876
2.2936666673021575 4.57999999971256
2.2936666671861197 5.080000000097693
2.2936666670508936 5.579999999590715
2.2936666667051826 6.07999999962284
2.293666665973144 6.580000000296684
2.2936666672816584 7.079999999850554
2.293666667180818 7.579999999646826
2.2936666675626274 8.079999999657922
2.293666665016487 8.58000000001108
2.2936666663238743 9.080000000108036
2.293666664743892 9.580000000006525
2.2936666664270424 10.080000000301023
2.2936666646852863 10.580000000261952
2.293666664755687 11.080000000187109
2.2936666671423684 11.579999999760675
2.2936666606114717 12.08000000050531
2.2936666821683263 12.579999998337918
2.293666652278474 13.080000003340704
2.2936666754200097 13.579999996337746
2.2936667000684583 14.079999998466223
2.293666700024956 14.580000000242073
2.293666678317887 15.080000000967905
2.2936666577116247 15.579999999264553
2.293666643633579 16.0800000010256
2.2936666670856614 16.580000000668914
2.29366667180171 17.079999995845156
2.7103333331837423 17.079999998854483
2.7103333362202893 16.579999995369285
2.71033337446407 16.07999999682191
2.710333346602029 15.579999999840256
2.7103332954661727 15.080000002365473
2.710333325361872 14.580000003233199
2.7103333121835496 14.080000001982997
2.710333353518168 13.579999997185217
2.710333313861698 13.08000000375067
2.710333341023035 12.579999996571491
2.7103333241520646 12.079999998396127
2.7103333324573455 11.58000000018546
2.710333331893641 11.079999999852326
2.710333333738909 10.580000000270756
2.7103333328534083 10.080000000165088
2.710333333634762 9.579999999799767
2.7103333341409908 9.080000000244613
2.7103333342061546 8.580000000166468
2.7103333337460143 8.080000000106804
2.710333332406435 7.580000000139409
2.710333335052579 7.079999999644759
2.710333334695126 6.579999999805979
2.710333333435006 6.0799999996708785
2.7103333340155826 5.579999999652111
2.710333333415739 5.079999999778186
2.7103333325691343 4.580000000253558
2.7103333336249396 4.080000000378894
2.7103333339036393 3.5800000001351178
2.7103333334990305 3.0799999997079297
3.127000000466084 3.0800000000000005
3.1269999995071096 3.58
3.1270000003631537 4.08
3.127000000095123 4.58
3.127000000072905 5.08
3.127000000823563 5.58
3.1269999999466 6.08
3.1270000010429477 6.58
3.1270000005601934 7.08
3.127000000489879 7.58
3.127 8.08
3.1270000011363894 8.58
3.1270000010131147 9.08
3.126999998668847 9.58
3.126999999597335 10.08
3.1269999988139077 10.58
3.126999999496711 11.08
3.1269999992367152 11.58
3.126999983325537 12.08
3.1269999893729095 12.58
3.1269999879141572 13.08
3.127000019113054 13.58
3.126999989550292 14.08
3.1269999796959 14.58
3.126999974192252 15.08
3.1270000123786437 15.58
3.126999981068998 16.08
3.127000002576928 16.58
3.127000025878819 17.08