15.00578592
14.50598535
14.00619902
13.50642851
13.00667564
12.50694252
12.00723162
11.50754583
11.00788859
10.50826394
10.00867679
9.509133037
9.009639899
8.510206291
8.010843346
7.511565157
7.012389829
6.51334101
6.014450192
5.515760248
5.017331074
4.519248954
4.021642837
3.52471433
3.028796974
2.534484388
2.042941779
1.556795141
1.083333333
1.301708279
1.715938357
2.166666667
2.635231383
3.113590282
3.597838857
4.085883557
4.576510073
5.068968775
5.562773089
6.057593948
6.553201084
7.049428661
7.546154282
8.043285675
8.540751984
9.038497909
9.536479667
10.03466215
10.53301687
11.0315205
11.5301537
12.02890038
12.52774698
13.02668202
13.52569571
14.02477966
14.52392662
15.02313031