15.05199322 15.05199322
14.55377958 14.55377958
14.0556928 14.0556928
13.55774686 13.55774686
13.05995789 13.05995789
12.56234453 12.56234453
12.06492851 12.06492851
11.5677353 11.5677353
11.07079491 11.07079491
10.57414299 10.57414299
10.07782219 10.07782219
9.581883948 9.581883948
9.086390923 9.086390923
8.591420139 8.591420139
8.09706737 8.09706737
7.603453163 7.603453163
7.110731327 7.110731327
6.619101147 6.619101147
6.128825336 6.128825336
5.640257086 5.640257086
5.153882032 5.153882032
4.670385423 4.670385423
4.190763654 4.190763654
3.716517187 3.716517187
3.25 3.25
2.795084972 2.795084972
2.358495283 2.358495283
1.952562419 1.952562419
1.600781059 1.600781059