1.877 17.079999996497534
1.877 16.58000000218017
1.877 16.08000000314185
1.877 15.579999997031106
1.877 15.080000003406663
1.877 14.580000003616838
1.877 14.07999999797545
1.877 13.579999998733308
1.877 13.079999997240087
1.877 12.579999998712674
1.877 12.08000000466282
1.877 11.579999999628424
1.877 11.080000000309822
1.877 10.580000000283222
1.877 10.079999999644919
1.877 9.58000000012898
1.877 9.080000000341371
1.877 8.579999999555133
1.877 8.079999999932959
1.877 7.57999999965211
1.877 7.079999999977245
1.877 6.579999999930099
1.877 6.080000000460929
1.877 5.580000000180913
1.877 5.08
1.877 4.580000000140048
1.877 4.079999999983313
1.877 3.580000000030377
1.877 3.0799999994265805
