0.6270000258788191 17.08
0.6270000025769282 16.58
0.6270000189310014 16.08
0.6270000123786436 15.58
0.6270000258077477 15.08
0.6270000203040997 14.58
0.6270000104497075 14.08
0.6270000191130539 13.58
0.6270000120858431 13.08
0.6270000106270903 12.58
0.6270000166744627 12.08
0.6270000007632849 11.58
0.6270000005032887 11.08
0.6270000011860919 10.58
0.6270000004026646 10.08
0.6270000013311535 9.58
0.6270000010131146 9.08
0.6270000011363894 8.58
0.627 8.08
0.6270000004898795 7.58
0.6270000005601933 7.08
0.6270000010429474 6.58
0.6270000000534002 6.08
0.6270000008235631 5.58
0.6270000000729049 5.08
0.6270000000951232 4.58
0.6270000003631542 4.08
0.6270000004928907 3.58
0.6270000004660837 3.08
