1 1698495525498
2 1698495525586
3 1698495525602
4 1698495525639
5 1698495525670
6 1698495525707
7 1698495525738
8 1698495525771
9 1698495525806
10 1698495525839
11 1698495525883
12 1698495525934
13 1698495526005
14 1698495526056
15 1698495526104
16 1698495526156
17 1698495526197
18 1698495526237
19 1698495526296
20 1698495526357
21 1698495526407
22 1698495526478
23 1698495526526
24 1698495526572
25 1698495526621
26 1698495526678
27 1698495526730
28 1698495526774
29 1698495526828
30 1698495526874
31 1698495526924
32 1698495526984
33 1698495527027
34 1698495527079
35 1698495527127
36 1698495527179
37 1698495527235
38 1698495527277
39 1698495527332
40 1698495527378
41 1698495527433
42 1698495527482
43 1698495527527
44 1698495527579
45 1698495527627
46 1698495527684
47 1698495527732
48 1698495527781
49 1698495527832
50 1698495527881
51 1698495527939
52 1698495527983
53 1698495528038
54 1698495528083
55 1698495528130
56 1698495528183
57 1698495528231
58 1698495528283
59 1698495528335
60 1698495528383
61 1698495528434
62 1698495528482
63 1698495528534
64 1698495528586
65 1698495528635
66 1698495528688
67 1698495528736
68 1698495528788
69 1698495528840
70 1698495528887
71 1698495528939
72 1698495528988
73 1698495529041
74 1698495529093
75 1698495529142
76 1698495529193
77 1698495529241
78 1698495529291
79 1698495529343
80 1698495529392
81 1698495529445
82 1698495529493
83 1698495529544
84 1698495529596
85 1698495529644
86 1698495529696
87 1698495529744
88 1698495529797
89 1698495529849
90 1698495529896
91 1698495529947
92 1698495529996
93 1698495530048
94 1698495530101
95 1698495530148
96 1698495530201
97 1698495530249
98 1698495530300
99 1698495530349
100 1698495530401
101 1698495530453
102 1698495530500
103 1698495530552
104 1698495530601
105 1698495530652
106 1698495530705
107 1698495530756
108 1698495530808
109 1698495530852
110 1698495530903
111 1698495530955
112 1698495531007
113 1698495531061
114 1698495531107
115 1698495531155
116 1698495531208
117 1698495531256
118 1698495531309
119 1698495531357
120 1698495531409
121 1698495531460
122 1698495531507
123 1698495531561
124 1698495531609
125 1698495531661
126 1698495531714
127 1698495531761
128 1698495531813
129 1698495531862
130 1698495531914
131 1698495531965
132 1698495532014
133 1698495532065
134 1698495532113
135 1698495532166
136 1698495532218
137 1698495532266
138 1698495532318
139 1698495532366
140 1698495532418
141 1698495532469
142 1698495532517
143 1698495532570
144 1698495532618
145 1698495532670
146 1698495532721
147 1698495532770
148 1698495532821
149 1698495532869
150 1698495532921
151 1698495532969
152 1698495533021
153 1698495533074
154 1698495533123
155 1698495533173
156 1698495533222
157 1698495533273
158 1698495533326
159 1698495533373
160 1698495533426
161 1698495533474
162 1698495533526
163 1698495533579
164 1698495533626
165 1698495533677
166 1698495533726
167 1698495533777
168 1698495533833
169 1698495533880
170 1698495533928
171 1698495533974
172 1698495534027
173 1698495534085
174 1698495534132
175 1698495534185
176 1698495534227
177 1698495534285
178 1698495534337
179 1698495534384
180 1698495534431
181 1698495534480
182 1698495534536
183 1698495534590
184 1698495534636
185 1698495534683
186 1698495534732
187 1698495534789
188 1698495534840
189 1698495534888
190 1698495534936
191 1698495534983
192 1698495535040
193 1698495535094
194 1698495535138
195 1698495535187
196 1698495535236
197 1698495535292
198 1698495535344
199 1698495535395
200 1698495535438
201 1698495535487
202 1698495535545
203 1698495535593
204 1698495535641
205 1698495535691
206 1698495535740
207 1698495535795
208 1698495535845
209 1698495535894
210 1698495535942
211 1698495535991
212 1698495536045
213 1698495536098
214 1698495536152
215 1698495536195
216 1698495536243
217 1698495536302
218 1698495536349
219 1698495536398
220 1698495536448
221 1698495536496
222 1698495536549
223 1698495536596
224 1698495536649
225 1698495536702
226 1698495536751
227 1698495536803
228 1698495536851
229 1698495536902
230 1698495536952
231 1698495536999
232 1698495537052
233 1698495537102
234 1698495537155
235 1698495537208
236 1698495537256
237 1698495537305
238 1698495537352
239 1698495537404
240 1698495537459
241 1698495537510
242 1698495537560
243 1698495537604
244 1698495537655
245 1698495537708
246 1698495537759
247 1698495537812
248 1698495537856
249 1698495537907
250 1698495537960
251 1698495538009
252 1698495538061
253 1698495538109
254 1698495538162
255 1698495538209
256 1698495538261
257 1698495538314
258 1698495538362
259 1698495538414
260 1698495538462
261 1698495538514
262 1698495538566
263 1698495538614
264 1698495538666
265 1698495538713
266 1698495538766
267 1698495538818
268 1698495538865
269 1698495538918
270 1698495538965
271 1698495539018
272 1698495539070
273 1698495539118
274 1698495539169
275 1698495539218
276 1698495539270
277 1698495539323
278 1698495539370
279 1698495539422
280 1698495539470
281 1698495539521
282 1698495539574
283 1698495539621
284 1698495539674
285 1698495539722
286 1698495539774
287 1698495539826
288 1698495539873
289 1698495539925
290 1698495539974
291 1698495540026
292 1698495540079
293 1698495540126
294 1698495540175
295 1698495540222
296 1698495540276
297 1698495540332
298 1698495540379
299 1698495540427
300 1698495540477
301 1698495540534
302 1698495540592
303 1698495540629
304 1698495540679
305 1698495540730
306 1698495540785
307 1698495540832
308 1698495540880
309 1698495540932
310 1698495540980
311 1698495541032
312 1698495541086
313 1698495541136
314 1698495541189
315 1698495541232
316 1698495541284
317 1698495541334
318 1698495541386
319 1698495541438
320 1698495541486
321 1698495541539
322 1698495541583
323 1698495541636
324 1698495541691
325 1698495541740
326 1698495541793
327 1698495541835
328 1698495541887
329 1698495541945
330 1698495541997
331 1698495542042
332 1698495542087
333 1698495542140
334 1698495542194
335 1698495542244
336 1698495542296
337 1698495542344
338 1698495542391
339 1698495542443
340 1698495542496
341 1698495542548
342 1698495542604
343 1698495542643
344 1698495542695
345 1698495542748
346 1698495542802
347 1698495542848
348 1698495542896
349 1698495542948
350 1698495542996
351 1698495543049
352 1698495543099
353 1698495543151
354 1698495543202
355 1698495543247
356 1698495543300
357 1698495543350
358 1698495543402
359 1698495543450
360 1698495543503
361 1698495543556
362 1698495543604
363 1698495543651
364 1698495543699
365 1698495543753
366 1698495543806
367 1698495543854
368 1698495543906
369 1698495543955
370 1698495544006
371 1698495544055
372 1698495544103
373 1698495544159
374 1698495544210
375 1698495544257
376 1698495544308
377 1698495544357
378 1698495544409
379 1698495544457
380 1698495544511
381 1698495544562
382 1698495544611
383 1698495544662
384 1698495544709
385 1698495544763
386 1698495544814
387 1698495544862
388 1698495544914
389 1698495544963
390 1698495545014
391 1698495545067
392 1698495545117
393 1698495545170
394 1698495545214
395 1698495545267
396 1698495545321
397 1698495545369
398 1698495545416
399 1698495545463
400 1698495545515
401 1698495545572
402 1698495545624
403 1698495545669
404 1698495545715
405 1698495545769
406 1698495545825
407 1698495545870
408 1698495545919
409 1698495545968
410 1698495546022
411 1698495546069
412 1698495546122
413 1698495546174
414 1698495546221
415 1698495546274
416 1698495546322
417 1698495546374
418 1698495546426
419 1698495546474
420 1698495546526
421 1698495546574
422 1698495546623
423 1698495546674
424 1698495546724
425 1698495546780
426 1698495546833
427 1698495546878
428 1698495546927
429 1698495546977
430 1698495547031
431 1698495547079
432 1698495547128
433 1698495547179
434 1698495547228
435 1698495547284
436 1698495547333
437 1698495547385
438 1698495547433
439 1698495547479
440 1698495547533
441 1698495547585
442 1698495547638
443 1698495547683
444 1698495547731
445 1698495547787
446 1698495547841
447 1698495547889
448 1698495547935
449 1698495547984
450 1698495548035
451 1698495548084
452 1698495548138
453 1698495548190
454 1698495548240
455 1698495548288
456 1698495548337
457 1698495548389
458 1698495548441
459 1698495548489
460 1698495548543
461 1698495548593
462 1698495548648
463 1698495548692
464 1698495548740
465 1698495548796
466 1698495548846
467 1698495548895
468 1698495548939
469 1698495548992
470 1698495549047
471 1698495549097
472 1698495549145
473 1698495549190
474 1698495549244
475 1698495549301
476 1698495549350
477 1698495549400
478 1698495549448
479 1698495549495
480 1698495549550
481 1698495549601
482 1698495549654
483 1698495549696
484 1698495549748
485 1698495549804
486 1698495549859
487 1698495549903
488 1698495549947
489 1698495550002
490 1698495550057
491 1698495550105
492 1698495550152
493 1698495550200
494 1698495550252
495 1698495550304
496 1698495550355
497 1698495550408
498 1698495550457
499 1698495550504
500 1698495550557
501 1698495550608
502 1698495550662
503 1698495550704
504 1698495550755
505 1698495550809
506 1698495550861
507 1698495550911
508 1698495550959
509 1698495551012
510 1698495551063
511 1698495551109
512 1698495551160
513 1698495551209
514 1698495551263
515 1698495551316
516 1698495551360
517 1698495551412
518 1698495551460
519 1698495551514
520 1698495551564
521 1698495551618
522 1698495551667
523 1698495551711
524 1698495551763
525 1698495551817
526 1698495551871
527 1698495551919
528 1698495551963
529 1698495552016
530 1698495552065
531 1698495552117
532 1698495552170
533 1698495552219
534 1698495552273
535 1698495552316
536 1698495552368
537 1698495552423
538 1698495552474
539 1698495552521
540 1698495552569
541 1698495552621
542 1698495552674
543 1698495552722
544 1698495552771
545 1698495552819
546 1698495552876
547 1698495552941
548 1698495552983
549 1698495553030
550 1698495553078
551 1698495553130
552 1698495553181
553 1698495553229
554 1698495553288
555 1698495578362
556 1698495578421
557 1698495578484
558 1698495578548
559 1698495578600
560 1698495578659
561 1698495578723
562 1698495578785
563 1698495578846
564 1698495578900
565 1698495578963
566 1698495579026
567 1698495579089
568 1698495579149
569 1698495579204
570 1698495579265
571 1698495579329
572 1698495579388
573 1698495579448
574 1698495579511
575 1698495579598
576 1698495579628
577 1698495579687
578 1698495579754
579 1698495579814
580 1698495579876
581 1698495579928
582 1698495579994
583 1698495580056
584 1698495580120
585 1698495580172
586 1698495580237
587 1698495580304
588 1698495580357
589 1698495580414
590 1698495580474
591 1698495580544
592 1698495580610
593 1698495580655
594 1698495580716
595 1698495580781
596 1698495580845
597 1698495580897
598 1698495580957
599 1698495581026
600 1698495581092
601 1698495581140
602 1698495581199
603 1698495581259
604 1698495581326
605 1698495581385
606 1698495581441
607 1698495581502
608 1698495581567
609 1698495581627
610 1698495581684
611 1698495581755
612 1698495581809
613 1698495581865
614 1698495581924
615 1698495581985
616 1698495582050
617 1698495582109
618 1698495582172
619 1698495582233
620 1698495582290
621 1698495582347
622 1698495582409
623 1698495582475
624 1698495582534
625 1698495582592
626 1698495582654
627 1698495582723
628 1698495582782
629 1698495582831
630 1698495582893
631 1698495582958
632 1698495583018
633 1698495583072
634 1698495583137
635 1698495583207
636 1698495583273
637 1698495583316
638 1698495583375
639 1698495583453
640 1698495583502
641 1698495583557
642 1698495583624
643 1698495583687
644 1698495583746
645 1698495583799
646 1698495583862
647 1698495583932
648 1698495583986
649 1698495584040
650 1698495584100
651 1698495584170
652 1698495584230
653 1698495584284
654 1698495584346
655 1698495584411
656 1698495584469
657 1698495584524
658 1698495584587
659 1698495584655
660 1698495584714
661 1698495584767
662 1698495584832
663 1698495584900
664 1698495584975
665 1698495585007
666 1698495585067
667 1698495585134
668 1698495585196
669 1698495585258
670 1698495585312
671 1698495585374
672 1698495585437
673 1698495585493
674 1698495585553
675 1698495585616
676 1698495585678
677 1698495585736
678 1698495585797
679 1698495585861
680 1698495585921
681 1698495585976
682 1698495586038
683 1698495586101
684 1698495586160
685 1698495586220
686 1698495586284
687 1698495586353
688 1698495586406
689 1698495586460
690 1698495586522
691 1698495586585
692 1698495586646
693 1698495586700
694 1698495586764
695 1698495586838
696 1698495586888
697 1698495586946
698 1698495587006
699 1698495587064
700 1698495587126
701 1698495587186
702 1698495587247
703 1698495587312
704 1698495587371
705 1698495587431
706 1698495587491
707 1698495587551
708 1698495587611
709 1698495587671
710 1698495587731
711 1698495587797
712 1698495587858
713 1698495587914
714 1698495587975
715 1698495588035
716 1698495588096
717 1698495588152
718 1698495588215
719 1698495588275
720 1698495588341
721 1698495588396
722 1698495588461
723 1698495588520
724 1698495588587
725 1698495588636
726 1698495588698
727 1698495588762
728 1698495588825
729 1698495588880
730 1698495588943
731 1698495589005
732 1698495589064
733 1698495589120
734 1698495589182
735 1698495589256
736 1698495589305
737 1698495589363
738 1698495589426
739 1698495589488
740 1698495589550
741 1698495589604
742 1698495589668
743 1698495589729
744 1698495589790
745 1698495589844
746 1698495589911
747 1698495589973
748 1698495590033
749 1698495590088
750 1698495590150
751 1698495590213
752 1698495590273
753 1698495590328
754 1698495590391
755 1698495590469
756 1698495590518
757 1698495590573
758 1698495590633
759 1698495590698
760 1698495590758
761 1698495590814
762 1698495590873
763 1698495590939
764 1698495591001
765 1698495591056
766 1698495591117
767 1698495591182
768 1698495591241
769 1698495591296
770 1698495591358
771 1698495591428
772 1698495591490
773 1698495591540
774 1698495591601
775 1698495591665
776 1698495591726
777 1698495591780
778 1698495591839
779 1698495591902
780 1698495591968
781 1698495592029
782 1698495592083
783 1698495592144
784 1698495592208
785 1698495592269
786 1698495592331
787 1698495592389
788 1698495592444
789 1698495592510
790 1698495592575
791 1698495592633
792 1698495592692
793 1698495592748
794 1698495592807
795 1698495592868
796 1698495592935
797 1698495593013
798 1698495593053
799 1698495593111
800 1698495593176
801 1698495593237
802 1698495593298
803 1698495593352
804 1698495593415
805 1698495593479
806 1698495593541
807 1698495593596
808 1698495593657
809 1698495593719
810 1698495593779
811 1698495593840
812 1698495593899
813 1698495593968
814 1698495594026
815 1698495594080
816 1698495594143
817 1698495594212
818 1698495594265
819 1698495594321
820 1698495594384
821 1698495594445
822 1698495594504
823 1698495594564
824 1698495594626
825 1698495594689
826 1698495594749
827 1698495594804
828 1698495594865
829 1698495594937
830 1698495594992
831 1698495595045
832 1698495595112
833 1698495595175
834 1698495595234
835 1698495595288
836 1698495595349
837 1698495595425
838 1698495595471
839 1698495595528
840 1698495595593
841 1698495595657
842 1698495595717
843 1698495595776
844 1698495595837
845 1698495595893
846 1698495595953
847 1698495596015
848 1698495596076
849 1698495596142
850 1698495596200
851 1698495596260
852 1698495596319
853 1698495596379
854 1698495596439
855 1698495596499
856 1698495596559
857 1698495596624
858 1698495596684
859 1698495596744
860 1698495596804
861 1698495596871
862 1698495596924
863 1698495596984
864 1698495597043
865 1698495597104
866 1698495597163
867 1698495597228
868 1698495597288
869 1698495597350
870 1698495597404
871 1698495597465
872 1698495597530
873 1698495597589
874 1698495597649
875 1698495597709
876 1698495597772
877 1698495597863
878 1698495597894
879 1698495597947
880 1698495598008
881 1698495598075
882 1698495598133
883 1698495598193
884 1698495598257
885 1698495598316
886 1698495598375
887 1698495598436
888 1698495598495
889 1698495598556
890 1698495598615
891 1698495598676
892 1698495598738
893 1698495598800
894 1698495598860
895 1698495598916
896 1698495598975
897 1698495599042
898 1698495599107
899 1698495599156
900 1698495599219
901 1698495599286
902 1698495599347
903 1698495599401
904 1698495599460
905 1698495599524
906 1698495599585
907 1698495599645
908 1698495599705
909 1698495599769
910 1698495599829
911 1698495599884
912 1698495599949
913 1698495600010
914 1698495600069
915 1698495600124
916 1698495600184
917 1698495600249
918 1698495600313
919 1698495600370
920 1698495600429
921 1698495600492
922 1698495600553
923 1698495600608
924 1698495600670
925 1698495600732
926 1698495600797
927 1698495600854
928 1698495600914
929 1698495600977
930 1698495601037
931 1698495601093
932 1698495601152
933 1698495601217
934 1698495601277
935 1698495601338
936 1698495601398
937 1698495601460
938 1698495601522
939 1698495601578
940 1698495601638
941 1698495601702
942 1698495601771
943 1698495601820
944 1698495601879
945 1698495601939
946 1698495601999
947 1698495602065
948 1698495602124
949 1698495602195
950 1698495602239
951 1698495602305
952 1698495602371
953 1698495602437
954 1698495602484
955 1698495602543
956 1698495602610
957 1698495602675
958 1698495602729
959 1698495602786
960 1698495602848
961 1698495602920
962 1698495602972
963 1698495603028
964 1698495603089
965 1698495603160
966 1698495603215
967 1698495603267
968 1698495603329
969 1698495603399
970 1698495603458
971 1698495603513
972 1698495603572
973 1698495603642
974 1698495603697
975 1698495603758
976 1698495603814
977 1698495603874
978 1698495603937
979 1698495603998
980 1698495604059
981 1698495604120
982 1698495604180
983 1698495604236
984 1698495604297
985 1698495604360
986 1698495604425
987 1698495604480
988 1698495604541
989 1698495604603
990 1698495604663
991 1698495604723
992 1698495604783
993 1698495604851
994 1698495604903
995 1698495604967
996 1698495605028
997 1698495605085
998 1698495605146
999 1698495605209
1000 1698495605269
1001 1698495627385
1002 1698495627423
1003 1698495627484
1004 1698495627549
1005 1698495627609
1006 1698495627669
1007 1698495627723
1008 1698495627788
1009 1698495627852
1010 1698495627912
1011 1698495627968
1012 1698495628033
1013 1698495628093
1014 1698495628152
1015 1698495628209
1016 1698495628269
1017 1698495628333
1018 1698495628393
1019 1698495628455
1020 1698495628515
1021 1698495628576
1022 1698495628637
1023 1698495628697
1024 1698495628757
1025 1698495628816
1026 1698495628881
1027 1698495628935
1028 1698495628997
1029 1698495629061
1030 1698495629119
1031 1698495629177
1032 1698495629237
1033 1698495629302
1034 1698495629362
1035 1698495629419
1036 1698495629485
1037 1698495629544
1038 1698495629610
1039 1698495629660
1040 1698495629722
1041 1698495629784
1042 1698495629844
1043 1698495629905
1044 1698495629962
1045 1698495630023
1046 1698495630088
1047 1698495630149
1048 1698495630204
1049 1698495630262
1050 1698495630325
1051 1698495630388
1052 1698495630451
1053 1698495630507
1054 1698495630569
1055 1698495630632
1056 1698495630698
1057 1698495630746
1058 1698495630807
1059 1698495630873
1060 1698495630936
1061 1698495630993
1062 1698495631053
1063 1698495631117
1064 1698495631178
1065 1698495631237
1066 1698495631293
1067 1698495631353
1068 1698495631413
1069 1698495631481
1070 1698495631539
1071 1698495631599
1072 1698495631656
1073 1698495631715
1074 1698495631781
1075 1698495631842
1076 1698495631901
1077 1698495631955
1078 1698495632020
1079 1698495632097
1080 1698495632144
1081 1698495632201
1082 1698495632264
1083 1698495632323
1084 1698495632383
1085 1698495632443
1086 1698495632508
1087 1698495632564
1088 1698495632623
1089 1698495632685
1090 1698495632748
1091 1698495632809
1092 1698495632867
1093 1698495632923
1094 1698495632988
1095 1698495633053
1096 1698495633113
1097 1698495633167
1098 1698495633229
1099 1698495633294
1100 1698495633354
1101 1698495633406
1102 1698495633467
1103 1698495633537
1104 1698495633602
1105 1698495633653
1106 1698495633711
1107 1698495633777
1108 1698495633836
1109 1698495633893
1110 1698495633955
1111 1698495634014
1112 1698495634079
1113 1698495634139
1114 1698495634199
1115 1698495634260
1116 1698495634319
1117 1698495634376
1118 1698495634437
1119 1698495634497
1120 1698495634556
1121 1698495634623
1122 1698495634682
1123 1698495634742
1124 1698495634802
1125 1698495634862
1126 1698495634922
1127 1698495634982
1128 1698495635042
1129 1698495635106
1130 1698495635166
1131 1698495635226
1132 1698495635286
1133 1698495635346
1134 1698495635410
1135 1698495635485
1136 1698495635523
1137 1698495635583
1138 1698495635653
1139 1698495635725
1140 1698495635773
1141 1698495635829
1142 1698495635889
1143 1698495635950
1144 1698495636011
1145 1698495636071
1146 1698495636135
1147 1698495636195
1148 1698495636254
1149 1698495636312
1150 1698495636374
1151 1698495636434
1152 1698495636494
1153 1698495636554
1154 1698495636613
1155 1698495636678
1156 1698495636740
1157 1698495636800
1158 1698495636857
1159 1698495636917
1160 1698495636976
1161 1698495637037
1162 1698495637102
1163 1698495637161
1164 1698495637223
1165 1698495637284
1166 1698495637344
1167 1698495637404
1168 1698495637463
1169 1698495637519
1170 1698495637580
1171 1698495637645
1172 1698495637708
1173 1698495637764
1174 1698495637828
1175 1698495637887
1176 1698495637947
1177 1698495638003
1178 1698495638070
1179 1698495638127
1180 1698495638188
1181 1698495638252
1182 1698495638309
1183 1698495638369
1184 1698495638429
1185 1698495638491
1186 1698495638551
1187 1698495638613
1188 1698495638668
1189 1698495638728
1190 1698495638799
1191 1698495638856
1192 1698495638915
1193 1698495638971
1194 1698495639036
1195 1698495639096
1196 1698495639155
1197 1698495639211
1198 1698495639278
1199 1698495639341
1200 1698495639400
1201 1698495639456
1202 1698495639520
1203 1698495639596
1204 1698495639636
1205 1698495639695
1206 1698495639761
1207 1698495639824
1208 1698495639885
1209 1698495639939
1210 1698495640004
1211 1698495640065
1212 1698495640126
1213 1698495640180
1214 1698495640243
1215 1698495640313
1216 1698495640370
1217 1698495640423
1218 1698495640488
1219 1698495640548
1220 1698495640608
1221 1698495640662
1222 1698495640725
1223 1698495640790
1224 1698495640853
1225 1698495640908
1226 1698495640969
1227 1698495641030
1228 1698495641090
1229 1698495641150
1230 1698495641210
1231 1698495641272
1232 1698495641333
1233 1698495641392
1234 1698495641454
1235 1698495641516
1236 1698495641577
1237 1698495641634
1238 1698495641690
1239 1698495641757
1240 1698495641816
1241 1698495641876
1242 1698495641941
1243 1698495642001
1244 1698495642060
1245 1698495642117
1246 1698495642178
1247 1698495642238
1248 1698495642299
1249 1698495642359
1250 1698495642423
1251 1698495642483
1252 1698495642542
1253 1698495642601
1254 1698495642665
1255 1698495642724
1256 1698495642784
1257 1698495642842
1258 1698495642904
1259 1698495642980
1260 1698495643030
1261 1698495643083
1262 1698495643142
1263 1698495643202
1264 1698495643262
1265 1698495643323
1266 1698495643382
1267 1698495643446
1268 1698495643508
1269 1698495643569
1270 1698495643631
1271 1698495643689
1272 1698495643749
1273 1698495643808
1274 1698495643869
1275 1698495643931
1276 1698495643995
1277 1698495644055
1278 1698495644115
1279 1698495644175
1280 1698495644235
1281 1698495644297
1282 1698495644355
1283 1698495644415
1284 1698495644479
1285 1698495644539
1286 1698495644600
1287 1698495644658
1288 1698495644719
1289 1698495644780
1290 1698495644836
1291 1698495644895
1292 1698495644958
1293 1698495645026
1294 1698495645079
1295 1698495645139
1296 1698495645206
1297 1698495645266
1298 1698495645321
1299 1698495645383
1300 1698495645445
1301 1698495645508
1302 1698495645568
1303 1698495645623
1304 1698495645686
1305 1698495645749
1306 1698495645809
1307 1698495645869
1308 1698495645929
1309 1698495645989
1310 1698495646049
1311 1698495646108
1312 1698495646172
1313 1698495646233
1314 1698495646292
1315 1698495646350
1316 1698495646408
1317 1698495646470
1318 1698495646535
1319 1698495646590
1320 1698495646656
1321 1698495646717
1322 1698495646772
1323 1698495646831
1324 1698495646895
1325 1698495646955
1326 1698495647016
1327 1698495647076
1328 1698495647138
1329 1698495647216
1330 1698495647261
1331 1698495647316
1332 1698495647378
1333 1698495647441
1334 1698495647528
1335 1698495647555
1336 1698495647619
1337 1698495647682
1338 1698495647744
1339 1698495647799
1340 1698495647859
1341 1698495647925
1342 1698495647984
1343 1698495648044
1344 1698495648109
1345 1698495648169
1346 1698495648224
1347 1698495648288
1348 1698495648348
1349 1698495648408
1350 1698495648465
1351 1698495648525
1352 1698495648586
1353 1698495648649
1354 1698495648711
1355 1698495648771
1356 1698495648832
1357 1698495648893
1358 1698495648953
1359 1698495649009
1360 1698495649071
1361 1698495649130
1362 1698495649194
1363 1698495649255
1364 1698495649315
1365 1698495649375
1366 1698495649435
1367 1698495649495
1368 1698495649555
1369 1698495649615
1370 1698495649678
1371 1698495649739
1372 1698495649800
1373 1698495649860
1374 1698495649919
1375 1698495649977
1376 1698495650039
1377 1698495650101
1378 1698495650160
1379 1698495650219
1380 1698495650284
1381 1698495650345
1382 1698495650403
1383 1698495650461
1384 1698495650524
1385 1698495650597
1386 1698495650647
1387 1698495650704
1388 1698495650769
1389 1698495650829
1390 1698495650887
1391 1698495650945
1392 1698495651007
1393 1698495651070
1394 1698495651127
1395 1698495651187
1396 1698495651250
1397 1698495651312
1398 1698495651371
1399 1698495651431
1400 1698495651491
1401 1698495651551
1402 1698495651611
1403 1698495651669
1404 1698495651731
1405 1698495651803
1406 1698495651859
1407 1698495651917
1408 1698495651972
1409 1698495652035
1410 1698495652097
1411 1698495652156
1412 1698495652217
1413 1698495652289
1414 1698495652340
1415 1698495652396
1416 1698495652458
1417 1698495652521
1418 1698495652580
1419 1698495652637
1420 1698495652696
1421 1698495652756
1422 1698495652826
1423 1698495652885
1424 1698495652941
1425 1698495653001
1426 1698495653061
1427 1698495653122
1428 1698495653184
1429 1698495653243
1430 1698495653308
1431 1698495653365
1432 1698495653425
1433 1698495653488
1434 1698495653547
1435 1698495653604
1436 1698495653666
1437 1698495653729
1438 1698495653787
1439 1698495653849
1440 1698495653910
1441 1698495653969
1442 1698495654029
1443 1698495654090
1444 1698495654152
1445 1698495654212
1446 1698495654275
1447 1698495654327
1448 1698495654394
1449 1698495654456
1450 1698495654517
1451 1698495654573
1452 1698495654633
1453 1698495654694
1454 1698495654756
1455 1698495654817
1456 1698495654880
1457 1698495654942
1458 1698495655001
1459 1698495655055
1460 1698495655117
1461 1698495655181
1462 1698495655241
1463 1698495655296
1464 1698495655357
1465 1698495655428
1466 1698495655484
1467 1698495655541
1468 1698495655601
1469 1698495655663
1470 1698495655723
1471 1698495655783
1472 1698495655843
1473 1698495655907
1474 1698495655967
1475 1698495656025
1476 1698495656087
1477 1698495656148
1478 1698495656208
1479 1698495656264
1480 1698495656328
1481 1698495656387
1482 1698495656452
1483 1698495656509
1484 1698495656569
1485 1698495656631
1486 1698495656691
1487 1698495656750
1488 1698495656811
1489 1698495656872
1490 1698495656930
1491 1698495656993
1492 1698495657055
1493 1698495657117
1494 1698495657177
1495 1698495657231
1496 1698495657292
1497 1698495657358
1498 1698495657418
1499 1698495657477
1500 1698495657539
1501 1698495657601
1502 1698495657661
1503 1698495657716
1504 1698495657775
1505 1698495657842
1506 1698495657901
1507 1698495657956
1508 1698495658019
1509 1698495658087
1510 1698495658146
1511 1698495658199
1512 1698495658261
1513 1698495658325
1514 1698495658383
1515 1698495658441
1516 1698495658508
1517 1698495658569
1518 1698495658639
1519 1698495658683
1520 1698495658744
1521 1698495658810
1522 1698495658871
1523 1698495658925
1524 1698495684213
1525 1698495684271
1526 1698495684327
1527 1698495684379
1528 1698495684439
1529 1698495684505
1530 1698495684568
1531 1698495684625
1532 1698495684688
1533 1698495684749
1534 1698495684810
1535 1698495684864
1536 1698495684926
1537 1698495684990
1538 1698495685054
1539 1698495685107
1540 1698495685167
1541 1698495685233
1542 1698495685295
1543 1698495685350
1544 1698495685406
1545 1698495685472
1546 1698495685532
1547 1698495685598
1548 1698495685652
1549 1698495685713
1550 1698495685778
1551 1698495685839
1552 1698495685899
1553 1698495685952
1554 1698495686014
1555 1698495686076
1556 1698495686140
1557 1698495686197
1558 1698495686259
1559 1698495686320
1560 1698495686381
1561 1698495686437
1562 1698495686497
1563 1698495686563
1564 1698495686625
1565 1698495686685
1566 1698495686741
1567 1698495686802
1568 1698495686873
1569 1698495686919
1570 1698495686980
1571 1698495687050
1572 1698495687109
1573 1698495687164
1574 1698495687223
1575 1698495687288
1576 1698495687350
1577 1698495687404
1578 1698495687465
1579 1698495687527
1580 1698495687590
1581 1698495687648
1582 1698495687710
1583 1698495687772
1584 1698495687834
1585 1698495687887
1586 1698495687948
1587 1698495688010
1588 1698495688070
1589 1698495688130
1590 1698495688206
1591 1698495688257
1592 1698495688318
1593 1698495688371
1594 1698495688432
1595 1698495688498
1596 1698495688556
1597 1698495688613
1598 1698495688676
1599 1698495688740
1600 1698495688800
1601 1698495688857
1602 1698495688918
1603 1698495688984
1604 1698495689042
1605 1698495689096
1606 1698495689157
1607 1698495689230
1608 1698495689286
1609 1698495689340
1610 1698495689399
1611 1698495689461
1612 1698495689525
1613 1698495689581
1614 1698495689640
1615 1698495689705
1616 1698495689769
1617 1698495689826
1618 1698495689887
1619 1698495689948
1620 1698495690009
1621 1698495690064
1622 1698495690124
1623 1698495690190
1624 1698495690252
1625 1698495690309
1626 1698495690373
1627 1698495690434
1628 1698495690487
1629 1698495690548
1630 1698495690613
1631 1698495690673
1632 1698495690734
1633 1698495690794
1634 1698495690853
1635 1698495690916
1636 1698495690976
1637 1698495691036
1638 1698495691096
1639 1698495691164
1640 1698495691212
1641 1698495691275
1642 1698495691342
1643 1698495691402
1644 1698495691459
1645 1698495691516
1646 1698495691581
1647 1698495691641
1648 1698495691700
1649 1698495691756
1650 1698495691824
1651 1698495691893
1652 1698495691946
1653 1698495692000
1654 1698495692063
1655 1698495692125
1656 1698495692185
1657 1698495692242
1658 1698495692304
1659 1698495692368
1660 1698495692427
1661 1698495692485
1662 1698495692547
1663 1698495692609
1664 1698495692669
1665 1698495692724
1666 1698495692786
1667 1698495692864
1668 1698495692917
1669 1698495692968
1670 1698495693030
1671 1698495693089
1672 1698495693149
1673 1698495693209
1674 1698495693274
1675 1698495693332
1676 1698495693396
1677 1698495693452
1678 1698495693517
1679 1698495693577
1680 1698495693637
1681 1698495693694
1682 1698495693754
1683 1698495693817
1684 1698495693878
1685 1698495693935
1686 1698495694000
1687 1698495694061
1688 1698495694122
1689 1698495694176
1690 1698495694237
1691 1698495694296
1692 1698495694355
1693 1698495694425
1694 1698495694484
1695 1698495694545
1696 1698495694604
1697 1698495694660
1698 1698495694722
1699 1698495694784
1700 1698495694847
1701 1698495694900
1702 1698495694967
1703 1698495695034
1704 1698495695090
1705 1698495695144
1706 1698495695209
1707 1698495695269
1708 1698495695330
1709 1698495695383
1710 1698495695449
1711 1698495695512
1712 1698495695575
1713 1698495695628
1714 1698495695689
1715 1698495695752
1716 1698495695813
1717 1698495695868
1718 1698495695929
1719 1698495695998
1720 1698495696058
1721 1698495696112
1722 1698495696171
1723 1698495696239
1724 1698495696298
1725 1698495696352
1726 1698495696417
1727 1698495696479
1728 1698495696542
1729 1698495696595
1730 1698495696657
1731 1698495696721
1732 1698495696782
1733 1698495696839
1734 1698495696895
1735 1698495696959
1736 1698495697026
1737 1698495697081
1738 1698495697139
1739 1698495697205
1740 1698495697270
1741 1698495697320
1742 1698495697380
1743 1698495697443
1744 1698495697506
1745 1698495697564
1746 1698495697623
1747 1698495697684
1748 1698495697749
1749 1698495697809
1750 1698495697872
1751 1698495697923
1752 1698495697984
1753 1698495698055
1754 1698495698125
1755 1698495698168
1756 1698495698227
1757 1698495698292
1758 1698495698352
1759 1698495698409
1760 1698495698467
1761 1698495698533
1762 1698495698597
1763 1698495698654
1764 1698495698712
1765 1698495698777
1766 1698495698843
1767 1698495698892
1768 1698495698951
1769 1698495699017
1770 1698495699078
1771 1698495699138
1772 1698495699198
1773 1698495699260
1774 1698495699321
1775 1698495699377
1776 1698495699436
1777 1698495699501
1778 1698495699561
1779 1698495699625
1780 1698495699684
1781 1698495699740
1782 1698495699803
1783 1698495699866
1784 1698495699922
1785 1698495699982
1786 1698495700043
1787 1698495700103
1788 1698495700167
1789 1698495700227
1790 1698495700288
1791 1698495700346
1792 1698495700404
1793 1698495700463
1794 1698495700528
1795 1698495700590
1796 1698495700652
1797 1698495700714
1798 1698495700767
1799 1698495700829
1800 1698495700892
1801 1698495700965
1802 1698495701035
1803 1698495701067
1804 1698495701133
1805 1698495701198
1806 1698495701258
1807 1698495701312
1808 1698495701373
1809 1698495701437
1810 1698495701498
1811 1698495701552
1812 1698495701613
1813 1698495701678
1814 1698495701751
1815 1698495701796
1816 1698495701856
1817 1698495701921
1818 1698495701983
1819 1698495702036
1820 1698495702095
1821 1698495702162
1822 1698495702226
1823 1698495702280
1824 1698495702340
1825 1698495702405
1826 1698495702466
1827 1698495702521
1828 1698495702579
1829 1698495702639
1830 1698495702700
1831 1698495702768
1832 1698495702830
1833 1698495702888
1834 1698495702946
1835 1698495703003
1836 1698495703064
1837 1698495703130
1838 1698495703197
1839 1698495703244
1840 1698495703307
1841 1698495703374
1842 1698495703435
1843 1698495703488
1844 1698495703550
1845 1698495703611
1846 1698495703672
1847 1698495703727
1848 1698495703793
1849 1698495703859
1850 1698495703919
1851 1698495703972
1852 1698495704032
1853 1698495704097
1854 1698495704158
1855 1698495704212
1856 1698495704271
1857 1698495704339
1858 1698495704404
1859 1698495704457
1860 1698495704516
1861 1698495704581
1862 1698495704643
1863 1698495704698
1864 1698495704757
1865 1698495704824
1866 1698495704891
1867 1698495704941
1868 1698495705000
1869 1698495705064
1870 1698495705127
1871 1698495705180
1872 1698495705241
1873 1698495705306
1874 1698495705372
1875 1698495705424
1876 1698495705484
1877 1698495705550
1878 1698495705614
1879 1698495705664
1880 1698495705723
1881 1698495705788
1882 1698495705850
1883 1698495705908
1884 1698495705970
1885 1698495706032
1886 1698495706091
1887 1698495706150
1888 1698495706211
1889 1698495706274
1890 1698495706331
1891 1698495706395
1892 1698495706455
1893 1698495706514
1894 1698495706574
1895 1698495706635
1896 1698495706695
1897 1698495706756
1898 1698495706817
1899 1698495706872
1900 1698495706939
1901 1698495707011
1902 1698495707063
1903 1698495707116
1904 1698495707175
1905 1698495707240
1906 1698495707300
1907 1698495707358
1908 1698495707422
1909 1698495707484
1910 1698495707546
1911 1698495707602
1912 1698495707661
1913 1698495707725
1914 1698495707784
1915 1698495707842
1916 1698495707902
1917 1698495707969
1918 1698495708030
1919 1698495708086
1920 1698495708145
1921 1698495708209
1922 1698495708273
1923 1698495708324
1924 1698495708383
1925 1698495708446
1926 1698495708514
1927 1698495708575
1928 1698495708628
1929 1698495708691
1930 1698495708755
1931 1698495708808
1932 1698495708869
1933 1698495708931
1934 1698495708997
1935 1698495709054
1936 1698495709113
1937 1698495709177
1938 1698495709237
1939 1698495709294
1940 1698495709356
1941 1698495709417
1942 1698495709480
1943 1698495709536
1944 1698495709599
1945 1698495709660
1946 1698495709721
1947 1698495709777
1948 1698495709836
1949 1698495709901
1950 1698495709962
1951 1698495710022
1952 1698495710082
1953 1698495710142
1954 1698495710202
1955 1698495710262
1956 1698495710325
1957 1698495710387
1958 1698495710439
1959 1698495710500
1960 1698495710569
1961 1698495710630
1962 1698495710688
1963 1698495710744
1964 1698495710809
1965 1698495710869
1966 1698495710930
1967 1698495710985
1968 1698495711044
1969 1698495711114
1970 1698495711174
1971 1698495711228
1972 1698495711292
1973 1698495711354
1974 1698495711408
1975 1698495711468
1976 1698495711532
1977 1698495711605
1978 1698495711659
1979 1698495711711
1980 1698495711775
1981 1698495711836
1982 1698495711898
1983 1698495711953
1984 1698495712013
1985 1698495712077
1986 1698495712151
1987 1698495712196
1988 1698495712257
1989 1698495712321
1990 1698495712381
1991 1698495712437
1992 1698495712497
1993 1698495712560
1994 1698495712626
1995 1698495712680
1996 1698495712742
1997 1698495712808
1998 1698495712867
1999 1698495712920
2000 1698495712982
2001 1698495713045
2002 1698495713115
2003 1698495713164
2004 1698495713229
2005 1698495713289
2006 1698495713350
2007 1698495713403
2008 1698495713465
2009 1698495713528
2010 1698495713589
2011 1698495713645
2012 1698495713712
2013 1698495713772
2014 1698495713834
2015 1698495713889
2016 1698495713953
2017 1698495714014
2018 1698495714074
2019 1698495714128
2020 1698495714193
2021 1698495714257
2022 1698495714318
2023 1698495714377
2024 1698495714433
2025 1698495714494
2026 1698495714555
2027 1698495714615
2028 1698495714677
2029 1698495714740
2030 1698495714802
2031 1698495714855
2032 1698495714916
2033 1698495714981
2034 1698495715042
2035 1698495715096
2036 1698495715156
2037 1698495715228
2038 1698495715289
2039 1698495715341
2040 1698495715400
2041 1698495715487
2042 1698495715528
2043 1698495715587
2044 1698495715639
2045 1698495715706
2046 1698495715769
2047 1698495715841
2048 1698495715887
2049 1698495715943
2050 1698495716008
2051 1698495716069
2052 1698495716134
2053 1698495716185
2054 1698495716245
2055 1698495716312
2056 1698495716372
2057 1698495716428
2058 1698495716489
2059 1698495716554
2060 1698495716620
2061 1698495716668
2062 1698495716731
2063 1698495716809
2064 1698495716858
2065 1698495716912
2066 1698495716973
2067 1698495717039
2068 1698495717098
2069 1698495717156
2070 1698495717213
2071 1698495717278
2072 1698495717342
2073 1698495717397
2074 1698495717455
2075 1698495717517
2076 1698495717580
2077 1698495717640
2078 1698495744586
2079 1698495744627
2080 1698495744688
2081 1698495744750
2082 1698495744815
2083 1698495744873
2084 1698495744935
2085 1698495744990
2086 1698495745055
2087 1698495745114
2088 1698495745172
2089 1698495745229
2090 1698495745295
2091 1698495745377
2092 1698495745416
2093 1698495745473
2094 1698495745535
2095 1698495745599
2096 1698495745660
2097 1698495745715
2098 1698495745775
2099 1698495745846
2100 1698495745904
2101 1698495745958
2102 1698495746020
2103 1698495746082
2104 1698495746143
2105 1698495746199
2106 1698495746259
2107 1698495746318
2108 1698495746384
2109 1698495746447
2110 1698495746507
2111 1698495746567
2112 1698495746626
2113 1698495746682
2114 1698495746744
2115 1698495746806
2116 1698495746872
2117 1698495746926
2118 1698495746988
2119 1698495747051
2120 1698495747114
2121 1698495747167
2122 1698495747225
2123 1698495747285
2124 1698495747345
2125 1698495747414
2126 1698495747474
2127 1698495747537
2128 1698495747593
2129 1698495747649
2130 1698495747715
2131 1698495747775
2132 1698495747835
2133 1698495747894
2134 1698495747955
2135 1698495748018
2136 1698495748080
2137 1698495748134
2138 1698495748195
2139 1698495748258
2140 1698495748320
2141 1698495748374
2142 1698495748442
2143 1698495748502
2144 1698495748563
2145 1698495748618
2146 1698495748679
2147 1698495748741
2148 1698495748803
2149 1698495748858
2150 1698495748919
2151 1698495748986
2152 1698495749047
2153 1698495749104
2154 1698495749164
2155 1698495749226
2156 1698495749285
2157 1698495749346
2158 1698495749406
2159 1698495749470
2160 1698495749530
2161 1698495749590
2162 1698495749650
2163 1698495749710
2164 1698495749770
2165 1698495749827
2166 1698495749889
2167 1698495749950
2168 1698495750015
2169 1698495750072
2170 1698495750134
2171 1698495750194
2172 1698495750253
2173 1698495750314
2174 1698495750373
2175 1698495750433
2176 1698495750497
2177 1698495750558
2178 1698495750618
2179 1698495750692
2180 1698495750734
2181 1698495750798
2182 1698495750859
2183 1698495750919
2184 1698495750976
2185 1698495751038
2186 1698495751103
2187 1698495751163
2188 1698495751224
2189 1698495751277
2190 1698495751338
2191 1698495751403
2192 1698495751463
2193 1698495751523
2194 1698495751584
2195 1698495751644
2196 1698495751705
2197 1698495751763
2198 1698495751826
2199 1698495751886
2200 1698495751945
2201 1698495752002
2202 1698495752072
2203 1698495752131
2204 1698495752187
2205 1698495752248
2206 1698495752308
2207 1698495752367
2208 1698495752428
2209 1698495752488
2210 1698495752547
2211 1698495752609
2212 1698495752675
2213 1698495752730
2214 1698495752789
2215 1698495752852
2216 1698495752916
2217 1698495752975
2218 1698495753031
2219 1698495753096
2220 1698495753155
2221 1698495753218
2222 1698495753278
2223 1698495753339
2224 1698495753395
2225 1698495753459
2226 1698495753518
2227 1698495753579
2228 1698495753638
2229 1698495753697
2230 1698495753760
2231 1698495753822
2232 1698495753885
2233 1698495753937
2234 1698495753999
2235 1698495754063
2236 1698495754123
2237 1698495754182
2238 1698495754243
2239 1698495754307
2240 1698495754367
2241 1698495754422
2242 1698495754484
2243 1698495754547
2244 1698495754607
2245 1698495754666
2246 1698495754728
2247 1698495754791
2248 1698495754851
2249 1698495754906
2250 1698495754968
2251 1698495755032
2252 1698495755096
2253 1698495755147
2254 1698495755212
2255 1698495755283
2256 1698495755336
2257 1698495755390
2258 1698495755451
2259 1698495755514
2260 1698495755579
2261 1698495755629
2262 1698495755691
2263 1698495755764
2264 1698495755819
2265 1698495755874
2266 1698495755935
2267 1698495755999
2268 1698495756062
2269 1698495756113
2270 1698495756174
2271 1698495756244
2272 1698495756306
2273 1698495756359
2274 1698495756417
2275 1698495756477
2276 1698495756543
2277 1698495756605
2278 1698495756658
2279 1698495756719
2280 1698495756786
2281 1698495756841
2282 1698495756901
2283 1698495756961
2284 1698495757021
2285 1698495757087
2286 1698495757146
2287 1698495757207
2288 1698495757266
2289 1698495757331
2290 1698495757392
2291 1698495757446
2292 1698495757506
2293 1698495757566
2294 1698495757626
2295 1698495757689
2296 1698495757751
2297 1698495757811
2298 1698495757869
2299 1698495757931
2300 1698495757996
2301 1698495758058
2302 1698495758116
2303 1698495758169
2304 1698495758230
2305 1698495758294
2306 1698495758360
2307 1698495758414
2308 1698495758473
2309 1698495758536
2310 1698495758599
2311 1698495758655
2312 1698495758713
2313 1698495758774
2314 1698495758840
2315 1698495758901
2316 1698495758960
2317 1698495759021
2318 1698495759081
2319 1698495759138
2320 1698495759198
2321 1698495759265
2322 1698495759324
2323 1698495759382
2324 1698495759443
2325 1698495759506
2326 1698495759568
2327 1698495759621
2328 1698495759682
2329 1698495759748
2330 1698495759809
2331 1698495759866
2332 1698495759925
2333 1698495759992
2334 1698495760052
2335 1698495760108
2336 1698495760166
2337 1698495760231
2338 1698495760290
2339 1698495760348
2340 1698495760412
2341 1698495760472
2342 1698495760533
2343 1698495760593
2344 1698495760653
2345 1698495760713
2346 1698495760773
2347 1698495760833
2348 1698495760893
2349 1698495760960
2350 1698495761020
2351 1698495761074
2352 1698495761134
2353 1698495761198
2354 1698495761260
2355 1698495761314
2356 1698495761374
2357 1698495761454
2358 1698495761508
2359 1698495761558
2360 1698495761617
2361 1698495761678
2362 1698495761742
2363 1698495761801
2364 1698495761861
2365 1698495761921
2366 1698495761986
2367 1698495762046
2368 1698495762108
2369 1698495762166
2370 1698495762227
2371 1698495762281
2372 1698495762344
2373 1698495762406
2374 1698495762471
2375 1698495762526
2376 1698495762588
2377 1698495762650
2378 1698495762711
2379 1698495762765
2380 1698495762831
2381 1698495762891
2382 1698495762950
2383 1698495763010
2384 1698495763072
2385 1698495763134
2386 1698495763194
2387 1698495763250
2388 1698495763312
2389 1698495763375
2390 1698495763436
2391 1698495763489
2392 1698495763554
2393 1698495763621
2394 1698495763680
2395 1698495763735
2396 1698495763793
2397 1698495763854
2398 1698495763918
2399 1698495763979
2400 1698495764043
2401 1698495764103
2402 1698495764157
2403 1698495764216
2404 1698495764277
2405 1698495764343
2406 1698495764397
2407 1698495764457
2408 1698495764523
2409 1698495764583
2410 1698495764643
2411 1698495764703
2412 1698495764767
2413 1698495764827
2414 1698495764882
2415 1698495764942
2416 1698495765007
2417 1698495765072
2418 1698495765127
2419 1698495765186
2420 1698495765250
2421 1698495765310
2422 1698495765371
2423 1698495765428
2424 1698495765488
2425 1698495765551
2426 1698495765618
2427 1698495765670
2428 1698495765731
2429 1698495765795
2430 1698495765859
2431 1698495765911
2432 1698495765971
2433 1698495766036
2434 1698495766097
2435 1698495766154
2436 1698495766215
2437 1698495766279
2438 1698495766342
2439 1698495766395
2440 1698495766459
2441 1698495766536
2442 1698495766573
2443 1698495766637
2444 1698495766703
2445 1698495766763
2446 1698495766825
2447 1698495766878
2448 1698495766939
2449 1698495767005
2450 1698495767065
2451 1698495767119
2452 1698495767185
2453 1698495767246
2454 1698495767306
2455 1698495767363
2456 1698495767425
2457 1698495767488
2458 1698495767547
2459 1698495767601
2460 1698495767667
2461 1698495767732
2462 1698495767791
2463 1698495767853
2464 1698495767906
2465 1698495767969
2466 1698495768031
2467 1698495768086
2468 1698495768148
2469 1698495768221
2470 1698495768276
2471 1698495768331
2472 1698495768391
2473 1698495768456
2474 1698495768519
2475 1698495768570
2476 1698495768630
2477 1698495768695
2478 1698495768760
2479 1698495768816
2480 1698495768874
2481 1698495768936
2482 1698495768999
2483 1698495769058
2484 1698495769119
2485 1698495769178
2486 1698495769243
2487 1698495769303
2488 1698495769364
2489 1698495769423
2490 1698495769482
2491 1698495769537
2492 1698495769598
2493 1698495769664
2494 1698495769723
2495 1698495769787
2496 1698495769844
2497 1698495769904
2498 1698495769964
2499 1698495770024
2500 1698495770086
2501 1698495770146
2502 1698495770207
2503 1698495770266
2504 1698495770329
2505 1698495770391
2506 1698495770452
2507 1698495770506
2508 1698495770566
2509 1698495770631
2510 1698495770692
2511 1698495770747
2512 1698495770811
2513 1698495770876
2514 1698495770936
2515 1698495770991
2516 1698495771050
2517 1698495771116
2518 1698495771177
2519 1698495771230
2520 1698495771290
2521 1698495771360
2522 1698495771420
2523 1698495771474
2524 1698495771534
2525 1698495771600
2526 1698495771660
2527 1698495771715
2528 1698495771777
2529 1698495771850
2530 1698495771904
2531 1698495771958
2532 1698495772018
2533 1698495772085
2534 1698495772148
2535 1698495772198
2536 1698495772260
2537 1698495772323
2538 1698495772387
2539 1698495772443
2540 1698495772504
2541 1698495772565
2542 1698495772625
2543 1698495772687
2544 1698495772741
2545 1698495772801
2546 1698495772871
2547 1698495772948
2548 1698495772988
2549 1698495773045
2550 1698495773110
2551 1698495773171
2552 1698495773231
2553 1698495773286
2554 1698495773350
2555 1698495773415
2556 1698495773476
2557 1698495773530
2558 1698495773591
2559 1698495773656
2560 1698495773711
2561 1698495773769
2562 1698495773831
2563 1698495773895
2564 1698495773955
2565 1698495774014
2566 1698495774080
2567 1698495774139
2568 1698495774197
2569 1698495774253
2570 1698495774318
2571 1698495774378
2572 1698495774441
2573 1698495774497
2574 1698495774562
2575 1698495774623
2576 1698495774686
2577 1698495774738
2578 1698495774803
2579 1698495774864
2580 1698495774924
2581 1698495774982
2582 1698495775046
2583 1698495775107
2584 1698495775167
2585 1698495775222
2586 1698495775285
2587 1698495775350
2588 1698495775408
2589 1698495775462
2590 1698495775529
2591 1698495775591
2592 1698495775647
2593 1698495775705
2594 1698495775770
2595 1698495775831
2596 1698495775892
2597 1698495775946
2598 1698495776012
2599 1698495776075
2600 1698495776137
2601 1698495776190
2602 1698495776251
2603 1698495776316
2604 1698495776378
2605 1698495776432
2606 1698495776492
2607 1698495776560
2608 1698495776620
2609 1698495814694
2610 1698495814748
2611 1698495814811
2612 1698495814876
2613 1698495814925
2614 1698495814988
2615 1698495815051
2616 1698495815112
2617 1698495815173
2618 1698495815235
2619 1698495815296
2620 1698495815358
2621 1698495815410
2622 1698495815474
2623 1698495815535
2624 1698495815594
2625 1698495815660
2626 1698495815719
2627 1698495815779
2628 1698495815839
2629 1698495815892
2630 1698495815956
2631 1698495816020
2632 1698495816078
2633 1698495816132
2634 1698495816205
2635 1698495816264
2636 1698495816324
2637 1698495816377
2638 1698495816441
2639 1698495816507
2640 1698495816561
2641 1698495816619
2642 1698495816686
2643 1698495816748
2644 1698495816808
2645 1698495816862
2646 1698495816922
2647 1698495816988
2648 1698495817045
2649 1698495817102
2650 1698495817160
2651 1698495817230
2652 1698495817292
2653 1698495817351
2654 1698495817404
2655 1698495817466
2656 1698495817528
2657 1698495817588
2658 1698495817649
2659 1698495817710
2660 1698495817774
2661 1698495817832
2662 1698495817893
2663 1698495817953
2664 1698495818011
2665 1698495818071
2666 1698495818136
2667 1698495818195
2668 1698495818263
2669 1698495818312
2670 1698495818373
2671 1698495818438
2672 1698495818499
2673 1698495818554
2674 1698495818613
2675 1698495818678
2676 1698495818740
2677 1698495818798
2678 1698495818857
2679 1698495818923
2680 1698495818984
2681 1698495819038
2682 1698495819097
2683 1698495819173
2684 1698495819224
2685 1698495819281
2686 1698495819340
2687 1698495819402
2688 1698495819464
2689 1698495819526
2690 1698495819589
2691 1698495819649
2692 1698495819704
2693 1698495819761
2694 1698495819827
2695 1698495819891
2696 1698495819951
2697 1698495820005
2698 1698495820069
2699 1698495820131
2700 1698495820190
2701 1698495820245
2702 1698495820310
2703 1698495820375
2704 1698495820429
2705 1698495820489
2706 1698495820556
2707 1698495820614
2708 1698495820670
2709 1698495820729
2710 1698495820795
2711 1698495820860
2712 1698495820914
2713 1698495820973
2714 1698495821033
2715 1698495821098
2716 1698495821156
2717 1698495821213
2718 1698495821275
2719 1698495821337
2720 1698495821399
2721 1698495821459
2722 1698495821519
2723 1698495821582
2724 1698495821642
2725 1698495821702
2726 1698495821759
2727 1698495821821
2728 1698495821884
2729 1698495821943
2730 1698495822005
2731 1698495822064
2732 1698495822124
2733 1698495822184
2734 1698495822244
2735 1698495822306
2736 1698495822364
2737 1698495822430
2738 1698495822492
2739 1698495822552
2740 1698495822607
2741 1698495822669
2742 1698495822732
2743 1698495822792
2744 1698495822847
2745 1698495822907
2746 1698495822974
2747 1698495823035
2748 1698495823089
2749 1698495823150
2750 1698495823214
2751 1698495823276
2752 1698495823329
2753 1698495823390
2754 1698495823460
2755 1698495823519
2756 1698495823575
2757 1698495823635
2758 1698495823697
2759 1698495823758
2760 1698495823817
2761 1698495823878
2762 1698495823934
2763 1698495824001
2764 1698495824064
2765 1698495824118
2766 1698495824179
2767 1698495824241
2768 1698495824303
2769 1698495824362
2770 1698495824417
2771 1698495824482
2772 1698495824548
2773 1698495824608
2774 1698495824663
2775 1698495824724
2776 1698495824784
2777 1698495824845
2778 1698495824904
2779 1698495824967
2780 1698495825027
2781 1698495825085
2782 1698495825151
2783 1698495825211
2784 1698495825266
2785 1698495825327
2786 1698495825387
2787 1698495825447
2788 1698495825507
2789 1698495825573
2790 1698495825636
2791 1698495825697
2792 1698495825751
2793 1698495825809
2794 1698495825868
2795 1698495825934
2796 1698495825995
2797 1698495826060
2798 1698495826114
2799 1698495826173
2800 1698495826240
2801 1698495826305
2802 1698495826360
2803 1698495826413
2804 1698495826478
2805 1698495826538
2806 1698495826603
2807 1698495826658
2808 1698495826719
2809 1698495826783
2810 1698495826847
2811 1698495826897
2812 1698495826958
2813 1698495827024
2814 1698495827088
2815 1698495827142
2816 1698495827205
2817 1698495827267
2818 1698495827328
2819 1698495827381
2820 1698495827442
2821 1698495827507
2822 1698495827574
2823 1698495827625
2824 1698495827686
2825 1698495827751
2826 1698495827812
2827 1698495827865
2828 1698495827926
2829 1698495827993
2830 1698495828052
2831 1698495828107
2832 1698495828173
2833 1698495828233
2834 1698495828289
2835 1698495828351
2836 1698495828415
2837 1698495828475
2838 1698495828532
2839 1698495828589
2840 1698495828656
2841 1698495828721
2842 1698495828783
2843 1698495828834
2844 1698495828893
2845 1698495828959
2846 1698495829021
2847 1698495829074
2848 1698495829133
2849 1698495829197
2850 1698495829258
2851 1698495829319
2852 1698495829383
2853 1698495829446
2854 1698495829497
2855 1698495829557
2856 1698495829624
2857 1698495829688
2858 1698495829758
2859 1698495829801
2860 1698495829863
2861 1698495829927
2862 1698495829991
2863 1698495830041
2864 1698495830106
2865 1698495830168
2866 1698495830229
2867 1698495830285
2868 1698495830350
2869 1698495830412
2870 1698495830473
2871 1698495830526
2872 1698495830585
2873 1698495830651
2874 1698495830711
2875 1698495830770
2876 1698495830831
2877 1698495830895
2878 1698495830960
2879 1698495831010
2880 1698495831070
2881 1698495831133
2882 1698495831193
2883 1698495831257
2884 1698495831316
2885 1698495831376
2886 1698495831438
2887 1698495831493
2888 1698495831553
2889 1698495831620
2890 1698495831680
2891 1698495831736
2892 1698495831798
2893 1698495831860
2894 1698495831922
2895 1698495831982
2896 1698495832039
2897 1698495832099
2898 1698495832158
2899 1698495832222
2900 1698495832285
2901 1698495832346
2902 1698495832402
2903 1698495832467
2904 1698495832528
2905 1698495832586
2906 1698495832641
2907 1698495832704
2908 1698495832766
2909 1698495832827
2910 1698495832887
2911 1698495832951
2912 1698495833013
2913 1698495833069
2914 1698495833125
2915 1698495833189
2916 1698495833253
2917 1698495833310
2918 1698495833371
2919 1698495833433
2920 1698495833495
2921 1698495833551
2922 1698495833609
2923 1698495833671
2924 1698495833737
2925 1698495833795
2926 1698495833854
2927 1698495833917
2928 1698495833979
2929 1698495834040
2930 1698495834095
2931 1698495834157
2932 1698495834219
2933 1698495834276
2934 1698495834341
2935 1698495834400
2936 1698495834463
2937 1698495834520
2938 1698495834577
2939 1698495834639
2940 1698495834703
2941 1698495834762
2942 1698495834825
2943 1698495834883
2944 1698495834943
2945 1698495835003
2946 1698495835065
2947 1698495835127
2948 1698495835190
2949 1698495835243
2950 1698495835301
2951 1698495835369
2952 1698495835433
2953 1698495835490
2954 1698495835547
2955 1698495835608
2956 1698495835670
2957 1698495835731
2958 1698495835789
2959 1698495835851
2960 1698495835909
2961 1698495835973
2962 1698495836035
2963 1698495836094
2964 1698495836153
2965 1698495836213
2966 1698495836274
2967 1698495836335
2968 1698495836393
2969 1698495836457
2970 1698495836518
2971 1698495836577
2972 1698495836638
2973 1698495836696
2974 1698495836758
2975 1698495836819
2976 1698495836879
2977 1698495836938
2978 1698495837001
2979 1698495837062
2980 1698495837123
2981 1698495837182
2982 1698495837241
2983 1698495837303
2984 1698495837364
2985 1698495837422
2986 1698495837479
2987 1698495837543
2988 1698495837601
2989 1698495837664
2990 1698495837727
2991 1698495837787
2992 1698495837850
2993 1698495837902
2994 1698495837963
2995 1698495838030
2996 1698495838091
2997 1698495838150
2998 1698495838207
2999 1698495838285
3000 1698495838326
3001 1698495838384
3002 1698495838445
3003 1698495838511
3004 1698495838577
3005 1698495838636
3006 1698495838691
3007 1698495838757
3008 1698495838816
3009 1698495838876
3010 1698495838930
3011 1698495838994
3012 1698495839060
3013 1698495839126
3014 1698495839173
3015 1698495839235
3016 1698495839299
3017 1698495839359
3018 1698495839419
3019 1698495839479
3020 1698495839539
3021 1698495839600
3022 1698495839657
3023 1698495839721
3024 1698495839785
3025 1698495839844
3026 1698495839903
3027 1698495839959
3028 1698495840020
3029 1698495840080
3030 1698495840146
3031 1698495840207
3032 1698495840267
3033 1698495840322
3034 1698495840384
3035 1698495840448
3036 1698495840508
3037 1698495840567
3038 1698495840627
3039 1698495840689
3040 1698495840751
3041 1698495840810
3042 1698495840868
3043 1698495840927
3044 1698495840987
3045 1698495841051
3046 1698495841111
3047 1698495841190
3048 1698495841229
3049 1698495841290
3050 1698495841352
3051 1698495841416
3052 1698495841475
3053 1698495841532
3054 1698495841593
3055 1698495841658
3056 1698495841719
3057 1698495841776
3058 1698495841835
3059 1698495841899
3060 1698495841959
3061 1698495842016
3062 1698495842079
3063 1698495842143
3064 1698495842201
3065 1698495842261
3066 1698495842321
3067 1698495842382
3068 1698495842441
3069 1698495842501
3070 1698495842562
3071 1698495842623
3072 1698495842681
3073 1698495842747
3074 1698495842805
3075 1698495842866
3076 1698495842925
3077 1698495842987
3078 1698495843047
3079 1698495843113
3080 1698495843161
3081 1698495843225
3082 1698495843285
3083 1698495843352
3084 1698495843412
3085 1698495843470
3086 1698495843530
3087 1698495843592
3088 1698495843648
3089 1698495843705
3090 1698495843776
3091 1698495843835
3092 1698495843894
3093 1698495843950
3094 1698495844014
3095 1698495844077
3096 1698495844136
3097 1698495844189
3098 1698495844255
3099 1698495844326
3100 1698495844379
3101 1698495844434
3102 1698495844498
3103 1698495844560
3104 1698495844631
3105 1698495844673
3106 1698495844733
3107 1698495844812
3108 1698495844865
3109 1698495844920
3110 1698495844980
3111 1698495845044
3112 1698495845105
3113 1698495845158
3114 1698495845221
3115 1698495845284
3116 1698495845350
3117 1698495845403
3118 1698495845465
3119 1698495845526
3120 1698495845584
3121 1698495845644
3122 1698495845705
3123 1698495845767
3124 1698495845832
3125 1698495845887
3126 1698495845947
3127 1698495846010
3128 1698495846069
3129 1698495846131
3130 1698495846191
3131 1698495846250
3132 1698495846310
3133 1698495846375
3134 1698495846433
3135 1698495846494
3136 1698495846553
3137 1698495846615
3138 1698495846674
3139 1698495846734
3140 1698495846792
3141 1698495846858
3142 1698495846918
3143 1698495885950
3144 1698495885997
3145 1698495886057
3146 1698495886121
3147 1698495886182
3148 1698495886234
3149 1698495886298
3150 1698495886358
3151 1698495886418
3152 1698495886478
3153 1698495886538
3154 1698495886598
3155 1698495886665
3156 1698495886721
3157 1698495886783
3158 1698495886847
3159 1698495886907
3160 1698495886967
3161 1698495887027
3162 1698495887087
3163 1698495887147
3164 1698495887207
3165 1698495887267
3166 1698495887326
3167 1698495887391
3168 1698495887451
3169 1698495887511
3170 1698495887571
3171 1698495887630
3172 1698495887692
3173 1698495887751
3174 1698495887811
3175 1698495887875
3176 1698495887935
3177 1698495887992
3178 1698495888058
3179 1698495888117
3180 1698495888175
3181 1698495888231
3182 1698495888293
3183 1698495888357
3184 1698495888420
3185 1698495888477
3186 1698495888537
3187 1698495888603
3188 1698495888662
3189 1698495888715
3190 1698495888774
3191 1698495888836
3192 1698495888904
3193 1698495888964
3194 1698495889020
3195 1698495889081
3196 1698495889141
3197 1698495889201
3198 1698495889261
3199 1698495889322
3200 1698495889383
3201 1698495889447
3202 1698495889507
3203 1698495889568
3204 1698495889628
3205 1698495889683
3206 1698495889745
3207 1698495889808
3208 1698495889876
3209 1698495889923
3210 1698495889988
3211 1698495890052
3212 1698495890113
3213 1698495890167
3214 1698495890227
3215 1698495890293
3216 1698495890353
3217 1698495890408
3218 1698495890471
3219 1698495890537
3220 1698495890597
3221 1698495890651
3222 1698495890711
3223 1698495890777
3224 1698495890848
3225 1698495890892
3226 1698495890951
3227 1698495891020
3228 1698495891082
3229 1698495891139
3230 1698495891195
3231 1698495891271
3232 1698495891326
3233 1698495891376
3234 1698495891435
3235 1698495891501
3236 1698495891564
3237 1698495891621
3238 1698495891680
3239 1698495891744
3240 1698495891805
3241 1698495891859
3242 1698495891919
3243 1698495891986
3244 1698495892048
3245 1698495892104
3246 1698495892164
3247 1698495892228
3248 1698495892290
3249 1698495892344
3250 1698495892404
3251 1698495892468
3252 1698495892529
3253 1698495892588
3254 1698495892648
3255 1698495892711
3256 1698495892774
3257 1698495892829
3258 1698495892889
3259 1698495892951
3260 1698495893009
3261 1698495893075
3262 1698495893135
3263 1698495893197
3264 1698495893258
3265 1698495893318
3266 1698495893374
3267 1698495893431
3268 1698495893491
3269 1698495893556
3270 1698495893620
3271 1698495893681
3272 1698495893735
3273 1698495893800
3274 1698495893860
3275 1698495893920
3276 1698495893976
3277 1698495894035
3278 1698495894097
3279 1698495894163
3280 1698495894227
3281 1698495894279
3282 1698495894345
3283 1698495894407
3284 1698495894460
3285 1698495894519
3286 1698495894580
3287 1698495894648
3288 1698495894709
3289 1698495894763
3290 1698495894824
3291 1698495894889
3292 1698495894950
3293 1698495895006
3294 1698495895062
3295 1698495895123
3296 1698495895191
3297 1698495895269
3298 1698495895315
3299 1698495895371
3300 1698495895432
3301 1698495895491
3302 1698495895550
3303 1698495895607
3304 1698495895672
3305 1698495895738
3306 1698495895798
3307 1698495895852
3308 1698495895911
3309 1698495895977
3310 1698495896037
3311 1698495896095
3312 1698495896151
3313 1698495896220
3314 1698495896281
3315 1698495896337
3316 1698495896394
3317 1698495896462
3318 1698495896521
3319 1698495896575
3320 1698495896635
3321 1698495896695
3322 1698495896761
3323 1698495896826
3324 1698495896885
3325 1698495896944
3326 1698495897002
3327 1698495897059
3328 1698495897121
3329 1698495897185
3330 1698495897250
3331 1698495897303
3332 1698495897365
3333 1698495897426
3334 1698495897486
3335 1698495897546
3336 1698495897606
3337 1698495897669
3338 1698495897723
3339 1698495897788
3340 1698495897855
3341 1698495897912
3342 1698495897973
3343 1698495898027
3344 1698495898090
3345 1698495898152
3346 1698495898213
3347 1698495898277
3348 1698495898336
3349 1698495898397
3350 1698495898454
3351 1698495898514
3352 1698495898576
3353 1698495898636
3354 1698495898698
3355 1698495898751
3356 1698495898817
3357 1698495898881
3358 1698495898939
3359 1698495898995
3360 1698495899056
3361 1698495899120
3362 1698495899182
3363 1698495899235
3364 1698495899296
3365 1698495899365
3366 1698495899428
3367 1698495899479
3368 1698495899539
3369 1698495899605
3370 1698495899666
3371 1698495899719
3372 1698495899784
3373 1698495899853
3374 1698495899912
3375 1698495899963
3376 1698495900026
3377 1698495900088
3378 1698495900173
3379 1698495900211
3380 1698495900262
3381 1698495900329
3382 1698495900395
3383 1698495900447
3384 1698495900508
3385 1698495900574
3386 1698495900633
3387 1698495900687
3388 1698495900747
3389 1698495900814
3390 1698495900879
3391 1698495900933
3392 1698495900993
3393 1698495901056
3394 1698495901118
3395 1698495901172
3396 1698495901237
3397 1698495901295
3398 1698495901360
3399 1698495901416
3400 1698495901480
3401 1698495901540
3402 1698495901601
3403 1698495901655
3404 1698495901721
3405 1698495901781
3406 1698495901843
3407 1698495901895
3408 1698495901960
3409 1698495902024
3410 1698495902090
3411 1698495902139
3412 1698495902200
3413 1698495902263
3414 1698495902325
3415 1698495902380
3416 1698495902448
3417 1698495902526
3418 1698495902565
3419 1698495902623
3420 1698495902684
3421 1698495902751
3422 1698495902811
3423 1698495902864
3424 1698495902926
3425 1698495903008
3426 1698495903054
3427 1698495903108
3428 1698495903173
3429 1698495903233
3430 1698495903290
3431 1698495903347
3432 1698495903408
3433 1698495903477
3434 1698495903537
3435 1698495903591
3436 1698495903656
3437 1698495903716
3438 1698495903772
3439 1698495903831
3440 1698495903893
3441 1698495903956
3442 1698495904021
3443 1698495904075
3444 1698495904136
3445 1698495904201
3446 1698495904262
3447 1698495904317
3448 1698495904375
3449 1698495904436
3450 1698495904501
3451 1698495904561
3452 1698495904619
3453 1698495904681
3454 1698495904745
3455 1698495904802
3456 1698495904859
3457 1698495904922
3458 1698495904985
3459 1698495905043
3460 1698495905110
3461 1698495905169
3462 1698495905225
3463 1698495905283
3464 1698495905343
3465 1698495905409
3466 1698495905469
3467 1698495905523
3468 1698495905587
3469 1698495905652
3470 1698495905713
3471 1698495905769
3472 1698495905827
3473 1698495905890
3474 1698495905954
3475 1698495906008
3476 1698495906071
3477 1698495906145
3478 1698495906202
3479 1698495906252
3480 1698495906311
3481 1698495906378
3482 1698495906438
3483 1698495906491
3484 1698495906551
3485 1698495906622
3486 1698495906682
3487 1698495906736
3488 1698495906795
3489 1698495906860
3490 1698495906922
3491 1698495906976
3492 1698495907036
3493 1698495907101
3494 1698495907165
3495 1698495907221
3496 1698495907281
3497 1698495907344
3498 1698495907403
3499 1698495907460
3500 1698495907522
3501 1698495907585
3502 1698495907647
3503 1698495907705
3504 1698495907765
3505 1698495907825
3506 1698495907885
3507 1698495907948
3508 1698495908008
3509 1698495908068
3510 1698495908129
3511 1698495908188
3512 1698495908249
3513 1698495908313
3514 1698495908373
3515 1698495908428
3516 1698495908489
3517 1698495908551
3518 1698495908613
3519 1698495908671
3520 1698495908732
3521 1698495908796
3522 1698495908858
3523 1698495908913
3524 1698495908973
3525 1698495909035
3526 1698495909095
3527 1698495909152
3528 1698495909218
3529 1698495909281
3530 1698495909341
3531 1698495909396
3532 1698495909458
3533 1698495909520
3534 1698495909580
3535 1698495909635
3536 1698495909696
3537 1698495909765
3538 1698495909825
3539 1698495909880
3540 1698495909941
3541 1698495910005
3542 1698495910065
3543 1698495910119
3544 1698495910179
3545 1698495910244
3546 1698495910308
3547 1698495910367
3548 1698495910423
3549 1698495910484
3550 1698495910549
3551 1698495910610
3552 1698495910672
3553 1698495910723
3554 1698495910788
3555 1698495910854
3556 1698495910913
3557 1698495910968
3558 1698495911030
3559 1698495911101
3560 1698495911158
3561 1698495911208
3562 1698495911275
3563 1698495911338
3564 1698495911396
3565 1698495911452
3566 1698495911515
3567 1698495911577
3568 1698495911644
3569 1698495911691
3570 1698495911754
3571 1698495911826
3572 1698495911881
3573 1698495911937
3574 1698495911996
3575 1698495912060
3576 1698495912122
3577 1698495912176
3578 1698495912236
3579 1698495912301
3580 1698495912364
3581 1698495912421
3582 1698495912484
3583 1698495912543
3584 1698495912603
3585 1698495912660
3586 1698495912720
3587 1698495912784
3588 1698495912849
3589 1698495912904
3590 1698495912967
3591 1698495913029
3592 1698495913088
3593 1698495913144
3594 1698495913205
3595 1698495913269
3596 1698495913330
3597 1698495913387
3598 1698495913451
3599 1698495913513
3600 1698495913573
3601 1698495913627
3602 1698495913690
3603 1698495913751
3604 1698495913826
3605 1698495913867
3606 1698495913933
3607 1698495913995
3608 1698495914056
3609 1698495914112
3610 1698495914174
3611 1698495914235
3612 1698495914298
3613 1698495914352
3614 1698495914418
3615 1698495914483
3616 1698495914559
3617 1698495914595
3618 1698495914655
3619 1698495914719
3620 1698495914782
3621 1698495914836
3622 1698495914895
3623 1698495914965
3624 1698495915026
3625 1698495915082
3626 1698495915141
3627 1698495915201
3628 1698495915262
3629 1698495915321
3630 1698495915381
3631 1698495915452
3632 1698495915509
3633 1698495915564
3634 1698495915625
3635 1698495915686
3636 1698495915752
3637 1698495915803
3638 1698495915863
3639 1698495915929
3640 1698495915992
3641 1698495916048
3642 1698495916108
3643 1698495916172
3644 1698495916232
3645 1698495916289
3646 1698495916350
3647 1698495916411
3648 1698495916470
3649 1698495916531
3650 1698495916595
3651 1698495916657
3652 1698495916723
3653 1698495916771
3654 1698495916830
3655 1698495916891
3656 1698495916953
3657 1698495917020
3658 1698495917082
3659 1698495917139
3660 1698495917201
3661 1698495917256
3662 1698495917316
3663 1698495917381
3664 1698495917442
3665 1698495917495
3666 1698495917559
3667 1698495917624
3668 1698495917708
3669 1698495917741
3670 1698495917799
3671 1698495917861
3672 1698495917926
3673 1698495917981
3674 1698495918044
3675 1698495918108
3676 1698495918169
3677 1698495918224
3678 1698495918283
3679 1698495918349
3680 1698495918409
3681 1698495918464
3682 1698495918529
3683 1698495918618
3684 1698495918654
3685 1698495918707
3686 1698495918768
3687 1698495918834
3688 1698495918894
3689 1698495918948
3690 1698495919007
3691 1698495919072
3692 1698495919141
3693 1698495955951
3694 1698495955998
3695 1698495956051
3696 1698495956119
3697 1698495956186
3698 1698495956235
3699 1698495956295
3700 1698495956361
3701 1698495956442
3702 1698495956475
3703 1698495956534
3704 1698495956601
3705 1698495956665
3706 1698495956726
3707 1698495956786
3708 1698495956844
3709 1698495956899
3710 1698495956964
3711 1698495957026
3712 1698495957083
3713 1698495957139
3714 1698495957207
3715 1698495957269
3716 1698495957330
3717 1698495957383
3718 1698495957445
3719 1698495957510
3720 1698495957565
3721 1698495957622
3722 1698495957688
3723 1698495957752
3724 1698495957813
3725 1698495957870
3726 1698495957932
3727 1698495957993
3728 1698495958046
3729 1698495958108
3730 1698495958173
3731 1698495958243
3732 1698495958296
3733 1698495958358
3734 1698495958413
3735 1698495958475
3736 1698495958546
3737 1698495958591
3738 1698495958650
3739 1698495958715
3740 1698495958777
3741 1698495958838
3742 1698495958897
3743 1698495958960
3744 1698495959019
3745 1698495959075
3746 1698495959135
3747 1698495959205
3748 1698495959266
3749 1698495959324
3750 1698495959379
3751 1698495959441
3752 1698495959503
3753 1698495959558
3754 1698495959618
3755 1698495959678
3756 1698495959739
3757 1698495959810
3758 1698495959869
3759 1698495959929
3760 1698495959990
3761 1698495960043
3762 1698495960107
3763 1698495960168
3764 1698495960229
3765 1698495960287
3766 1698495960352
3767 1698495960414
3768 1698495960473
3769 1698495960527
3770 1698495960591
3771 1698495960653
3772 1698495960711
3773 1698495960767
3774 1698495960833
3775 1698495960898
3776 1698495960958
3777 1698495961012
3778 1698495961075
3779 1698495961138
3780 1698495961196
3781 1698495961251
3782 1698495961316
3783 1698495961377
3784 1698495961438
3785 1698495961498
3786 1698495961557
3787 1698495961618
3788 1698495961678
3789 1698495961738
3790 1698495961797
3791 1698495961867
3792 1698495961930
3793 1698495961979
3794 1698495962038
3795 1698495962099
3796 1698495962164
3797 1698495962241
3798 1698495962280
3799 1698495962338
3800 1698495962405
3801 1698495962469
3802 1698495962529
3803 1698495962583
3804 1698495962643
3805 1698495962709
3806 1698495962768
3807 1698495962825
3808 1698495962890
3809 1698495962952
3810 1698495963011
3811 1698495963070
3812 1698495963131
3813 1698495963192
3814 1698495963251
3815 1698495963312
3816 1698495963371
3817 1698495963437
3818 1698495963495
3819 1698495963552
3820 1698495963612
3821 1698495963677
3822 1698495963738
3823 1698495963792
3824 1698495963853
3825 1698495963918
3826 1698495963978
3827 1698495964039
3828 1698495964098
3829 1698495964159
3830 1698495964217
3831 1698495964279
3832 1698495964339
3833 1698495964399
3834 1698495964462
3835 1698495964523
3836 1698495964582
3837 1698495964644
3838 1698495964702
3839 1698495964763
3840 1698495964822
3841 1698495964882
3842 1698495964942
3843 1698495965007
3844 1698495965066
3845 1698495965128
3846 1698495965187
3847 1698495965247
3848 1698495965307
3849 1698495965368
3850 1698495965426
3851 1698495965490
3852 1698495965550
3853 1698495965612
3854 1698495965671
3855 1698495965727
3856 1698495965790
3857 1698495965852
3858 1698495965920
3859 1698495965968
3860 1698495966032
3861 1698495966097
3862 1698495966158
3863 1698495966212
3864 1698495966278
3865 1698495966338
3866 1698495966394
3867 1698495966450
3868 1698495966520
3869 1698495966584
3870 1698495966642
3871 1698495966696
3872 1698495966758
3873 1698495966822
3874 1698495966884
3875 1698495966934
3876 1698495966997
3877 1698495967068
3878 1698495967125
3879 1698495967181
3880 1698495967245
3881 1698495967305
3882 1698495967366
3883 1698495967419
3884 1698495967482
3885 1698495967545
3886 1698495967610
3887 1698495967663
3888 1698495967725
3889 1698495967789
3890 1698495967850
3891 1698495967904
3892 1698495967964
3893 1698495968028
3894 1698495968094
3895 1698495968148
3896 1698495968208
3897 1698495968274
3898 1698495968344
3899 1698495968388
3900 1698495968447
3901 1698495968513
3902 1698495968573
3903 1698495968636
3904 1698495968692
3905 1698495968751
3906 1698495968812
3907 1698495968877
3908 1698495968936
3909 1698495968990
3910 1698495969051
3911 1698495969117
3912 1698495969181
3913 1698495969242
3914 1698495969302
3915 1698495969355
3916 1698495969416
3917 1698495969481
3918 1698495969541
3919 1698495969601
3920 1698495969660
3921 1698495969721
3922 1698495969780
3923 1698495969842
3924 1698495969904
3925 1698495969963
3926 1698495970025
3927 1698495970083
3928 1698495970140
3929 1698495970203
3930 1698495970266
3931 1698495970331
3932 1698495970388
3933 1698495970449
3934 1698495970507
3935 1698495970563
3936 1698495970629
3937 1698495970694
3938 1698495970749
3939 1698495970807
3940 1698495970870
3941 1698495970932
3942 1698495970994
3943 1698495971048
3944 1698495971110
3945 1698495971170
3946 1698495971233
3947 1698495971295
3948 1698495971354
3949 1698495971414
3950 1698495971473
3951 1698495971536
3952 1698495971594
3953 1698495971654
3954 1698495971719
3955 1698495971778
3956 1698495971839
3957 1698495971900
3958 1698495971959
3959 1698495972018
3960 1698495972078
3961 1698495972139
3962 1698495972198
3963 1698495972263
3964 1698495972326
3965 1698495972384
3966 1698495972440
3967 1698495972499
3968 1698495972564
3969 1698495972636
3970 1698495972684
3971 1698495972740
3972 1698495972808
3973 1698495972870
3974 1698495972930
3975 1698495972984
3976 1698495973046
3977 1698495973112
3978 1698495973170
3979 1698495973224
3980 1698495973291
3981 1698495973352
3982 1698495973413
3983 1698495973467
3984 1698495973530
3985 1698495973596
3986 1698495973653
3987 1698495973708
3988 1698495973768
3989 1698495973837
3990 1698495973897
3991 1698495973952
3992 1698495974012
3993 1698495974078
3994 1698495974145
3995 1698495974192
3996 1698495974258
3997 1698495974319
3998 1698495974392
3999 1698495974435
4000 1698495974497
4001 1698495974560
4002 1698495974621
4003 1698495974676
4004 1698495974738
4005 1698495974820
4006 1698495974860
4007 1698495974919
4008 1698495974987
4009 1698495975045
4010 1698495975106
4011 1698495975160
4012 1698495975222
4013 1698495975286
4014 1698495975346
4015 1698495975403
4016 1698495975463
4017 1698495975531
4018 1698495975590
4019 1698495975645
4020 1698495975710
4021 1698495975770
4022 1698495975829
4023 1698495975887
4024 1698495975946
4025 1698495976013
4026 1698495976074
4027 1698495976130
4028 1698495976189
4029 1698495976251
4030 1698495976311
4031 1698495976373
4032 1698495976435
4033 1698495976497
4034 1698495976554
4035 1698495976613
4036 1698495976676
4037 1698495976737
4038 1698495976797
4039 1698495976852
4040 1698495976914
4041 1698495976985
4042 1698495977041
4043 1698495977095
4044 1698495977154
4045 1698495977215
4046 1698495977280
4047 1698495977341
4048 1698495977397
4049 1698495977459
4050 1698495977527
4051 1698495977585
4052 1698495977645
4053 1698495977699
4054 1698495977764
4055 1698495977834
4056 1698495977886
4057 1698495977939
4058 1698495978009
4059 1698495978069
4060 1698495978130
4061 1698495978184
4062 1698495978246
4063 1698495978309
4064 1698495978371
4065 1698495978424
4066 1698495978493
4067 1698495978552
4068 1698495978613
4069 1698495978668
4070 1698495978729
4071 1698495978793
4072 1698495978852
4073 1698495978907
4074 1698495978969
4075 1698495979036
4076 1698495979097
4077 1698495979153
4078 1698495979212
4079 1698495979277
4080 1698495979338
4081 1698495979391
4082 1698495979453
4083 1698495979517
4084 1698495979580
4085 1698495979638
4086 1698495979698
4087 1698495979759
4088 1698495979818
4089 1698495979878
4090 1698495979937
4091 1698495980002
4092 1698495980065
4093 1698495980119
4094 1698495980181
4095 1698495980245
4096 1698495980306
4097 1698495980361
4098 1698495980420
4099 1698495980485
4100 1698495980546
4101 1698495980605
4102 1698495980665
4103 1698495980729
4104 1698495980790
4105 1698495980846
4106 1698495980906
4107 1698495980965
4108 1698495981023
4109 1698495981094
4110 1698495981152
4111 1698495981214
4112 1698495981275
4113 1698495981333
4114 1698495981391
4115 1698495981449
4116 1698495981509
4117 1698495981572
4118 1698495981638
4119 1698495981697
4120 1698495981757
4121 1698495981813
4122 1698495981875
4123 1698495981937
4124 1698495981998
4125 1698495982052
4126 1698495982117
4127 1698495982181
4128 1698495982242
4129 1698495982296
4130 1698495982361
4131 1698495982423
4132 1698495982475
4133 1698495982534
4134 1698495982594
4135 1698495982659
4136 1698495982725
4137 1698495982785
4138 1698495982843
4139 1698495982905
4140 1698495982960
4141 1698495983024
4142 1698495983084
4143 1698495983150
4144 1698495983208
4145 1698495983267
4146 1698495983328
4147 1698495983386
4148 1698495983445
4149 1698495983506
4150 1698495983566
4151 1698495983629
4152 1698495983694
4153 1698495983748
4154 1698495983812
4155 1698495983875
4156 1698495983934
4157 1698495983987
4158 1698495984047
4159 1698495984116
4160 1698495984174
4161 1698495984234
4162 1698495984291
4163 1698495984357
4164 1698495984420
4165 1698495984472
4166 1698495984535
4167 1698495984596
4168 1698495984658
4169 1698495984711
4170 1698495984777
4171 1698495984842
4172 1698495984907
4173 1698495984956
4174 1698495985018
4175 1698495985081
4176 1698495985143
4177 1698495985196
4178 1698495985262
4179 1698495985328
4180 1698495985387
4181 1698495985440
4182 1698495985504
4183 1698495985564
4184 1698495985626
4185 1698495985680
4186 1698495985745
4187 1698495985810
4188 1698495985876
4189 1698495985924
4190 1698495985983
4191 1698495986049
4192 1698495986110
4193 1698495986166
4194 1698495986225
4195 1698495986299
4196 1698495986354
4197 1698495986407
4198 1698495986469
4199 1698495986531
4200 1698495986590
4201 1698495986652
4202 1698495986710
4203 1698495986770
4204 1698495986834
4205 1698495986894
4206 1698495986956
4207 1698495987015
4208 1698495987072
4209 1698495987132
4210 1698496026446
4211 1698496026499
4212 1698496026562
4213 1698496026616
4214 1698496026675
4215 1698496026741
4216 1698496026809
4217 1698496026856
4218 1698496026923
4219 1698496026984
4220 1698496027042
4221 1698496027103
4222 1698496027163
4223 1698496027223
4224 1698496027284
4225 1698496027344
4226 1698496027407
4227 1698496027468
4228 1698496027528
4229 1698496027587
4230 1698496027646
4231 1698496027707
4232 1698496027767
4233 1698496027827
4234 1698496027886
4235 1698496027953
4236 1698496028014
4237 1698496028073
4238 1698496028134
4239 1698496028190
4240 1698496028249
4241 1698496028312
4242 1698496028372
4243 1698496028437
4244 1698496028496
4245 1698496028555
4246 1698496028619
4247 1698496028676
4248 1698496028733
4249 1698496028793
4250 1698496028858
4251 1698496028920
4252 1698496028976
4253 1698496029041
4254 1698496029101
4255 1698496029163
4256 1698496029222
4257 1698496029275
4258 1698496029336
4259 1698496029401
4260 1698496029462
4261 1698496029520
4262 1698496029582
4263 1698496029646
4264 1698496029707
4265 1698496029760
4266 1698496029824
4267 1698496029884
4268 1698496029942
4269 1698496030004
4270 1698496030070
4271 1698496030133
4272 1698496030187
4273 1698496030245
4274 1698496030311
4275 1698496030369
4276 1698496030429
4277 1698496030488
4278 1698496030552
4279 1698496030613
4280 1698496030673
4281 1698496030731
4282 1698496030793
4283 1698496030853
4284 1698496030912
4285 1698496030967
4286 1698496031033
4287 1698496031097
4288 1698496031158
4289 1698496031212
4290 1698496031272
4291 1698496031339
4292 1698496031398
4293 1698496031451
4294 1698496031511
4295 1698496031575
4296 1698496031645
4297 1698496031708
4298 1698496031756
4299 1698496031815
4300 1698496031881
4301 1698496031946
4302 1698496032008
4303 1698496032056
4304 1698496032123
4305 1698496032185
4306 1698496032246
4307 1698496032301
4308 1698496032367
4309 1698496032427
4310 1698496032487
4311 1698496032543
4312 1698496032608
4313 1698496032671
4314 1698496032728
4315 1698496032784
4316 1698496032845
4317 1698496032909
4318 1698496032970
4319 1698496033026
4320 1698496033086
4321 1698496033152
4322 1698496033213
4323 1698496033273
4324 1698496033333
4325 1698496033392
4326 1698496033453
4327 1698496033513
4328 1698496033572
4329 1698496033637
4330 1698496033695
4331 1698496033753
4332 1698496033816
4333 1698496033879
4334 1698496033938
4335 1698496033992
4336 1698496034056
4337 1698496034117
4338 1698496034178
4339 1698496034241
4340 1698496034302
4341 1698496034362
4342 1698496034421
4343 1698496034475
4344 1698496034539
4345 1698496034604
4346 1698496034664
4347 1698496034720
4348 1698496034785
4349 1698496034846
4350 1698496034914
4351 1698496034960
4352 1698496035025
4353 1698496035087
4354 1698496035146
4355 1698496035205
4356 1698496035269
4357 1698496035334
4358 1698496035400
4359 1698496035443
4360 1698496035506
4361 1698496035570
4362 1698496035630
4363 1698496035685
4364 1698496035752
4365 1698496035813
4366 1698496035873
4367 1698496035929
4368 1698496035990
4369 1698496036050
4370 1698496036109
4371 1698496036170
4372 1698496036238
4373 1698496036297
4374 1698496036357
4375 1698496036412
4376 1698496036472
4377 1698496036539
4378 1698496036599
4379 1698496036652
4380 1698496036713
4381 1698496036782
4382 1698496036842
4383 1698496036895
4384 1698496036956
4385 1698496037022
4386 1698496037085
4387 1698496037137
4388 1698496037196
4389 1698496037268
4390 1698496037326
4391 1698496037382
4392 1698496037441
4393 1698496037507
4394 1698496037579
4395 1698496037622
4396 1698496037679
4397 1698496037741
4398 1698496037809
4399 1698496037866
4400 1698496037926
4401 1698496037989
4402 1698496038051
4403 1698496038104
4404 1698496038165
4405 1698496038233
4406 1698496038291
4407 1698496038348
4408 1698496038409
4409 1698496038474
4410 1698496038535
4411 1698496038588
4412 1698496038647
4413 1698496038713
4414 1698496038774
4415 1698496038828
4416 1698496038891
4417 1698496038953
4418 1698496039016
4419 1698496039073
4420 1698496039133
4421 1698496039197
4422 1698496039259
4423 1698496039313
4424 1698496039377
4425 1698496039441
4426 1698496039507
4427 1698496039555
4428 1698496039616
4429 1698496039682
4430 1698496039742
4431 1698496039795
4432 1698496039856
4433 1698496039925
4434 1698496039986
4435 1698496040041
4436 1698496040100
4437 1698496040166
4438 1698496040226
4439 1698496040282
4440 1698496040345
4441 1698496040409
4442 1698496040471
4443 1698496040524
4444 1698496040585
4445 1698496040648
4446 1698496040708
4447 1698496040764
4448 1698496040827
4449 1698496040890
4450 1698496040950
4451 1698496041008
4452 1698496041073
4453 1698496041134
4454 1698496041194
4455 1698496041248
4456 1698496041311
4457 1698496041374
4458 1698496041434
4459 1698496041497
4460 1698496041555
4461 1698496041617
4462 1698496041677
4463 1698496041733
4464 1698496041795
4465 1698496041859
4466 1698496041919
4467 1698496041976
4468 1698496042039
4469 1698496042101
4470 1698496042162
4471 1698496042216
4472 1698496042280
4473 1698496042343
4474 1698496042410
4475 1698496042455
4476 1698496042521
4477 1698496042584
4478 1698496042645
4479 1698496042701
4480 1698496042761
4481 1698496042822
4482 1698496042882
4483 1698496042942
4484 1698496043004
4485 1698496043065
4486 1698496043124
4487 1698496043188
4488 1698496043250
4489 1698496043310
4490 1698496043363
4491 1698496043424
4492 1698496043488
4493 1698496043554
4494 1698496043609
4495 1698496043668
4496 1698496043732
4497 1698496043795
4498 1698496043851
4499 1698496043907
4500 1698496043969
4501 1698496044031
4502 1698496044095
4503 1698496044156
4504 1698496044216
4505 1698496044276
4506 1698496044332
4507 1698496044391
4508 1698496044457
4509 1698496044519
4510 1698496044576
4511 1698496044636
4512 1698496044697
4513 1698496044760
4514 1698496044818
4515 1698496044876
4516 1698496044938
4517 1698496045018
4518 1698496045064
4519 1698496045119
4520 1698496045179
4521 1698496045239
4522 1698496045306
4523 1698496045371
4524 1698496045421
4525 1698496045481
4526 1698496045541
4527 1698496045607
4528 1698496045669
4529 1698496045730
4530 1698496045784
4531 1698496045846
4532 1698496045907
4533 1698496045966
4534 1698496046024
4535 1698496046085
4536 1698496046154
4537 1698496046217
4538 1698496046269
4539 1698496046328
4540 1698496046394
4541 1698496046454
4542 1698496046508
4543 1698496046567
4544 1698496046627
4545 1698496046698
4546 1698496046759
4547 1698496046818
4548 1698496046872
4549 1698496046933
4550 1698496046997
4551 1698496047058
4552 1698496047118
4553 1698496047176
4554 1698496047242
4555 1698496047302
4556 1698496047357
4557 1698496047415
4558 1698496047475
4559 1698496047538
4560 1698496047601
4561 1698496047662
4562 1698496047724
4563 1698496047785
4564 1698496047845
4565 1698496047905
4566 1698496047964
4567 1698496048024
4568 1698496048084
4569 1698496048140
4570 1698496048209
4571 1698496048270
4572 1698496048330
4573 1698496048384
4574 1698496048447
4575 1698496048515
4576 1698496048577
4577 1698496048630
4578 1698496048689
4579 1698496048755
4580 1698496048813
4581 1698496048868
4582 1698496048930
4583 1698496048995
4584 1698496049067
4585 1698496049108
4586 1698496049167
4587 1698496049228
4588 1698496049297
4589 1698496049358
4590 1698496049419
4591 1698496049475
4592 1698496049535
4593 1698496049593
4594 1698496049655
4595 1698496049716
4596 1698496049781
4597 1698496049835
4598 1698496049899
4599 1698496049963
4600 1698496050024
4601 1698496050076
4602 1698496050139
4603 1698496050200
4604 1698496050259
4605 1698496050319
4606 1698496050381
4607 1698496050445
4608 1698496050507
4609 1698496050559
4610 1698496050620
4611 1698496050688
4612 1698496050754
4613 1698496050808
4614 1698496050865
4615 1698496050927
4616 1698496050991
4617 1698496051045
4618 1698496051104
4619 1698496051165
4620 1698496051224
4621 1698496051289
4622 1698496051353
4623 1698496051414
4624 1698496051468
4625 1698496051534
4626 1698496051595
4627 1698496051649
4628 1698496051708
4629 1698496051769
4630 1698496051833
4631 1698496051904
4632 1698496051963
4633 1698496052012
4634 1698496052077
4635 1698496052138
4636 1698496052192
4637 1698496052251
4638 1698496052316
4639 1698496052382
4640 1698496052443
4641 1698496052495
4642 1698496052559
4643 1698496052622
4644 1698496052683
4645 1698496052736
4646 1698496052799
4647 1698496052863
4648 1698496052935
4649 1698496052980
4650 1698496053041
4651 1698496053105
4652 1698496053187
4653 1698496053219
4654 1698496053280
4655 1698496053346
4656 1698496053411
4657 1698496053464
4658 1698496053524
4659 1698496053591
4660 1698496053650
4661 1698496053704
4662 1698496053764
4663 1698496053831
4664 1698496053894
4665 1698496053950
4666 1698496054007
4667 1698496054069
4668 1698496054134
4669 1698496054190
4670 1698496054247
4671 1698496054310
4672 1698496054375
4673 1698496054428
4674 1698496054491
4675 1698496054554
4676 1698496054625
4677 1698496054674
4678 1698496054732
4679 1698496054795
4680 1698496054858
4681 1698496054914
4682 1698496054976
4683 1698496055042
4684 1698496055104
4685 1698496055156
4686 1698496055216
4687 1698496055282
4688 1698496055351
4689 1698496055397
4690 1698496055456
4691 1698496055526
4692 1698496055587
4693 1698496055641
4694 1698496055701
4695 1698496055765
4696 1698496055827
4697 1698496055880
4698 1698496055941
4699 1698496056018
4700 1698496056070
4701 1698496056129
4702 1698496056183
4703 1698496056244
4704 1698496056309
4705 1698496056371
4706 1698496056429
4707 1698496056489
4708 1698496056551
4709 1698496056607
4710 1698496056668
4711 1698496056727
4712 1698496056787
4713 1698496056853
4714 1698496056912
4715 1698496056973
4716 1698496057033
4717 1698496057092
4718 1698496057160