1 1 1698495525498
2 1 1698495525586
3 1 1698495525602
4 1 1698495525639
5 1 1698495525670
6 1 1698495525707
7 1 1698495525738
8 1 1698495525771
9 1 1698495525806
10 1 1698495525839
11 1 1698495525883
12 1 1698495525934
13 1 1698495526005
14 1 1698495526056
15 1 1698495526104
16 1 1698495526156
17 1 1698495526197
18 1 1698495526237
19 1 1698495526296
20 1 1698495526357
21 1 1698495526407
22 1 1698495526478
23 1 1698495526526
24 1 1698495526572
25 1 1698495526621
26 1 1698495526678
27 1 1698495526730
28 1 1698495526774
29 1 1698495526828
30 1 1698495526874
31 1 1698495526924
32 1 1698495526984
33 1 1698495527027
34 1 1698495527079
35 1 1698495527127
36 1 1698495527179
37 1 1698495527235
38 1 1698495527277
39 1 1698495527332
40 1 1698495527378
41 1 1698495527433
42 1 1698495527482
43 1 1698495527527
44 1 1698495527579
45 1 1698495527627
46 1 1698495527684
47 1 1698495527732
48 1 1698495527781
49 1 1698495527832
50 1 1698495527881
51 1 1698495527939
52 1 1698495527983
53 1 1698495528038
54 1 1698495528083
55 1 1698495528130
56 1 1698495528183
57 1 1698495528231
58 1 1698495528283
59 1 1698495528335
60 1 1698495528383
61 1 1698495528434
62 1 1698495528482
63 1 1698495528534
64 1 1698495528586
65 1 1698495528635
66 1 1698495528688
67 1 1698495528736
68 1 1698495528788
69 1 1698495528840
70 1 1698495528887
71 1 1698495528939
72 1 1698495528988
73 1 1698495529041
74 1 1698495529093
75 1 1698495529142
76 1 1698495529193
77 1 1698495529241
78 1 1698495529291
79 1 1698495529343
80 1 1698495529392
81 1 1698495529445
82 1 1698495529493
83 1 1698495529544
84 1 1698495529596
85 1 1698495529644
86 1 1698495529696
87 1 1698495529744
88 1 1698495529797
89 1 1698495529849
90 1 1698495529896
91 1 1698495529947
92 1 1698495529996
93 1 1698495530048
94 1 1698495530101
95 1 1698495530148
96 1 1698495530201
97 1 1698495530249
98 1 1698495530300
99 1 1698495530349
100 1 1698495530401
101 1 1698495530453
102 1 1698495530500
103 1 1698495530552
104 1 1698495530601
105 1 1698495530652
106 1 1698495530705
107 1 1698495530756
108 1 1698495530808
109 1 1698495530852
110 1 1698495530903
111 1 1698495530955
112 1 1698495531007
113 1 1698495531061
114 1 1698495531107
115 1 1698495531155
116 1 1698495531208
117 1 1698495531256
118 1 1698495531309
119 1 1698495531357
120 1 1698495531409
121 1 1698495531460
122 1 1698495531507
123 1 1698495531561
124 1 1698495531609
125 1 1698495531661
126 1 1698495531714
127 1 1698495531761
128 1 1698495531813
129 1 1698495531862
130 1 1698495531914
131 1 1698495531965
132 1 1698495532014
133 1 1698495532065
134 1 1698495532113
135 1 1698495532166
136 1 1698495532218
137 1 1698495532266
138 1 1698495532318
139 1 1698495532366
140 1 1698495532418
141 1 1698495532469
142 1 1698495532517
143 1 1698495532570
144 1 1698495532618
145 1 1698495532670
146 1 1698495532721
147 1 1698495532770
148 1 1698495532821
149 1 1698495532869
150 1 1698495532921
151 1 1698495532969
152 1 1698495533021
153 1 1698495533074
154 1 1698495533123
155 1 1698495533173
156 1 1698495533222
157 1 1698495533273
158 1 1698495533326
159 1 1698495533373
160 1 1698495533426
161 1 1698495533474
162 1 1698495533526
163 1 1698495533579
164 1 1698495533626
165 1 1698495533677
166 1 1698495533726
167 1 1698495533777
168 1 1698495533833
169 1 1698495533880
170 1 1698495533928
171 1 1698495533974
172 1 1698495534027
173 1 1698495534085
174 1 1698495534132
175 1 1698495534185
176 1 1698495534227
177 1 1698495534285
178 1 1698495534337
179 1 1698495534384
180 1 1698495534431
181 1 1698495534480
182 1 1698495534536
183 1 1698495534590
184 1 1698495534636
185 1 1698495534683
186 1 1698495534732
187 1 1698495534789
188 1 1698495534840
189 1 1698495534888
190 1 1698495534936
191 1 1698495534983
192 1 1698495535040
193 1 1698495535094
194 1 1698495535138
195 1 1698495535187
196 1 1698495535236
197 1 1698495535292
198 1 1698495535344
199 1 1698495535395
200 1 1698495535438
201 1 1698495535487
202 1 1698495535545
203 1 1698495535593
204 1 1698495535641
205 1 1698495535691
206 1 1698495535740
207 1 1698495535795
208 1 1698495535845
209 1 1698495535894
210 1 1698495535942
211 1 1698495535991
212 1 1698495536045
213 1 1698495536098
214 1 1698495536152
215 1 1698495536195
216 1 1698495536243
217 1 1698495536302
218 1 1698495536349
219 1 1698495536398
220 1 1698495536448
221 1 1698495536496
222 1 1698495536549
223 1 1698495536596
224 1 1698495536649
225 1 1698495536702
226 1 1698495536751
227 1 1698495536803
228 1 1698495536851
229 1 1698495536902
230 1 1698495536952
231 1 1698495536999
232 1 1698495537052
233 1 1698495537102
234 1 1698495537155
235 1 1698495537208
236 1 1698495537256
237 1 1698495537305
238 1 1698495537352
239 1 1698495537404
240 1 1698495537459
241 1 1698495537510
242 1 1698495537560
243 1 1698495537604
244 1 1698495537655
245 1 1698495537708
246 1 1698495537759
247 1 1698495537812
248 1 1698495537856
249 1 1698495537907
250 1 1698495537960
251 1 1698495538009
252 1 1698495538061
253 1 1698495538109
254 1 1698495538162
255 1 1698495538209
256 1 1698495538261
257 1 1698495538314
258 1 1698495538362
259 1 1698495538414
260 1 1698495538462
261 1 1698495538514
262 1 1698495538566
263 1 1698495538614
264 1 1698495538666
265 1 1698495538713
266 1 1698495538766
267 1 1698495538818
268 1 1698495538865
269 1 1698495538918
270 1 1698495538965
271 1 1698495539018
272 1 1698495539070
273 1 1698495539118
274 1 1698495539169
275 1 1698495539218
276 1 1698495539270
277 1 1698495539323
278 1 1698495539370
279 1 1698495539422
280 1 1698495539470
281 1 1698495539521
282 1 1698495539574
283 1 1698495539621
284 1 1698495539674
285 1 1698495539722
286 1 1698495539774
287 1 1698495539826
288 1 1698495539873
289 1 1698495539925
290 1 1698495539974
291 1 1698495540026
292 1 1698495540079
293 1 1698495540126
294 1 1698495540175
295 1 1698495540222
296 1 1698495540276
297 1 1698495540332
298 1 1698495540379
299 1 1698495540427
300 1 1698495540477
301 1 1698495540534
302 1 1698495540592
303 1 1698495540629
304 1 1698495540679
305 1 1698495540730
306 1 1698495540785
307 1 1698495540832
308 1 1698495540880
309 1 1698495540932
310 1 1698495540980
311 1 1698495541032
312 1 1698495541086
313 1 1698495541136
314 1 1698495541189
315 1 1698495541232
316 1 1698495541284
317 1 1698495541334
318 1 1698495541386
319 1 1698495541438
320 1 1698495541486
321 1 1698495541539
322 1 1698495541583
323 1 1698495541636
324 1 1698495541691
325 1 1698495541740
326 1 1698495541793
327 1 1698495541835
328 1 1698495541887
329 1 1698495541945
330 1 1698495541997
331 1 1698495542042
332 1 1698495542087
333 1 1698495542140
334 1 1698495542194
335 1 1698495542244
336 1 1698495542296
337 1 1698495542344
338 1 1698495542391
339 1 1698495542443
340 1 1698495542496
341 1 1698495542548
342 1 1698495542604
343 1 1698495542643
344 1 1698495542695
345 1 1698495542748
346 1 1698495542802
347 1 1698495542848
348 1 1698495542896
349 1 1698495542948
350 1 1698495542996
351 1 1698495543049
352 1 1698495543099
353 1 1698495543151
354 1 1698495543202
355 1 1698495543247
356 1 1698495543300
357 1 1698495543350
358 1 1698495543402
359 1 1698495543450
360 1 1698495543503
361 1 1698495543556
362 1 1698495543604
363 1 1698495543651
364 1 1698495543699
365 1 1698495543753
366 1 1698495543806
367 1 1698495543854
368 1 1698495543906
369 1 1698495543955
370 1 1698495544006
371 1 1698495544055
372 1 1698495544103
373 1 1698495544159
374 1 1698495544210
375 1 1698495544257
376 1 1698495544308
377 1 1698495544357
378 1 1698495544409
379 1 1698495544457
380 1 1698495544511
381 1 1698495544562
382 1 1698495544611
383 1 1698495544662
384 1 1698495544709
385 1 1698495544763
386 1 1698495544814
387 1 1698495544862
388 1 1698495544914
389 1 1698495544963
390 1 1698495545014
391 1 1698495545067
392 1 1698495545117
393 1 1698495545170
394 1 1698495545214
395 1 1698495545267
396 1 1698495545321
397 1 1698495545369
398 1 1698495545416
399 1 1698495545463
400 1 1698495545515
401 1 1698495545572
402 1 1698495545624
403 1 1698495545669
404 1 1698495545715
405 1 1698495545769
406 1 1698495545825
407 1 1698495545870
408 1 1698495545919
409 1 1698495545968
410 1 1698495546022
411 1 1698495546069
412 1 1698495546122
413 1 1698495546174
414 1 1698495546221
415 1 1698495546274
416 1 1698495546322
417 1 1698495546374
418 1 1698495546426
419 1 1698495546474
420 1 1698495546526
421 1 1698495546574
422 1 1698495546623
423 1 1698495546674
424 1 1698495546724
425 1 1698495546780
426 1 1698495546833
427 1 1698495546878
428 1 1698495546927
429 1 1698495546977
430 1 1698495547031
431 1 1698495547079
432 1 1698495547128
433 1 1698495547179
434 1 1698495547228
435 1 1698495547284
436 1 1698495547333
437 1 1698495547385
438 1 1698495547433
439 1 1698495547479
440 1 1698495547533
441 1 1698495547585
442 1 1698495547638
443 1 1698495547683
444 1 1698495547731
445 1 1698495547787
446 1 1698495547841
447 1 1698495547889
448 1 1698495547935
449 1 1698495547984
450 1 1698495548035
451 1 1698495548084
452 1 1698495548138
453 1 1698495548190
454 1 1698495548240
455 1 1698495548288
456 1 1698495548337
457 1 1698495548389
458 1 1698495548441
459 1 1698495548489
460 1 1698495548543
461 1 1698495548593
462 1 1698495548648
463 1 1698495548692
464 1 1698495548740
465 1 1698495548796
466 1 1698495548846
467 1 1698495548895
468 1 1698495548939
469 1 1698495548992
470 1 1698495549047
471 1 1698495549097
472 1 1698495549145
473 1 1698495549190
474 1 1698495549244
475 1 1698495549301
476 1 1698495549350
477 1 1698495549400
478 1 1698495549448
479 1 1698495549495
480 1 1698495549550
481 1 1698495549601
482 1 1698495549654
483 1 1698495549696
484 1 1698495549748
485 1 1698495549804
486 1 1698495549859
487 1 1698495549903
488 1 1698495549947
489 1 1698495550002
490 1 1698495550057
491 1 1698495550105
492 1 1698495550152
493 1 1698495550200
494 1 1698495550252
495 1 1698495550304
496 1 1698495550355
497 1 1698495550408
498 1 1698495550457
499 1 1698495550504
500 1 1698495550557
501 1 1698495550608
502 1 1698495550662
503 1 1698495550704
504 1 1698495550755
505 1 1698495550809
506 1 1698495550861
507 1 1698495550911
508 1 1698495550959
509 1 1698495551012
510 1 1698495551063
511 1 1698495551109
512 1 1698495551160
513 1 1698495551209
514 1 1698495551263
515 1 1698495551316
516 1 1698495551360
517 1 1698495551412
518 1 1698495551460
519 1 1698495551514
520 1 1698495551564
521 1 1698495551618
522 1 1698495551667
523 1 1698495551711
524 1 1698495551763
525 1 1698495551817
526 1 1698495551871
527 1 1698495551919
528 1 1698495551963
529 1 1698495552016
530 1 1698495552065
531 1 1698495552117
532 1 1698495552170
533 1 1698495552219
534 1 1698495552273
535 1 1698495552316
536 1 1698495552368
537 1 1698495552423
538 1 1698495552474
539 1 1698495552521
540 1 1698495552569
541 1 1698495552621
542 1 1698495552674
543 1 1698495552722
544 1 1698495552771
545 1 1698495552819
546 1 1698495552876
547 1 1698495552941
548 1 1698495552983
549 1 1698495553030
550 1 1698495553078
551 1 1698495553130
552 1 1698495553181
553 1 1698495553229
554 1 1698495553288
555 2 1698495578362
556 2 1698495578421
557 2 1698495578484
558 2 1698495578548
559 2 1698495578600
560 2 1698495578659
561 2 1698495578723
562 2 1698495578785
563 2 1698495578846
564 2 1698495578900
565 2 1698495578963
566 2 1698495579026
567 2 1698495579089
568 2 1698495579149
569 2 1698495579204
570 2 1698495579265
571 2 1698495579329
572 2 1698495579388
573 2 1698495579448
574 2 1698495579511
575 2 1698495579598
576 2 1698495579628
577 2 1698495579687
578 2 1698495579754
579 2 1698495579814
580 2 1698495579876
581 2 1698495579928
582 2 1698495579994
583 2 1698495580056
584 2 1698495580120
585 2 1698495580172
586 2 1698495580237
587 2 1698495580304
588 2 1698495580357
589 2 1698495580414
590 2 1698495580474
591 2 1698495580544
592 2 1698495580610
593 2 1698495580655
594 2 1698495580716
595 2 1698495580781
596 2 1698495580845
597 2 1698495580897
598 2 1698495580957
599 2 1698495581026
600 2 1698495581092
601 2 1698495581140
602 2 1698495581199
603 2 1698495581259
604 2 1698495581326
605 2 1698495581385
606 2 1698495581441
607 2 1698495581502
608 2 1698495581567
609 2 1698495581627
610 2 1698495581684
611 2 1698495581755
612 2 1698495581809
613 2 1698495581865
614 2 1698495581924
615 2 1698495581985
616 2 1698495582050
617 2 1698495582109
618 2 1698495582172
619 2 1698495582233
620 2 1698495582290
621 2 1698495582347
622 2 1698495582409
623 2 1698495582475
624 2 1698495582534
625 2 1698495582592
626 2 1698495582654
627 2 1698495582723
628 2 1698495582782
629 2 1698495582831
630 2 1698495582893
631 2 1698495582958
632 2 1698495583018
633 2 1698495583072
634 2 1698495583137
635 2 1698495583207
636 2 1698495583273
637 2 1698495583316
638 2 1698495583375
639 2 1698495583453
640 2 1698495583502
641 2 1698495583557
642 2 1698495583624
643 2 1698495583687
644 2 1698495583746
645 2 1698495583799
646 2 1698495583862
647 2 1698495583932
648 2 1698495583986
649 2 1698495584040
650 2 1698495584100
651 2 1698495584170
652 2 1698495584230
653 2 1698495584284
654 2 1698495584346
655 2 1698495584411
656 2 1698495584469
657 2 1698495584524
658 2 1698495584587
659 2 1698495584655
660 2 1698495584714
661 2 1698495584767
662 2 1698495584832
663 2 1698495584900
664 2 1698495584975
665 2 1698495585007
666 2 1698495585067
667 2 1698495585134
668 2 1698495585196
669 2 1698495585258
670 2 1698495585312
671 2 1698495585374
672 2 1698495585437
673 2 1698495585493
674 2 1698495585553
675 2 1698495585616
676 2 1698495585678
677 2 1698495585736
678 2 1698495585797
679 2 1698495585861
680 2 1698495585921
681 2 1698495585976
682 2 1698495586038
683 2 1698495586101
684 2 1698495586160
685 2 1698495586220
686 2 1698495586284
687 2 1698495586353
688 2 1698495586406
689 2 1698495586460
690 2 1698495586522
691 2 1698495586585
692 2 1698495586646
693 2 1698495586700
694 2 1698495586764
695 2 1698495586838
696 2 1698495586888
697 2 1698495586946
698 2 1698495587006
699 2 1698495587064
700 2 1698495587126
701 2 1698495587186
702 2 1698495587247
703 2 1698495587312
704 2 1698495587371
705 2 1698495587431
706 2 1698495587491
707 2 1698495587551
708 2 1698495587611
709 2 1698495587671
710 2 1698495587731
711 2 1698495587797
712 2 1698495587858
713 2 1698495587914
714 2 1698495587975
715 2 1698495588035
716 2 1698495588096
717 2 1698495588152
718 2 1698495588215
719 2 1698495588275
720 2 1698495588341
721 2 1698495588396
722 2 1698495588461
723 2 1698495588520
724 2 1698495588587
725 2 1698495588636
726 2 1698495588698
727 2 1698495588762
728 2 1698495588825
729 2 1698495588880
730 2 1698495588943
731 2 1698495589005
732 2 1698495589064
733 2 1698495589120
734 2 1698495589182
735 2 1698495589256
736 2 1698495589305
737 2 1698495589363
738 2 1698495589426
739 2 1698495589488
740 2 1698495589550
741 2 1698495589604
742 2 1698495589668
743 2 1698495589729
744 2 1698495589790
745 2 1698495589844
746 2 1698495589911
747 2 1698495589973
748 2 1698495590033
749 2 1698495590088
750 2 1698495590150
751 2 1698495590213
752 2 1698495590273
753 2 1698495590328
754 2 1698495590391
755 2 1698495590469
756 2 1698495590518
757 2 1698495590573
758 2 1698495590633
759 2 1698495590698
760 2 1698495590758
761 2 1698495590814
762 2 1698495590873
763 2 1698495590939
764 2 1698495591001
765 2 1698495591056
766 2 1698495591117
767 2 1698495591182
768 2 1698495591241
769 2 1698495591296
770 2 1698495591358
771 2 1698495591428
772 2 1698495591490
773 2 1698495591540
774 2 1698495591601
775 2 1698495591665
776 2 1698495591726
777 2 1698495591780
778 2 1698495591839
779 2 1698495591902
780 2 1698495591968
781 2 1698495592029
782 2 1698495592083
783 2 1698495592144
784 2 1698495592208
785 2 1698495592269
786 2 1698495592331
787 2 1698495592389
788 2 1698495592444
789 2 1698495592510
790 2 1698495592575
791 2 1698495592633
792 2 1698495592692
793 2 1698495592748
794 2 1698495592807
795 2 1698495592868
796 2 1698495592935
797 2 1698495593013
798 2 1698495593053
799 2 1698495593111
800 2 1698495593176
801 2 1698495593237
802 2 1698495593298
803 2 1698495593352
804 2 1698495593415
805 2 1698495593479
806 2 1698495593541
807 2 1698495593596
808 2 1698495593657
809 2 1698495593719
810 2 1698495593779
811 2 1698495593840
812 2 1698495593899
813 2 1698495593968
814 2 1698495594026
815 2 1698495594080
816 2 1698495594143
817 2 1698495594212
818 2 1698495594265
819 2 1698495594321
820 2 1698495594384
821 2 1698495594445
822 2 1698495594504
823 2 1698495594564
824 2 1698495594626
825 2 1698495594689
826 2 1698495594749
827 2 1698495594804
828 2 1698495594865
829 2 1698495594937
830 2 1698495594992
831 2 1698495595045
832 2 1698495595112
833 2 1698495595175
834 2 1698495595234
835 2 1698495595288
836 2 1698495595349
837 2 1698495595425
838 2 1698495595471
839 2 1698495595528
840 2 1698495595593
841 2 1698495595657
842 2 1698495595717
843 2 1698495595776
844 2 1698495595837
845 2 1698495595893
846 2 1698495595953
847 2 1698495596015
848 2 1698495596076
849 2 1698495596142
850 2 1698495596200
851 2 1698495596260
852 2 1698495596319
853 2 1698495596379
854 2 1698495596439
855 2 1698495596499
856 2 1698495596559
857 2 1698495596624
858 2 1698495596684
859 2 1698495596744
860 2 1698495596804
861 2 1698495596871
862 2 1698495596924
863 2 1698495596984
864 2 1698495597043
865 2 1698495597104
866 2 1698495597163
867 2 1698495597228
868 2 1698495597288
869 2 1698495597350
870 2 1698495597404
871 2 1698495597465
872 2 1698495597530
873 2 1698495597589
874 2 1698495597649
875 2 1698495597709
876 2 1698495597772
877 2 1698495597863
878 2 1698495597894
879 2 1698495597947
880 2 1698495598008
881 2 1698495598075
882 2 1698495598133
883 2 1698495598193
884 2 1698495598257
885 2 1698495598316
886 2 1698495598375
887 2 1698495598436
888 2 1698495598495
889 2 1698495598556
890 2 1698495598615
891 2 1698495598676
892 2 1698495598738
893 2 1698495598800
894 2 1698495598860
895 2 1698495598916
896 2 1698495598975
897 2 1698495599042
898 2 1698495599107
899 2 1698495599156
900 2 1698495599219
901 2 1698495599286
902 2 1698495599347
903 2 1698495599401
904 2 1698495599460
905 2 1698495599524
906 2 1698495599585
907 2 1698495599645
908 2 1698495599705
909 2 1698495599769
910 2 1698495599829
911 2 1698495599884
912 2 1698495599949
913 2 1698495600010
914 2 1698495600069
915 2 1698495600124
916 2 1698495600184
917 2 1698495600249
918 2 1698495600313
919 2 1698495600370
920 2 1698495600429
921 2 1698495600492
922 2 1698495600553
923 2 1698495600608
924 2 1698495600670
925 2 1698495600732
926 2 1698495600797
927 2 1698495600854
928 2 1698495600914
929 2 1698495600977
930 2 1698495601037
931 2 1698495601093
932 2 1698495601152
933 2 1698495601217
934 2 1698495601277
935 2 1698495601338
936 2 1698495601398
937 2 1698495601460
938 2 1698495601522
939 2 1698495601578
940 2 1698495601638
941 2 1698495601702
942 2 1698495601771
943 2 1698495601820
944 2 1698495601879
945 2 1698495601939
946 2 1698495601999
947 2 1698495602065
948 2 1698495602124
949 2 1698495602195
950 2 1698495602239
951 2 1698495602305
952 2 1698495602371
953 2 1698495602437
954 2 1698495602484
955 2 1698495602543
956 2 1698495602610
957 2 1698495602675
958 2 1698495602729
959 2 1698495602786
960 2 1698495602848
961 2 1698495602920
962 2 1698495602972
963 2 1698495603028
964 2 1698495603089
965 2 1698495603160
966 2 1698495603215
967 2 1698495603267
968 2 1698495603329
969 2 1698495603399
970 2 1698495603458
971 2 1698495603513
972 2 1698495603572
973 2 1698495603642
974 2 1698495603697
975 2 1698495603758
976 2 1698495603814
977 2 1698495603874
978 2 1698495603937
979 2 1698495603998
980 2 1698495604059
981 2 1698495604120
982 2 1698495604180
983 2 1698495604236
984 2 1698495604297
985 2 1698495604360
986 2 1698495604425
987 2 1698495604480
988 2 1698495604541
989 2 1698495604603
990 2 1698495604663
991 2 1698495604723
992 2 1698495604783
993 2 1698495604851
994 2 1698495604903
995 2 1698495604967
996 2 1698495605028
997 2 1698495605085
998 2 1698495605146
999 2 1698495605209
1000 2 1698495605269
1001 3 1698495627385
1002 3 1698495627423
1003 3 1698495627484
1004 3 1698495627549
1005 3 1698495627609
1006 3 1698495627669
1007 3 1698495627723
1008 3 1698495627788
1009 3 1698495627852
1010 3 1698495627912
1011 3 1698495627968
1012 3 1698495628033
1013 3 1698495628093
1014 3 1698495628152
1015 3 1698495628209
1016 3 1698495628269
1017 3 1698495628333
1018 3 1698495628393
1019 3 1698495628455
1020 3 1698495628515
1021 3 1698495628576
1022 3 1698495628637
1023 3 1698495628697
1024 3 1698495628757
1025 3 1698495628816
1026 3 1698495628881
1027 3 1698495628935
1028 3 1698495628997
1029 3 1698495629061
1030 3 1698495629119
1031 3 1698495629177
1032 3 1698495629237
1033 3 1698495629302
1034 3 1698495629362
1035 3 1698495629419
1036 3 1698495629485
1037 3 1698495629544
1038 3 1698495629610
1039 3 1698495629660
1040 3 1698495629722
1041 3 1698495629784
1042 3 1698495629844
1043 3 1698495629905
1044 3 1698495629962
1045 3 1698495630023
1046 3 1698495630088
1047 3 1698495630149
1048 3 1698495630204
1049 3 1698495630262
1050 3 1698495630325
1051 3 1698495630388
1052 3 1698495630451
1053 3 1698495630507
1054 3 1698495630569
1055 3 1698495630632
1056 3 1698495630698
1057 3 1698495630746
1058 3 1698495630807
1059 3 1698495630873
1060 3 1698495630936
1061 3 1698495630993
1062 3 1698495631053
1063 3 1698495631117
1064 3 1698495631178
1065 3 1698495631237
1066 3 1698495631293
1067 3 1698495631353
1068 3 1698495631413
1069 3 1698495631481
1070 3 1698495631539
1071 3 1698495631599
1072 3 1698495631656
1073 3 1698495631715
1074 3 1698495631781
1075 3 1698495631842
1076 3 1698495631901
1077 3 1698495631955
1078 3 1698495632020
1079 3 1698495632097
1080 3 1698495632144
1081 3 1698495632201
1082 3 1698495632264
1083 3 1698495632323
1084 3 1698495632383
1085 3 1698495632443
1086 3 1698495632508
1087 3 1698495632564
1088 3 1698495632623
1089 3 1698495632685
1090 3 1698495632748
1091 3 1698495632809
1092 3 1698495632867
1093 3 1698495632923
1094 3 1698495632988
1095 3 1698495633053
1096 3 1698495633113
1097 3 1698495633167
1098 3 1698495633229
1099 3 1698495633294
1100 3 1698495633354
1101 3 1698495633406
1102 3 1698495633467
1103 3 1698495633537
1104 3 1698495633602
1105 3 1698495633653
1106 3 1698495633711
1107 3 1698495633777
1108 3 1698495633836
1109 3 1698495633893
1110 3 1698495633955
1111 3 1698495634014
1112 3 1698495634079
1113 3 1698495634139
1114 3 1698495634199
1115 3 1698495634260
1116 3 1698495634319
1117 3 1698495634376
1118 3 1698495634437
1119 3 1698495634497
1120 3 1698495634556
1121 3 1698495634623
1122 3 1698495634682
1123 3 1698495634742
1124 3 1698495634802
1125 3 1698495634862
1126 3 1698495634922
1127 3 1698495634982
1128 3 1698495635042
1129 3 1698495635106
1130 3 1698495635166
1131 3 1698495635226
1132 3 1698495635286
1133 3 1698495635346
1134 3 1698495635410
1135 3 1698495635485
1136 3 1698495635523
1137 3 1698495635583
1138 3 1698495635653
1139 3 1698495635725
1140 3 1698495635773
1141 3 1698495635829
1142 3 1698495635889
1143 3 1698495635950
1144 3 1698495636011
1145 3 1698495636071
1146 3 1698495636135
1147 3 1698495636195
1148 3 1698495636254
1149 3 1698495636312
1150 3 1698495636374
1151 3 1698495636434
1152 3 1698495636494
1153 3 1698495636554
1154 3 1698495636613
1155 3 1698495636678
1156 3 1698495636740
1157 3 1698495636800
1158 3 1698495636857
1159 3 1698495636917
1160 3 1698495636976
1161 3 1698495637037
1162 3 1698495637102
1163 3 1698495637161
1164 3 1698495637223
1165 3 1698495637284
1166 3 1698495637344
1167 3 1698495637404
1168 3 1698495637463
1169 3 1698495637519
1170 3 1698495637580
1171 3 1698495637645
1172 3 1698495637708
1173 3 1698495637764
1174 3 1698495637828
1175 3 1698495637887
1176 3 1698495637947
1177 3 1698495638003
1178 3 1698495638070
1179 3 1698495638127
1180 3 1698495638188
1181 3 1698495638252
1182 3 1698495638309
1183 3 1698495638369
1184 3 1698495638429
1185 3 1698495638491
1186 3 1698495638551
1187 3 1698495638613
1188 3 1698495638668
1189 3 1698495638728
1190 3 1698495638799
1191 3 1698495638856
1192 3 1698495638915
1193 3 1698495638971
1194 3 1698495639036
1195 3 1698495639096
1196 3 1698495639155
1197 3 1698495639211
1198 3 1698495639278
1199 3 1698495639341
1200 3 1698495639400
1201 3 1698495639456
1202 3 1698495639520
1203 3 1698495639596
1204 3 1698495639636
1205 3 1698495639695
1206 3 1698495639761
1207 3 1698495639824
1208 3 1698495639885
1209 3 1698495639939
1210 3 1698495640004
1211 3 1698495640065
1212 3 1698495640126
1213 3 1698495640180
1214 3 1698495640243
1215 3 1698495640313
1216 3 1698495640370
1217 3 1698495640423
1218 3 1698495640488
1219 3 1698495640548
1220 3 1698495640608
1221 3 1698495640662
1222 3 1698495640725
1223 3 1698495640790
1224 3 1698495640853
1225 3 1698495640908
1226 3 1698495640969
1227 3 1698495641030
1228 3 1698495641090
1229 3 1698495641150
1230 3 1698495641210
1231 3 1698495641272
1232 3 1698495641333
1233 3 1698495641392
1234 3 1698495641454
1235 3 1698495641516
1236 3 1698495641577
1237 3 1698495641634
1238 3 1698495641690
1239 3 1698495641757
1240 3 1698495641816
1241 3 1698495641876
1242 3 1698495641941
1243 3 1698495642001
1244 3 1698495642060
1245 3 1698495642117
1246 3 1698495642178
1247 3 1698495642238
1248 3 1698495642299
1249 3 1698495642359
1250 3 1698495642423
1251 3 1698495642483
1252 3 1698495642542
1253 3 1698495642601
1254 3 1698495642665
1255 3 1698495642724
1256 3 1698495642784
1257 3 1698495642842
1258 3 1698495642904
1259 3 1698495642980
1260 3 1698495643030
1261 3 1698495643083
1262 3 1698495643142
1263 3 1698495643202
1264 3 1698495643262
1265 3 1698495643323
1266 3 1698495643382
1267 3 1698495643446
1268 3 1698495643508
1269 3 1698495643569
1270 3 1698495643631
1271 3 1698495643689
1272 3 1698495643749
1273 3 1698495643808
1274 3 1698495643869
1275 3 1698495643931
1276 3 1698495643995
1277 3 1698495644055
1278 3 1698495644115
1279 3 1698495644175
1280 3 1698495644235
1281 3 1698495644297
1282 3 1698495644355
1283 3 1698495644415
1284 3 1698495644479
1285 3 1698495644539
1286 3 1698495644600
1287 3 1698495644658
1288 3 1698495644719
1289 3 1698495644780
1290 3 1698495644836
1291 3 1698495644895
1292 3 1698495644958
1293 3 1698495645026
1294 3 1698495645079
1295 3 1698495645139
1296 3 1698495645206
1297 3 1698495645266
1298 3 1698495645321
1299 3 1698495645383
1300 3 1698495645445
1301 3 1698495645508
1302 3 1698495645568
1303 3 1698495645623
1304 3 1698495645686
1305 3 1698495645749
1306 3 1698495645809
1307 3 1698495645869
1308 3 1698495645929
1309 3 1698495645989
1310 3 1698495646049
1311 3 1698495646108
1312 3 1698495646172
1313 3 1698495646233
1314 3 1698495646292
1315 3 1698495646350
1316 3 1698495646408
1317 3 1698495646470
1318 3 1698495646535
1319 3 1698495646590
1320 3 1698495646656
1321 3 1698495646717
1322 3 1698495646772
1323 3 1698495646831
1324 3 1698495646895
1325 3 1698495646955
1326 3 1698495647016
1327 3 1698495647076
1328 3 1698495647138
1329 3 1698495647216
1330 3 1698495647261
1331 3 1698495647316
1332 3 1698495647378
1333 3 1698495647441
1334 3 1698495647528
1335 3 1698495647555
1336 3 1698495647619
1337 3 1698495647682
1338 3 1698495647744
1339 3 1698495647799
1340 3 1698495647859
1341 3 1698495647925
1342 3 1698495647984
1343 3 1698495648044
1344 3 1698495648109
1345 3 1698495648169
1346 3 1698495648224
1347 3 1698495648288
1348 3 1698495648348
1349 3 1698495648408
1350 3 1698495648465
1351 3 1698495648525
1352 3 1698495648586
1353 3 1698495648649
1354 3 1698495648711
1355 3 1698495648771
1356 3 1698495648832
1357 3 1698495648893
1358 3 1698495648953
1359 3 1698495649009
1360 3 1698495649071
1361 3 1698495649130
1362 3 1698495649194
1363 3 1698495649255
1364 3 1698495649315
1365 3 1698495649375
1366 3 1698495649435
1367 3 1698495649495
1368 3 1698495649555
1369 3 1698495649615
1370 3 1698495649678
1371 3 1698495649739
1372 3 1698495649800
1373 3 1698495649860
1374 3 1698495649919
1375 3 1698495649977
1376 3 1698495650039
1377 3 1698495650101
1378 3 1698495650160
1379 3 1698495650219
1380 3 1698495650284
1381 3 1698495650345
1382 3 1698495650403
1383 3 1698495650461
1384 3 1698495650524
1385 3 1698495650597
1386 3 1698495650647
1387 3 1698495650704
1388 3 1698495650769
1389 3 1698495650829
1390 3 1698495650887
1391 3 1698495650945
1392 3 1698495651007
1393 3 1698495651070
1394 3 1698495651127
1395 3 1698495651187
1396 3 1698495651250
1397 3 1698495651312
1398 3 1698495651371
1399 3 1698495651431
1400 3 1698495651491
1401 3 1698495651551
1402 3 1698495651611
1403 3 1698495651669
1404 3 1698495651731
1405 3 1698495651803
1406 3 1698495651859
1407 3 1698495651917
1408 3 1698495651972
1409 3 1698495652035
1410 3 1698495652097
1411 3 1698495652156
1412 3 1698495652217
1413 3 1698495652289
1414 3 1698495652340
1415 3 1698495652396
1416 3 1698495652458
1417 3 1698495652521
1418 3 1698495652580
1419 3 1698495652637
1420 3 1698495652696
1421 3 1698495652756
1422 3 1698495652826
1423 3 1698495652885
1424 3 1698495652941
1425 3 1698495653001
1426 3 1698495653061
1427 3 1698495653122
1428 3 1698495653184
1429 3 1698495653243
1430 3 1698495653308
1431 3 1698495653365
1432 3 1698495653425
1433 3 1698495653488
1434 3 1698495653547
1435 3 1698495653604
1436 3 1698495653666
1437 3 1698495653729
1438 3 1698495653787
1439 3 1698495653849
1440 3 1698495653910
1441 3 1698495653969
1442 3 1698495654029
1443 3 1698495654090
1444 3 1698495654152
1445 3 1698495654212
1446 3 1698495654275
1447 3 1698495654327
1448 3 1698495654394
1449 3 1698495654456
1450 3 1698495654517
1451 3 1698495654573
1452 3 1698495654633
1453 3 1698495654694
1454 3 1698495654756
1455 3 1698495654817
1456 3 1698495654880
1457 3 1698495654942
1458 3 1698495655001
1459 3 1698495655055
1460 3 1698495655117
1461 3 1698495655181
1462 3 1698495655241
1463 3 1698495655296
1464 3 1698495655357
1465 3 1698495655428
1466 3 1698495655484
1467 3 1698495655541
1468 3 1698495655601
1469 3 1698495655663
1470 3 1698495655723
1471 3 1698495655783
1472 3 1698495655843
1473 3 1698495655907
1474 3 1698495655967
1475 3 1698495656025
1476 3 1698495656087
1477 3 1698495656148
1478 3 1698495656208
1479 3 1698495656264
1480 3 1698495656328
1481 3 1698495656387
1482 3 1698495656452
1483 3 1698495656509
1484 3 1698495656569
1485 3 1698495656631
1486 3 1698495656691
1487 3 1698495656750
1488 3 1698495656811
1489 3 1698495656872
1490 3 1698495656930
1491 3 1698495656993
1492 3 1698495657055
1493 3 1698495657117
1494 3 1698495657177
1495 3 1698495657231
1496 3 1698495657292
1497 3 1698495657358
1498 3 1698495657418
1499 3 1698495657477
1500 3 1698495657539
1501 3 1698495657601
1502 3 1698495657661
1503 3 1698495657716
1504 3 1698495657775
1505 3 1698495657842
1506 3 1698495657901
1507 3 1698495657956
1508 3 1698495658019
1509 3 1698495658087
1510 3 1698495658146
1511 3 1698495658199
1512 3 1698495658261
1513 3 1698495658325
1514 3 1698495658383
1515 3 1698495658441
1516 3 1698495658508
1517 3 1698495658569
1518 3 1698495658639
1519 3 1698495658683
1520 3 1698495658744
1521 3 1698495658810
1522 3 1698495658871
1523 3 1698495658925
1524 4 1698495684213
1525 4 1698495684271
1526 4 1698495684327
1527 4 1698495684379
1528 4 1698495684439
1529 4 1698495684505
1530 4 1698495684568
1531 4 1698495684625
1532 4 1698495684688
1533 4 1698495684749
1534 4 1698495684810
1535 4 1698495684864
1536 4 1698495684926
1537 4 1698495684990
1538 4 1698495685054
1539 4 1698495685107
1540 4 1698495685167
1541 4 1698495685233
1542 4 1698495685295
1543 4 1698495685350
1544 4 1698495685406
1545 4 1698495685472
1546 4 1698495685532
1547 4 1698495685598
1548 4 1698495685652
1549 4 1698495685713
1550 4 1698495685778
1551 4 1698495685839
1552 4 1698495685899
1553 4 1698495685952
1554 4 1698495686014
1555 4 1698495686076
1556 4 1698495686140
1557 4 1698495686197
1558 4 1698495686259
1559 4 1698495686320
1560 4 1698495686381
1561 4 1698495686437
1562 4 1698495686497
1563 4 1698495686563
1564 4 1698495686625
1565 4 1698495686685
1566 4 1698495686741
1567 4 1698495686802
1568 4 1698495686873
1569 4 1698495686919
1570 4 1698495686980
1571 4 1698495687050
1572 4 1698495687109
1573 4 1698495687164
1574 4 1698495687223
1575 4 1698495687288
1576 4 1698495687350
1577 4 1698495687404
1578 4 1698495687465
1579 4 1698495687527
1580 4 1698495687590
1581 4 1698495687648
1582 4 1698495687710
1583 4 1698495687772
1584 4 1698495687834
1585 4 1698495687887
1586 4 1698495687948
1587 4 1698495688010
1588 4 1698495688070
1589 4 1698495688130
1590 4 1698495688206
1591 4 1698495688257
1592 4 1698495688318
1593 4 1698495688371
1594 4 1698495688432
1595 4 1698495688498
1596 4 1698495688556
1597 4 1698495688613
1598 4 1698495688676
1599 4 1698495688740
1600 4 1698495688800
1601 4 1698495688857
1602 4 1698495688918
1603 4 1698495688984
1604 4 1698495689042
1605 4 1698495689096
1606 4 1698495689157
1607 4 1698495689230
1608 4 1698495689286
1609 4 1698495689340
1610 4 1698495689399
1611 4 1698495689461
1612 4 1698495689525
1613 4 1698495689581
1614 4 1698495689640
1615 4 1698495689705
1616 4 1698495689769
1617 4 1698495689826
1618 4 1698495689887
1619 4 1698495689948
1620 4 1698495690009
1621 4 1698495690064
1622 4 1698495690124
1623 4 1698495690190
1624 4 1698495690252
1625 4 1698495690309
1626 4 1698495690373
1627 4 1698495690434
1628 4 1698495690487
1629 4 1698495690548
1630 4 1698495690613
1631 4 1698495690673
1632 4 1698495690734
1633 4 1698495690794
1634 4 1698495690853
1635 4 1698495690916
1636 4 1698495690976
1637 4 1698495691036
1638 4 1698495691096
1639 4 1698495691164
1640 4 1698495691212
1641 4 1698495691275
1642 4 1698495691342
1643 4 1698495691402
1644 4 1698495691459
1645 4 1698495691516
1646 4 1698495691581
1647 4 1698495691641
1648 4 1698495691700
1649 4 1698495691756
1650 4 1698495691824
1651 4 1698495691893
1652 4 1698495691946
1653 4 1698495692000
1654 4 1698495692063
1655 4 1698495692125
1656 4 1698495692185
1657 4 1698495692242
1658 4 1698495692304
1659 4 1698495692368
1660 4 1698495692427
1661 4 1698495692485
1662 4 1698495692547
1663 4 1698495692609
1664 4 1698495692669
1665 4 1698495692724
1666 4 1698495692786
1667 4 1698495692864
1668 4 1698495692917
1669 4 1698495692968
1670 4 1698495693030
1671 4 1698495693089
1672 4 1698495693149
1673 4 1698495693209
1674 4 1698495693274
1675 4 1698495693332
1676 4 1698495693396
1677 4 1698495693452
1678 4 1698495693517
1679 4 1698495693577
1680 4 1698495693637
1681 4 1698495693694
1682 4 1698495693754
1683 4 1698495693817
1684 4 1698495693878
1685 4 1698495693935
1686 4 1698495694000
1687 4 1698495694061
1688 4 1698495694122
1689 4 1698495694176
1690 4 1698495694237
1691 4 1698495694296
1692 4 1698495694355
1693 4 1698495694425
1694 4 1698495694484
1695 4 1698495694545
1696 4 1698495694604
1697 4 1698495694660
1698 4 1698495694722
1699 4 1698495694784
1700 4 1698495694847
1701 4 1698495694900
1702 4 1698495694967
1703 4 1698495695034
1704 4 1698495695090
1705 4 1698495695144
1706 4 1698495695209
1707 4 1698495695269
1708 4 1698495695330
1709 4 1698495695383
1710 4 1698495695449
1711 4 1698495695512
1712 4 1698495695575
1713 4 1698495695628
1714 4 1698495695689
1715 4 1698495695752
1716 4 1698495695813
1717 4 1698495695868
1718 4 1698495695929
1719 4 1698495695998
1720 4 1698495696058
1721 4 1698495696112
1722 4 1698495696171
1723 4 1698495696239
1724 4 1698495696298
1725 4 1698495696352
1726 4 1698495696417
1727 4 1698495696479
1728 4 1698495696542
1729 4 1698495696595
1730 4 1698495696657
1731 4 1698495696721
1732 4 1698495696782
1733 4 1698495696839
1734 4 1698495696895
1735 4 1698495696959
1736 4 1698495697026
1737 4 1698495697081
1738 4 1698495697139
1739 4 1698495697205
1740 4 1698495697270
1741 4 1698495697320
1742 4 1698495697380
1743 4 1698495697443
1744 4 1698495697506
1745 4 1698495697564
1746 4 1698495697623
1747 4 1698495697684
1748 4 1698495697749
1749 4 1698495697809
1750 4 1698495697872
1751 4 1698495697923
1752 4 1698495697984
1753 4 1698495698055
1754 4 1698495698125
1755 4 1698495698168
1756 4 1698495698227
1757 4 1698495698292
1758 4 1698495698352
1759 4 1698495698409
1760 4 1698495698467
1761 4 1698495698533
1762 4 1698495698597
1763 4 1698495698654
1764 4 1698495698712
1765 4 1698495698777
1766 4 1698495698843
1767 4 1698495698892
1768 4 1698495698951
1769 4 1698495699017
1770 4 1698495699078
1771 4 1698495699138
1772 4 1698495699198
1773 4 1698495699260
1774 4 1698495699321
1775 4 1698495699377
1776 4 1698495699436
1777 4 1698495699501
1778 4 1698495699561
1779 4 1698495699625
1780 4 1698495699684
1781 4 1698495699740
1782 4 1698495699803
1783 4 1698495699866
1784 4 1698495699922
1785 4 1698495699982
1786 4 1698495700043
1787 4 1698495700103
1788 4 1698495700167
1789 4 1698495700227
1790 4 1698495700288
1791 4 1698495700346
1792 4 1698495700404
1793 4 1698495700463
1794 4 1698495700528
1795 4 1698495700590
1796 4 1698495700652
1797 4 1698495700714
1798 4 1698495700767
1799 4 1698495700829
1800 4 1698495700892
1801 4 1698495700965
1802 4 1698495701035
1803 4 1698495701067
1804 4 1698495701133
1805 4 1698495701198
1806 4 1698495701258
1807 4 1698495701312
1808 4 1698495701373
1809 4 1698495701437
1810 4 1698495701498
1811 4 1698495701552
1812 4 1698495701613
1813 4 1698495701678
1814 4 1698495701751
1815 4 1698495701796
1816 4 1698495701856
1817 4 1698495701921
1818 4 1698495701983
1819 4 1698495702036
1820 4 1698495702095
1821 4 1698495702162
1822 4 1698495702226
1823 4 1698495702280
1824 4 1698495702340
1825 4 1698495702405
1826 4 1698495702466
1827 4 1698495702521
1828 4 1698495702579
1829 4 1698495702639
1830 4 1698495702700
1831 4 1698495702768
1832 4 1698495702830
1833 4 1698495702888
1834 4 1698495702946
1835 4 1698495703003
1836 4 1698495703064
1837 4 1698495703130
1838 4 1698495703197
1839 4 1698495703244
1840 4 1698495703307
1841 4 1698495703374
1842 4 1698495703435
1843 4 1698495703488
1844 4 1698495703550
1845 4 1698495703611
1846 4 1698495703672
1847 4 1698495703727
1848 4 1698495703793
1849 4 1698495703859
1850 4 1698495703919
1851 4 1698495703972
1852 4 1698495704032
1853 4 1698495704097
1854 4 1698495704158
1855 4 1698495704212
1856 4 1698495704271
1857 4 1698495704339
1858 4 1698495704404
1859 4 1698495704457
1860 4 1698495704516
1861 4 1698495704581
1862 4 1698495704643
1863 4 1698495704698
1864 4 1698495704757
1865 4 1698495704824
1866 4 1698495704891
1867 4 1698495704941
1868 4 1698495705000
1869 4 1698495705064
1870 4 1698495705127
1871 4 1698495705180
1872 4 1698495705241
1873 4 1698495705306
1874 4 1698495705372
1875 4 1698495705424
1876 4 1698495705484
1877 4 1698495705550
1878 4 1698495705614
1879 4 1698495705664
1880 4 1698495705723
1881 4 1698495705788
1882 4 1698495705850
1883 4 1698495705908
1884 4 1698495705970
1885 4 1698495706032
1886 4 1698495706091
1887 4 1698495706150
1888 4 1698495706211
1889 4 1698495706274
1890 4 1698495706331
1891 4 1698495706395
1892 4 1698495706455
1893 4 1698495706514
1894 4 1698495706574
1895 4 1698495706635
1896 4 1698495706695
1897 4 1698495706756
1898 4 1698495706817
1899 4 1698495706872
1900 4 1698495706939
1901 4 1698495707011
1902 4 1698495707063
1903 4 1698495707116
1904 4 1698495707175
1905 4 1698495707240
1906 4 1698495707300
1907 4 1698495707358
1908 4 1698495707422
1909 4 1698495707484
1910 4 1698495707546
1911 4 1698495707602
1912 4 1698495707661
1913 4 1698495707725
1914 4 1698495707784
1915 4 1698495707842
1916 4 1698495707902
1917 4 1698495707969
1918 4 1698495708030
1919 4 1698495708086
1920 4 1698495708145
1921 4 1698495708209
1922 4 1698495708273
1923 4 1698495708324
1924 4 1698495708383
1925 4 1698495708446
1926 4 1698495708514
1927 4 1698495708575
1928 4 1698495708628
1929 4 1698495708691
1930 4 1698495708755
1931 4 1698495708808
1932 4 1698495708869
1933 4 1698495708931
1934 4 1698495708997
1935 4 1698495709054
1936 4 1698495709113
1937 4 1698495709177
1938 4 1698495709237
1939 4 1698495709294
1940 4 1698495709356
1941 4 1698495709417
1942 4 1698495709480
1943 4 1698495709536
1944 4 1698495709599
1945 4 1698495709660
1946 4 1698495709721
1947 4 1698495709777
1948 4 1698495709836
1949 4 1698495709901
1950 4 1698495709962
1951 4 1698495710022
1952 4 1698495710082
1953 4 1698495710142
1954 4 1698495710202
1955 4 1698495710262
1956 4 1698495710325
1957 4 1698495710387
1958 4 1698495710439
1959 4 1698495710500
1960 4 1698495710569
1961 4 1698495710630
1962 4 1698495710688
1963 4 1698495710744
1964 4 1698495710809
1965 4 1698495710869
1966 4 1698495710930
1967 4 1698495710985
1968 4 1698495711044
1969 4 1698495711114
1970 4 1698495711174
1971 4 1698495711228
1972 4 1698495711292
1973 4 1698495711354
1974 4 1698495711408
1975 4 1698495711468
1976 4 1698495711532
1977 4 1698495711605
1978 4 1698495711659
1979 4 1698495711711
1980 4 1698495711775
1981 4 1698495711836
1982 4 1698495711898
1983 4 1698495711953
1984 4 1698495712013
1985 4 1698495712077
1986 4 1698495712151
1987 4 1698495712196
1988 4 1698495712257
1989 4 1698495712321
1990 4 1698495712381
1991 4 1698495712437
1992 4 1698495712497
1993 4 1698495712560
1994 4 1698495712626
1995 4 1698495712680
1996 4 1698495712742
1997 4 1698495712808
1998 4 1698495712867
1999 4 1698495712920
2000 4 1698495712982
2001 4 1698495713045
2002 4 1698495713115
2003 4 1698495713164
2004 4 1698495713229
2005 4 1698495713289
2006 4 1698495713350
2007 4 1698495713403
2008 4 1698495713465
2009 4 1698495713528
2010 4 1698495713589
2011 4 1698495713645
2012 4 1698495713712
2013 4 1698495713772
2014 4 1698495713834
2015 4 1698495713889
2016 4 1698495713953
2017 4 1698495714014
2018 4 1698495714074
2019 4 1698495714128
2020 4 1698495714193
2021 4 1698495714257
2022 4 1698495714318
2023 4 1698495714377
2024 4 1698495714433
2025 4 1698495714494
2026 4 1698495714555
2027 4 1698495714615
2028 4 1698495714677
2029 4 1698495714740
2030 4 1698495714802
2031 4 1698495714855
2032 4 1698495714916
2033 4 1698495714981
2034 4 1698495715042
2035 4 1698495715096
2036 4 1698495715156
2037 4 1698495715228
2038 4 1698495715289
2039 4 1698495715341
2040 4 1698495715400
2041 4 1698495715487
2042 4 1698495715528
2043 4 1698495715587
2044 4 1698495715639
2045 4 1698495715706
2046 4 1698495715769
2047 4 1698495715841
2048 4 1698495715887
2049 4 1698495715943
2050 4 1698495716008
2051 4 1698495716069
2052 4 1698495716134
2053 4 1698495716185
2054 4 1698495716245
2055 4 1698495716312
2056 4 1698495716372
2057 4 1698495716428
2058 4 1698495716489
2059 4 1698495716554
2060 4 1698495716620
2061 4 1698495716668
2062 4 1698495716731
2063 4 1698495716809
2064 4 1698495716858
2065 4 1698495716912
2066 4 1698495716973
2067 4 1698495717039
2068 4 1698495717098
2069 4 1698495717156
2070 4 1698495717213
2071 4 1698495717278
2072 4 1698495717342
2073 4 1698495717397
2074 4 1698495717455
2075 4 1698495717517
2076 4 1698495717580
2077 4 1698495717640
2078 5 1698495744586
2079 5 1698495744627
2080 5 1698495744688
2081 5 1698495744750
2082 5 1698495744815
2083 5 1698495744873
2084 5 1698495744935
2085 5 1698495744990
2086 5 1698495745055
2087 5 1698495745114
2088 5 1698495745172
2089 5 1698495745229
2090 5 1698495745295
2091 5 1698495745377
2092 5 1698495745416
2093 5 1698495745473
2094 5 1698495745535
2095 5 1698495745599
2096 5 1698495745660
2097 5 1698495745715
2098 5 1698495745775
2099 5 1698495745846
2100 5 1698495745904
2101 5 1698495745958
2102 5 1698495746020
2103 5 1698495746082
2104 5 1698495746143
2105 5 1698495746199
2106 5 1698495746259
2107 5 1698495746318
2108 5 1698495746384
2109 5 1698495746447
2110 5 1698495746507
2111 5 1698495746567
2112 5 1698495746626
2113 5 1698495746682
2114 5 1698495746744
2115 5 1698495746806
2116 5 1698495746872
2117 5 1698495746926
2118 5 1698495746988
2119 5 1698495747051
2120 5 1698495747114
2121 5 1698495747167
2122 5 1698495747225
2123 5 1698495747285
2124 5 1698495747345
2125 5 1698495747414
2126 5 1698495747474
2127 5 1698495747537
2128 5 1698495747593
2129 5 1698495747649
2130 5 1698495747715
2131 5 1698495747775
2132 5 1698495747835
2133 5 1698495747894
2134 5 1698495747955
2135 5 1698495748018
2136 5 1698495748080
2137 5 1698495748134
2138 5 1698495748195
2139 5 1698495748258
2140 5 1698495748320
2141 5 1698495748374
2142 5 1698495748442
2143 5 1698495748502
2144 5 1698495748563
2145 5 1698495748618
2146 5 1698495748679
2147 5 1698495748741
2148 5 1698495748803
2149 5 1698495748858
2150 5 1698495748919
2151 5 1698495748986
2152 5 1698495749047
2153 5 1698495749104
2154 5 1698495749164
2155 5 1698495749226
2156 5 1698495749285
2157 5 1698495749346
2158 5 1698495749406
2159 5 1698495749470
2160 5 1698495749530
2161 5 1698495749590
2162 5 1698495749650
2163 5 1698495749710
2164 5 1698495749770
2165 5 1698495749827
2166 5 1698495749889
2167 5 1698495749950
2168 5 1698495750015
2169 5 1698495750072
2170 5 1698495750134
2171 5 1698495750194
2172 5 1698495750253
2173 5 1698495750314
2174 5 1698495750373
2175 5 1698495750433
2176 5 1698495750497
2177 5 1698495750558
2178 5 1698495750618
2179 5 1698495750692
2180 5 1698495750734
2181 5 1698495750798
2182 5 1698495750859
2183 5 1698495750919
2184 5 1698495750976
2185 5 1698495751038
2186 5 1698495751103
2187 5 1698495751163
2188 5 1698495751224
2189 5 1698495751277
2190 5 1698495751338
2191 5 1698495751403
2192 5 1698495751463
2193 5 1698495751523
2194 5 1698495751584
2195 5 1698495751644
2196 5 1698495751705
2197 5 1698495751763
2198 5 1698495751826
2199 5 1698495751886
2200 5 1698495751945
2201 5 1698495752002
2202 5 1698495752072
2203 5 1698495752131
2204 5 1698495752187
2205 5 1698495752248
2206 5 1698495752308
2207 5 1698495752367
2208 5 1698495752428
2209 5 1698495752488
2210 5 1698495752547
2211 5 1698495752609
2212 5 1698495752675
2213 5 1698495752730
2214 5 1698495752789
2215 5 1698495752852
2216 5 1698495752916
2217 5 1698495752975
2218 5 1698495753031
2219 5 1698495753096
2220 5 1698495753155
2221 5 1698495753218
2222 5 1698495753278
2223 5 1698495753339
2224 5 1698495753395
2225 5 1698495753459
2226 5 1698495753518
2227 5 1698495753579
2228 5 1698495753638
2229 5 1698495753697
2230 5 1698495753760
2231 5 1698495753822
2232 5 1698495753885
2233 5 1698495753937
2234 5 1698495753999
2235 5 1698495754063
2236 5 1698495754123
2237 5 1698495754182
2238 5 1698495754243
2239 5 1698495754307
2240 5 1698495754367
2241 5 1698495754422
2242 5 1698495754484
2243 5 1698495754547
2244 5 1698495754607
2245 5 1698495754666
2246 5 1698495754728
2247 5 1698495754791
2248 5 1698495754851
2249 5 1698495754906
2250 5 1698495754968
2251 5 1698495755032
2252 5 1698495755096
2253 5 1698495755147
2254 5 1698495755212
2255 5 1698495755283
2256 5 1698495755336
2257 5 1698495755390
2258 5 1698495755451
2259 5 1698495755514
2260 5 1698495755579
2261 5 1698495755629
2262 5 1698495755691
2263 5 1698495755764
2264 5 1698495755819
2265 5 1698495755874
2266 5 1698495755935
2267 5 1698495755999
2268 5 1698495756062
2269 5 1698495756113
2270 5 1698495756174
2271 5 1698495756244
2272 5 1698495756306
2273 5 1698495756359
2274 5 1698495756417
2275 5 1698495756477
2276 5 1698495756543
2277 5 1698495756605
2278 5 1698495756658
2279 5 1698495756719
2280 5 1698495756786
2281 5 1698495756841
2282 5 1698495756901
2283 5 1698495756961
2284 5 1698495757021
2285 5 1698495757087
2286 5 1698495757146
2287 5 1698495757207
2288 5 1698495757266
2289 5 1698495757331
2290 5 1698495757392
2291 5 1698495757446
2292 5 1698495757506
2293 5 1698495757566
2294 5 1698495757626
2295 5 1698495757689
2296 5 1698495757751
2297 5 1698495757811
2298 5 1698495757869
2299 5 1698495757931
2300 5 1698495757996
2301 5 1698495758058
2302 5 1698495758116
2303 5 1698495758169
2304 5 1698495758230
2305 5 1698495758294
2306 5 1698495758360
2307 5 1698495758414
2308 5 1698495758473
2309 5 1698495758536
2310 5 1698495758599
2311 5 1698495758655
2312 5 1698495758713
2313 5 1698495758774
2314 5 1698495758840
2315 5 1698495758901
2316 5 1698495758960
2317 5 1698495759021
2318 5 1698495759081
2319 5 1698495759138
2320 5 1698495759198
2321 5 1698495759265
2322 5 1698495759324
2323 5 1698495759382
2324 5 1698495759443
2325 5 1698495759506
2326 5 1698495759568
2327 5 1698495759621
2328 5 1698495759682
2329 5 1698495759748
2330 5 1698495759809
2331 5 1698495759866
2332 5 1698495759925
2333 5 1698495759992
2334 5 1698495760052
2335 5 1698495760108
2336 5 1698495760166
2337 5 1698495760231
2338 5 1698495760290
2339 5 1698495760348
2340 5 1698495760412
2341 5 1698495760472
2342 5 1698495760533
2343 5 1698495760593
2344 5 1698495760653
2345 5 1698495760713
2346 5 1698495760773
2347 5 1698495760833
2348 5 1698495760893
2349 5 1698495760960
2350 5 1698495761020
2351 5 1698495761074
2352 5 1698495761134
2353 5 1698495761198
2354 5 1698495761260
2355 5 1698495761314
2356 5 1698495761374
2357 5 1698495761454
2358 5 1698495761508
2359 5 1698495761558
2360 5 1698495761617
2361 5 1698495761678
2362 5 1698495761742
2363 5 1698495761801
2364 5 1698495761861
2365 5 1698495761921
2366 5 1698495761986
2367 5 1698495762046
2368 5 1698495762108
2369 5 1698495762166
2370 5 1698495762227
2371 5 1698495762281
2372 5 1698495762344
2373 5 1698495762406
2374 5 1698495762471
2375 5 1698495762526
2376 5 1698495762588
2377 5 1698495762650
2378 5 1698495762711
2379 5 1698495762765
2380 5 1698495762831
2381 5 1698495762891
2382 5 1698495762950
2383 5 1698495763010
2384 5 1698495763072
2385 5 1698495763134
2386 5 1698495763194
2387 5 1698495763250
2388 5 1698495763312
2389 5 1698495763375
2390 5 1698495763436
2391 5 1698495763489
2392 5 1698495763554
2393 5 1698495763621
2394 5 1698495763680
2395 5 1698495763735
2396 5 1698495763793
2397 5 1698495763854
2398 5 1698495763918
2399 5 1698495763979
2400 5 1698495764043
2401 5 1698495764103
2402 5 1698495764157
2403 5 1698495764216
2404 5 1698495764277
2405 5 1698495764343
2406 5 1698495764397
2407 5 1698495764457
2408 5 1698495764523
2409 5 1698495764583
2410 5 1698495764643
2411 5 1698495764703
2412 5 1698495764767
2413 5 1698495764827
2414 5 1698495764882
2415 5 1698495764942
2416 5 1698495765007
2417 5 1698495765072
2418 5 1698495765127
2419 5 1698495765186
2420 5 1698495765250
2421 5 1698495765310
2422 5 1698495765371
2423 5 1698495765428
2424 5 1698495765488
2425 5 1698495765551
2426 5 1698495765618
2427 5 1698495765670
2428 5 1698495765731
2429 5 1698495765795
2430 5 1698495765859
2431 5 1698495765911
2432 5 1698495765971
2433 5 1698495766036
2434 5 1698495766097
2435 5 1698495766154
2436 5 1698495766215
2437 5 1698495766279
2438 5 1698495766342
2439 5 1698495766395
2440 5 1698495766459
2441 5 1698495766536
2442 5 1698495766573
2443 5 1698495766637
2444 5 1698495766703
2445 5 1698495766763
2446 5 1698495766825
2447 5 1698495766878
2448 5 1698495766939
2449 5 1698495767005
2450 5 1698495767065
2451 5 1698495767119
2452 5 1698495767185
2453 5 1698495767246
2454 5 1698495767306
2455 5 1698495767363
2456 5 1698495767425
2457 5 1698495767488
2458 5 1698495767547
2459 5 1698495767601
2460 5 1698495767667
2461 5 1698495767732
2462 5 1698495767791
2463 5 1698495767853
2464 5 1698495767906
2465 5 1698495767969
2466 5 1698495768031
2467 5 1698495768086
2468 5 1698495768148
2469 5 1698495768221
2470 5 1698495768276
2471 5 1698495768331
2472 5 1698495768391
2473 5 1698495768456
2474 5 1698495768519
2475 5 1698495768570
2476 5 1698495768630
2477 5 1698495768695
2478 5 1698495768760
2479 5 1698495768816
2480 5 1698495768874
2481 5 1698495768936
2482 5 1698495768999
2483 5 1698495769058
2484 5 1698495769119
2485 5 1698495769178
2486 5 1698495769243
2487 5 1698495769303
2488 5 1698495769364
2489 5 1698495769423
2490 5 1698495769482
2491 5 1698495769537
2492 5 1698495769598
2493 5 1698495769664
2494 5 1698495769723
2495 5 1698495769787
2496 5 1698495769844
2497 5 1698495769904
2498 5 1698495769964
2499 5 1698495770024
2500 5 1698495770086
2501 5 1698495770146
2502 5 1698495770207
2503 5 1698495770266
2504 5 1698495770329
2505 5 1698495770391
2506 5 1698495770452
2507 5 1698495770506
2508 5 1698495770566
2509 5 1698495770631
2510 5 1698495770692
2511 5 1698495770747
2512 5 1698495770811
2513 5 1698495770876
2514 5 1698495770936
2515 5 1698495770991
2516 5 1698495771050
2517 5 1698495771116
2518 5 1698495771177
2519 5 1698495771230
2520 5 1698495771290
2521 5 1698495771360
2522 5 1698495771420
2523 5 1698495771474
2524 5 1698495771534
2525 5 1698495771600
2526 5 1698495771660
2527 5 1698495771715
2528 5 1698495771777
2529 5 1698495771850
2530 5 1698495771904
2531 5 1698495771958
2532 5 1698495772018
2533 5 1698495772085
2534 5 1698495772148
2535 5 1698495772198
2536 5 1698495772260
2537 5 1698495772323
2538 5 1698495772387
2539 5 1698495772443
2540 5 1698495772504
2541 5 1698495772565
2542 5 1698495772625
2543 5 1698495772687
2544 5 1698495772741
2545 5 1698495772801
2546 5 1698495772871
2547 5 1698495772948
2548 5 1698495772988
2549 5 1698495773045
2550 5 1698495773110
2551 5 1698495773171
2552 5 1698495773231
2553 5 1698495773286
2554 5 1698495773350
2555 5 1698495773415
2556 5 1698495773476
2557 5 1698495773530
2558 5 1698495773591
2559 5 1698495773656
2560 5 1698495773711
2561 5 1698495773769
2562 5 1698495773831
2563 5 1698495773895
2564 5 1698495773955
2565 5 1698495774014
2566 5 1698495774080
2567 5 1698495774139
2568 5 1698495774197
2569 5 1698495774253
2570 5 1698495774318
2571 5 1698495774378
2572 5 1698495774441
2573 5 1698495774497
2574 5 1698495774562
2575 5 1698495774623
2576 5 1698495774686
2577 5 1698495774738
2578 5 1698495774803
2579 5 1698495774864
2580 5 1698495774924
2581 5 1698495774982
2582 5 1698495775046
2583 5 1698495775107
2584 5 1698495775167
2585 5 1698495775222
2586 5 1698495775285
2587 5 1698495775350
2588 5 1698495775408
2589 5 1698495775462
2590 5 1698495775529
2591 5 1698495775591
2592 5 1698495775647
2593 5 1698495775705
2594 5 1698495775770
2595 5 1698495775831
2596 5 1698495775892
2597 5 1698495775946
2598 5 1698495776012
2599 5 1698495776075
2600 5 1698495776137
2601 5 1698495776190
2602 5 1698495776251
2603 5 1698495776316
2604 5 1698495776378
2605 5 1698495776432
2606 5 1698495776492
2607 5 1698495776560
2608 5 1698495776620
2609 6 1698495814694
2610 6 1698495814748
2611 6 1698495814811
2612 6 1698495814876
2613 6 1698495814925
2614 6 1698495814988
2615 6 1698495815051
2616 6 1698495815112
2617 6 1698495815173
2618 6 1698495815235
2619 6 1698495815296
2620 6 1698495815358
2621 6 1698495815410
2622 6 1698495815474
2623 6 1698495815535
2624 6 1698495815594
2625 6 1698495815660
2626 6 1698495815719
2627 6 1698495815779
2628 6 1698495815839
2629 6 1698495815892
2630 6 1698495815956
2631 6 1698495816020
2632 6 1698495816078
2633 6 1698495816132
2634 6 1698495816205
2635 6 1698495816264
2636 6 1698495816324
2637 6 1698495816377
2638 6 1698495816441
2639 6 1698495816507
2640 6 1698495816561
2641 6 1698495816619
2642 6 1698495816686
2643 6 1698495816748
2644 6 1698495816808
2645 6 1698495816862
2646 6 1698495816922
2647 6 1698495816988
2648 6 1698495817045
2649 6 1698495817102
2650 6 1698495817160
2651 6 1698495817230
2652 6 1698495817292
2653 6 1698495817351
2654 6 1698495817404
2655 6 1698495817466
2656 6 1698495817528
2657 6 1698495817588
2658 6 1698495817649
2659 6 1698495817710
2660 6 1698495817774
2661 6 1698495817832
2662 6 1698495817893
2663 6 1698495817953
2664 6 1698495818011
2665 6 1698495818071
2666 6 1698495818136
2667 6 1698495818195
2668 6 1698495818263
2669 6 1698495818312
2670 6 1698495818373
2671 6 1698495818438
2672 6 1698495818499
2673 6 1698495818554
2674 6 1698495818613
2675 6 1698495818678
2676 6 1698495818740
2677 6 1698495818798
2678 6 1698495818857
2679 6 1698495818923
2680 6 1698495818984
2681 6 1698495819038
2682 6 1698495819097
2683 6 1698495819173
2684 6 1698495819224
2685 6 1698495819281
2686 6 1698495819340
2687 6 1698495819402
2688 6 1698495819464
2689 6 1698495819526
2690 6 1698495819589
2691 6 1698495819649
2692 6 1698495819704
2693 6 1698495819761
2694 6 1698495819827
2695 6 1698495819891
2696 6 1698495819951
2697 6 1698495820005
2698 6 1698495820069
2699 6 1698495820131
2700 6 1698495820190
2701 6 1698495820245
2702 6 1698495820310
2703 6 1698495820375
2704 6 1698495820429
2705 6 1698495820489
2706 6 1698495820556
2707 6 1698495820614
2708 6 1698495820670
2709 6 1698495820729
2710 6 1698495820795
2711 6 1698495820860
2712 6 1698495820914
2713 6 1698495820973
2714 6 1698495821033
2715 6 1698495821098
2716 6 1698495821156
2717 6 1698495821213
2718 6 1698495821275
2719 6 1698495821337
2720 6 1698495821399
2721 6 1698495821459
2722 6 1698495821519
2723 6 1698495821582
2724 6 1698495821642
2725 6 1698495821702
2726 6 1698495821759
2727 6 1698495821821
2728 6 1698495821884
2729 6 1698495821943
2730 6 1698495822005
2731 6 1698495822064
2732 6 1698495822124
2733 6 1698495822184
2734 6 1698495822244
2735 6 1698495822306
2736 6 1698495822364
2737 6 1698495822430
2738 6 1698495822492
2739 6 1698495822552
2740 6 1698495822607
2741 6 1698495822669
2742 6 1698495822732
2743 6 1698495822792
2744 6 1698495822847
2745 6 1698495822907
2746 6 1698495822974
2747 6 1698495823035
2748 6 1698495823089
2749 6 1698495823150
2750 6 1698495823214
2751 6 1698495823276
2752 6 1698495823329
2753 6 1698495823390
2754 6 1698495823460
2755 6 1698495823519
2756 6 1698495823575
2757 6 1698495823635
2758 6 1698495823697
2759 6 1698495823758
2760 6 1698495823817
2761 6 1698495823878
2762 6 1698495823934
2763 6 1698495824001
2764 6 1698495824064
2765 6 1698495824118
2766 6 1698495824179
2767 6 1698495824241
2768 6 1698495824303
2769 6 1698495824362
2770 6 1698495824417
2771 6 1698495824482
2772 6 1698495824548
2773 6 1698495824608
2774 6 1698495824663
2775 6 1698495824724
2776 6 1698495824784
2777 6 1698495824845
2778 6 1698495824904
2779 6 1698495824967
2780 6 1698495825027
2781 6 1698495825085
2782 6 1698495825151
2783 6 1698495825211
2784 6 1698495825266
2785 6 1698495825327
2786 6 1698495825387
2787 6 1698495825447
2788 6 1698495825507
2789 6 1698495825573
2790 6 1698495825636
2791 6 1698495825697
2792 6 1698495825751
2793 6 1698495825809
2794 6 1698495825868
2795 6 1698495825934
2796 6 1698495825995
2797 6 1698495826060
2798 6 1698495826114
2799 6 1698495826173
2800 6 1698495826240
2801 6 1698495826305
2802 6 1698495826360
2803 6 1698495826413
2804 6 1698495826478
2805 6 1698495826538
2806 6 1698495826603
2807 6 1698495826658
2808 6 1698495826719
2809 6 1698495826783
2810 6 1698495826847
2811 6 1698495826897
2812 6 1698495826958
2813 6 1698495827024
2814 6 1698495827088
2815 6 1698495827142
2816 6 1698495827205
2817 6 1698495827267
2818 6 1698495827328
2819 6 1698495827381
2820 6 1698495827442
2821 6 1698495827507
2822 6 1698495827574
2823 6 1698495827625
2824 6 1698495827686
2825 6 1698495827751
2826 6 1698495827812
2827 6 1698495827865
2828 6 1698495827926
2829 6 1698495827993
2830 6 1698495828052
2831 6 1698495828107
2832 6 1698495828173
2833 6 1698495828233
2834 6 1698495828289
2835 6 1698495828351
2836 6 1698495828415
2837 6 1698495828475
2838 6 1698495828532
2839 6 1698495828589
2840 6 1698495828656
2841 6 1698495828721
2842 6 1698495828783
2843 6 1698495828834
2844 6 1698495828893
2845 6 1698495828959
2846 6 1698495829021
2847 6 1698495829074
2848 6 1698495829133
2849 6 1698495829197
2850 6 1698495829258
2851 6 1698495829319
2852 6 1698495829383
2853 6 1698495829446
2854 6 1698495829497
2855 6 1698495829557
2856 6 1698495829624
2857 6 1698495829688
2858 6 1698495829758
2859 6 1698495829801
2860 6 1698495829863
2861 6 1698495829927
2862 6 1698495829991
2863 6 1698495830041
2864 6 1698495830106
2865 6 1698495830168
2866 6 1698495830229
2867 6 1698495830285
2868 6 1698495830350
2869 6 1698495830412
2870 6 1698495830473
2871 6 1698495830526
2872 6 1698495830585
2873 6 1698495830651
2874 6 1698495830711
2875 6 1698495830770
2876 6 1698495830831
2877 6 1698495830895
2878 6 1698495830960
2879 6 1698495831010
2880 6 1698495831070
2881 6 1698495831133
2882 6 1698495831193
2883 6 1698495831257
2884 6 1698495831316
2885 6 1698495831376
2886 6 1698495831438
2887 6 1698495831493
2888 6 1698495831553
2889 6 1698495831620
2890 6 1698495831680
2891 6 1698495831736
2892 6 1698495831798
2893 6 1698495831860
2894 6 1698495831922
2895 6 1698495831982
2896 6 1698495832039
2897 6 1698495832099
2898 6 1698495832158
2899 6 1698495832222
2900 6 1698495832285
2901 6 1698495832346
2902 6 1698495832402
2903 6 1698495832467
2904 6 1698495832528
2905 6 1698495832586
2906 6 1698495832641
2907 6 1698495832704
2908 6 1698495832766
2909 6 1698495832827
2910 6 1698495832887
2911 6 1698495832951
2912 6 1698495833013
2913 6 1698495833069
2914 6 1698495833125
2915 6 1698495833189
2916 6 1698495833253
2917 6 1698495833310
2918 6 1698495833371
2919 6 1698495833433
2920 6 1698495833495
2921 6 1698495833551
2922 6 1698495833609
2923 6 1698495833671
2924 6 1698495833737
2925 6 1698495833795
2926 6 1698495833854
2927 6 1698495833917
2928 6 1698495833979
2929 6 1698495834040
2930 6 1698495834095
2931 6 1698495834157
2932 6 1698495834219
2933 6 1698495834276
2934 6 1698495834341
2935 6 1698495834400
2936 6 1698495834463
2937 6 1698495834520
2938 6 1698495834577
2939 6 1698495834639
2940 6 1698495834703
2941 6 1698495834762
2942 6 1698495834825
2943 6 1698495834883
2944 6 1698495834943
2945 6 1698495835003
2946 6 1698495835065
2947 6 1698495835127
2948 6 1698495835190
2949 6 1698495835243
2950 6 1698495835301
2951 6 1698495835369
2952 6 1698495835433
2953 6 1698495835490
2954 6 1698495835547
2955 6 1698495835608
2956 6 1698495835670
2957 6 1698495835731
2958 6 1698495835789
2959 6 1698495835851
2960 6 1698495835909
2961 6 1698495835973
2962 6 1698495836035
2963 6 1698495836094
2964 6 1698495836153
2965 6 1698495836213
2966 6 1698495836274
2967 6 1698495836335
2968 6 1698495836393
2969 6 1698495836457
2970 6 1698495836518
2971 6 1698495836577
2972 6 1698495836638
2973 6 1698495836696
2974 6 1698495836758
2975 6 1698495836819
2976 6 1698495836879
2977 6 1698495836938
2978 6 1698495837001
2979 6 1698495837062
2980 6 1698495837123
2981 6 1698495837182
2982 6 1698495837241
2983 6 1698495837303
2984 6 1698495837364
2985 6 1698495837422
2986 6 1698495837479
2987 6 1698495837543
2988 6 1698495837601
2989 6 1698495837664
2990 6 1698495837727
2991 6 1698495837787
2992 6 1698495837850
2993 6 1698495837902
2994 6 1698495837963
2995 6 1698495838030
2996 6 1698495838091
2997 6 1698495838150
2998 6 1698495838207
2999 6 1698495838285
3000 6 1698495838326
3001 6 1698495838384
3002 6 1698495838445
3003 6 1698495838511
3004 6 1698495838577
3005 6 1698495838636
3006 6 1698495838691
3007 6 1698495838757
3008 6 1698495838816
3009 6 1698495838876
3010 6 1698495838930
3011 6 1698495838994
3012 6 1698495839060
3013 6 1698495839126
3014 6 1698495839173
3015 6 1698495839235
3016 6 1698495839299
3017 6 1698495839359
3018 6 1698495839419
3019 6 1698495839479
3020 6 1698495839539
3021 6 1698495839600
3022 6 1698495839657
3023 6 1698495839721
3024 6 1698495839785
3025 6 1698495839844
3026 6 1698495839903
3027 6 1698495839959
3028 6 1698495840020
3029 6 1698495840080
3030 6 1698495840146
3031 6 1698495840207
3032 6 1698495840267
3033 6 1698495840322
3034 6 1698495840384
3035 6 1698495840448
3036 6 1698495840508
3037 6 1698495840567
3038 6 1698495840627
3039 6 1698495840689
3040 6 1698495840751
3041 6 1698495840810
3042 6 1698495840868
3043 6 1698495840927
3044 6 1698495840987
3045 6 1698495841051
3046 6 1698495841111
3047 6 1698495841190
3048 6 1698495841229
3049 6 1698495841290
3050 6 1698495841352
3051 6 1698495841416
3052 6 1698495841475
3053 6 1698495841532
3054 6 1698495841593
3055 6 1698495841658
3056 6 1698495841719
3057 6 1698495841776
3058 6 1698495841835
3059 6 1698495841899
3060 6 1698495841959
3061 6 1698495842016
3062 6 1698495842079
3063 6 1698495842143
3064 6 1698495842201
3065 6 1698495842261
3066 6 1698495842321
3067 6 1698495842382
3068 6 1698495842441
3069 6 1698495842501
3070 6 1698495842562
3071 6 1698495842623
3072 6 1698495842681
3073 6 1698495842747
3074 6 1698495842805
3075 6 1698495842866
3076 6 1698495842925
3077 6 1698495842987
3078 6 1698495843047
3079 6 1698495843113
3080 6 1698495843161
3081 6 1698495843225
3082 6 1698495843285
3083 6 1698495843352
3084 6 1698495843412
3085 6 1698495843470
3086 6 1698495843530
3087 6 1698495843592
3088 6 1698495843648
3089 6 1698495843705
3090 6 1698495843776
3091 6 1698495843835
3092 6 1698495843894
3093 6 1698495843950
3094 6 1698495844014
3095 6 1698495844077
3096 6 1698495844136
3097 6 1698495844189
3098 6 1698495844255
3099 6 1698495844326
3100 6 1698495844379
3101 6 1698495844434
3102 6 1698495844498
3103 6 1698495844560
3104 6 1698495844631
3105 6 1698495844673
3106 6 1698495844733
3107 6 1698495844812
3108 6 1698495844865
3109 6 1698495844920
3110 6 1698495844980
3111 6 1698495845044
3112 6 1698495845105
3113 6 1698495845158
3114 6 1698495845221
3115 6 1698495845284
3116 6 1698495845350
3117 6 1698495845403
3118 6 1698495845465
3119 6 1698495845526
3120 6 1698495845584
3121 6 1698495845644
3122 6 1698495845705
3123 6 1698495845767
3124 6 1698495845832
3125 6 1698495845887
3126 6 1698495845947
3127 6 1698495846010
3128 6 1698495846069
3129 6 1698495846131
3130 6 1698495846191
3131 6 1698495846250
3132 6 1698495846310
3133 6 1698495846375
3134 6 1698495846433
3135 6 1698495846494
3136 6 1698495846553
3137 6 1698495846615
3138 6 1698495846674
3139 6 1698495846734
3140 6 1698495846792
3141 6 1698495846858
3142 6 1698495846918
3143 7 1698495885950
3144 7 1698495885997
3145 7 1698495886057
3146 7 1698495886121
3147 7 1698495886182
3148 7 1698495886234
3149 7 1698495886298
3150 7 1698495886358
3151 7 1698495886418
3152 7 1698495886478
3153 7 1698495886538
3154 7 1698495886598
3155 7 1698495886665
3156 7 1698495886721
3157 7 1698495886783
3158 7 1698495886847
3159 7 1698495886907
3160 7 1698495886967
3161 7 1698495887027
3162 7 1698495887087
3163 7 1698495887147
3164 7 1698495887207
3165 7 1698495887267
3166 7 1698495887326
3167 7 1698495887391
3168 7 1698495887451
3169 7 1698495887511
3170 7 1698495887571
3171 7 1698495887630
3172 7 1698495887692
3173 7 1698495887751
3174 7 1698495887811
3175 7 1698495887875
3176 7 1698495887935
3177 7 1698495887992
3178 7 1698495888058
3179 7 1698495888117
3180 7 1698495888175
3181 7 1698495888231
3182 7 1698495888293
3183 7 1698495888357
3184 7 1698495888420
3185 7 1698495888477
3186 7 1698495888537
3187 7 1698495888603
3188 7 1698495888662
3189 7 1698495888715
3190 7 1698495888774
3191 7 1698495888836
3192 7 1698495888904
3193 7 1698495888964
3194 7 1698495889020
3195 7 1698495889081
3196 7 1698495889141
3197 7 1698495889201
3198 7 1698495889261
3199 7 1698495889322
3200 7 1698495889383
3201 7 1698495889447
3202 7 1698495889507
3203 7 1698495889568
3204 7 1698495889628
3205 7 1698495889683
3206 7 1698495889745
3207 7 1698495889808
3208 7 1698495889876
3209 7 1698495889923
3210 7 1698495889988
3211 7 1698495890052
3212 7 1698495890113
3213 7 1698495890167
3214 7 1698495890227
3215 7 1698495890293
3216 7 1698495890353
3217 7 1698495890408
3218 7 1698495890471
3219 7 1698495890537
3220 7 1698495890597
3221 7 1698495890651
3222 7 1698495890711
3223 7 1698495890777
3224 7 1698495890848
3225 7 1698495890892
3226 7 1698495890951
3227 7 1698495891020
3228 7 1698495891082
3229 7 1698495891139
3230 7 1698495891195
3231 7 1698495891271
3232 7 1698495891326
3233 7 1698495891376
3234 7 1698495891435
3235 7 1698495891501
3236 7 1698495891564
3237 7 1698495891621
3238 7 1698495891680
3239 7 1698495891744
3240 7 1698495891805
3241 7 1698495891859
3242 7 1698495891919
3243 7 1698495891986
3244 7 1698495892048
3245 7 1698495892104
3246 7 1698495892164
3247 7 1698495892228
3248 7 1698495892290
3249 7 1698495892344
3250 7 1698495892404
3251 7 1698495892468
3252 7 1698495892529
3253 7 1698495892588
3254 7 1698495892648
3255 7 1698495892711
3256 7 1698495892774
3257 7 1698495892829
3258 7 1698495892889
3259 7 1698495892951
3260 7 1698495893009
3261 7 1698495893075
3262 7 1698495893135
3263 7 1698495893197
3264 7 1698495893258
3265 7 1698495893318
3266 7 1698495893374
3267 7 1698495893431
3268 7 1698495893491
3269 7 1698495893556
3270 7 1698495893620
3271 7 1698495893681
3272 7 1698495893735
3273 7 1698495893800
3274 7 1698495893860
3275 7 1698495893920
3276 7 1698495893976
3277 7 1698495894035
3278 7 1698495894097
3279 7 1698495894163
3280 7 1698495894227
3281 7 1698495894279
3282 7 1698495894345
3283 7 1698495894407
3284 7 1698495894460
3285 7 1698495894519
3286 7 1698495894580
3287 7 1698495894648
3288 7 1698495894709
3289 7 1698495894763
3290 7 1698495894824
3291 7 1698495894889
3292 7 1698495894950
3293 7 1698495895006
3294 7 1698495895062
3295 7 1698495895123
3296 7 1698495895191
3297 7 1698495895269
3298 7 1698495895315
3299 7 1698495895371
3300 7 1698495895432
3301 7 1698495895491
3302 7 1698495895550
3303 7 1698495895607
3304 7 1698495895672
3305 7 1698495895738
3306 7 1698495895798
3307 7 1698495895852
3308 7 1698495895911
3309 7 1698495895977
3310 7 1698495896037
3311 7 1698495896095
3312 7 1698495896151
3313 7 1698495896220
3314 7 1698495896281
3315 7 1698495896337
3316 7 1698495896394
3317 7 1698495896462
3318 7 1698495896521
3319 7 1698495896575
3320 7 1698495896635
3321 7 1698495896695
3322 7 1698495896761
3323 7 1698495896826
3324 7 1698495896885
3325 7 1698495896944
3326 7 1698495897002
3327 7 1698495897059
3328 7 1698495897121
3329 7 1698495897185
3330 7 1698495897250
3331 7 1698495897303
3332 7 1698495897365
3333 7 1698495897426
3334 7 1698495897486
3335 7 1698495897546
3336 7 1698495897606
3337 7 1698495897669
3338 7 1698495897723
3339 7 1698495897788
3340 7 1698495897855
3341 7 1698495897912
3342 7 1698495897973
3343 7 1698495898027
3344 7 1698495898090
3345 7 1698495898152
3346 7 1698495898213
3347 7 1698495898277
3348 7 1698495898336
3349 7 1698495898397
3350 7 1698495898454
3351 7 1698495898514
3352 7 1698495898576
3353 7 1698495898636
3354 7 1698495898698
3355 7 1698495898751
3356 7 1698495898817
3357 7 1698495898881
3358 7 1698495898939
3359 7 1698495898995
3360 7 1698495899056
3361 7 1698495899120
3362 7 1698495899182
3363 7 1698495899235
3364 7 1698495899296
3365 7 1698495899365
3366 7 1698495899428
3367 7 1698495899479
3368 7 1698495899539
3369 7 1698495899605
3370 7 1698495899666
3371 7 1698495899719
3372 7 1698495899784
3373 7 1698495899853
3374 7 1698495899912
3375 7 1698495899963
3376 7 1698495900026
3377 7 1698495900088
3378 7 1698495900173
3379 7 1698495900211
3380 7 1698495900262
3381 7 1698495900329
3382 7 1698495900395
3383 7 1698495900447
3384 7 1698495900508
3385 7 1698495900574
3386 7 1698495900633
3387 7 1698495900687
3388 7 1698495900747
3389 7 1698495900814
3390 7 1698495900879
3391 7 1698495900933
3392 7 1698495900993
3393 7 1698495901056
3394 7 1698495901118
3395 7 1698495901172
3396 7 1698495901237
3397 7 1698495901295
3398 7 1698495901360
3399 7 1698495901416
3400 7 1698495901480
3401 7 1698495901540
3402 7 1698495901601
3403 7 1698495901655
3404 7 1698495901721
3405 7 1698495901781
3406 7 1698495901843
3407 7 1698495901895
3408 7 1698495901960
3409 7 1698495902024
3410 7 1698495902090
3411 7 1698495902139
3412 7 1698495902200
3413 7 1698495902263
3414 7 1698495902325
3415 7 1698495902380
3416 7 1698495902448
3417 7 1698495902526
3418 7 1698495902565
3419 7 1698495902623
3420 7 1698495902684
3421 7 1698495902751
3422 7 1698495902811
3423 7 1698495902864
3424 7 1698495902926
3425 7 1698495903008
3426 7 1698495903054
3427 7 1698495903108
3428 7 1698495903173
3429 7 1698495903233
3430 7 1698495903290
3431 7 1698495903347
3432 7 1698495903408
3433 7 1698495903477
3434 7 1698495903537
3435 7 1698495903591
3436 7 1698495903656
3437 7 1698495903716
3438 7 1698495903772
3439 7 1698495903831
3440 7 1698495903893
3441 7 1698495903956
3442 7 1698495904021
3443 7 1698495904075
3444 7 1698495904136
3445 7 1698495904201
3446 7 1698495904262
3447 7 1698495904317
3448 7 1698495904375
3449 7 1698495904436
3450 7 1698495904501
3451 7 1698495904561
3452 7 1698495904619
3453 7 1698495904681
3454 7 1698495904745
3455 7 1698495904802
3456 7 1698495904859
3457 7 1698495904922
3458 7 1698495904985
3459 7 1698495905043
3460 7 1698495905110
3461 7 1698495905169
3462 7 1698495905225
3463 7 1698495905283
3464 7 1698495905343
3465 7 1698495905409
3466 7 1698495905469
3467 7 1698495905523
3468 7 1698495905587
3469 7 1698495905652
3470 7 1698495905713
3471 7 1698495905769
3472 7 1698495905827
3473 7 1698495905890
3474 7 1698495905954
3475 7 1698495906008
3476 7 1698495906071
3477 7 1698495906145
3478 7 1698495906202
3479 7 1698495906252
3480 7 1698495906311
3481 7 1698495906378
3482 7 1698495906438
3483 7 1698495906491
3484 7 1698495906551
3485 7 1698495906622
3486 7 1698495906682
3487 7 1698495906736
3488 7 1698495906795
3489 7 1698495906860
3490 7 1698495906922
3491 7 1698495906976
3492 7 1698495907036
3493 7 1698495907101
3494 7 1698495907165
3495 7 1698495907221
3496 7 1698495907281
3497 7 1698495907344
3498 7 1698495907403
3499 7 1698495907460
3500 7 1698495907522
3501 7 1698495907585
3502 7 1698495907647
3503 7 1698495907705
3504 7 1698495907765
3505 7 1698495907825
3506 7 1698495907885
3507 7 1698495907948
3508 7 1698495908008
3509 7 1698495908068
3510 7 1698495908129
3511 7 1698495908188
3512 7 1698495908249
3513 7 1698495908313
3514 7 1698495908373
3515 7 1698495908428
3516 7 1698495908489
3517 7 1698495908551
3518 7 1698495908613
3519 7 1698495908671
3520 7 1698495908732
3521 7 1698495908796
3522 7 1698495908858
3523 7 1698495908913
3524 7 1698495908973
3525 7 1698495909035
3526 7 1698495909095
3527 7 1698495909152
3528 7 1698495909218
3529 7 1698495909281
3530 7 1698495909341
3531 7 1698495909396
3532 7 1698495909458
3533 7 1698495909520
3534 7 1698495909580
3535 7 1698495909635
3536 7 1698495909696
3537 7 1698495909765
3538 7 1698495909825
3539 7 1698495909880
3540 7 1698495909941
3541 7 1698495910005
3542 7 1698495910065
3543 7 1698495910119
3544 7 1698495910179
3545 7 1698495910244
3546 7 1698495910308
3547 7 1698495910367
3548 7 1698495910423
3549 7 1698495910484
3550 7 1698495910549
3551 7 1698495910610
3552 7 1698495910672
3553 7 1698495910723
3554 7 1698495910788
3555 7 1698495910854
3556 7 1698495910913
3557 7 1698495910968
3558 7 1698495911030
3559 7 1698495911101
3560 7 1698495911158
3561 7 1698495911208
3562 7 1698495911275
3563 7 1698495911338
3564 7 1698495911396
3565 7 1698495911452
3566 7 1698495911515
3567 7 1698495911577
3568 7 1698495911644
3569 7 1698495911691
3570 7 1698495911754
3571 7 1698495911826
3572 7 1698495911881
3573 7 1698495911937
3574 7 1698495911996
3575 7 1698495912060
3576 7 1698495912122
3577 7 1698495912176
3578 7 1698495912236
3579 7 1698495912301
3580 7 1698495912364
3581 7 1698495912421
3582 7 1698495912484
3583 7 1698495912543
3584 7 1698495912603
3585 7 1698495912660
3586 7 1698495912720
3587 7 1698495912784
3588 7 1698495912849
3589 7 1698495912904
3590 7 1698495912967
3591 7 1698495913029
3592 7 1698495913088
3593 7 1698495913144
3594 7 1698495913205
3595 7 1698495913269
3596 7 1698495913330
3597 7 1698495913387
3598 7 1698495913451
3599 7 1698495913513
3600 7 1698495913573
3601 7 1698495913627
3602 7 1698495913690
3603 7 1698495913751
3604 7 1698495913826
3605 7 1698495913867
3606 7 1698495913933
3607 7 1698495913995
3608 7 1698495914056
3609 7 1698495914112
3610 7 1698495914174
3611 7 1698495914235
3612 7 1698495914298
3613 7 1698495914352
3614 7 1698495914418
3615 7 1698495914483
3616 7 1698495914559
3617 7 1698495914595
3618 7 1698495914655
3619 7 1698495914719
3620 7 1698495914782
3621 7 1698495914836
3622 7 1698495914895
3623 7 1698495914965
3624 7 1698495915026
3625 7 1698495915082
3626 7 1698495915141
3627 7 1698495915201
3628 7 1698495915262
3629 7 1698495915321
3630 7 1698495915381
3631 7 1698495915452
3632 7 1698495915509
3633 7 1698495915564
3634 7 1698495915625
3635 7 1698495915686
3636 7 1698495915752
3637 7 1698495915803
3638 7 1698495915863
3639 7 1698495915929
3640 7 1698495915992
3641 7 1698495916048
3642 7 1698495916108
3643 7 1698495916172
3644 7 1698495916232
3645 7 1698495916289
3646 7 1698495916350
3647 7 1698495916411
3648 7 1698495916470
3649 7 1698495916531
3650 7 1698495916595
3651 7 1698495916657
3652 7 1698495916723
3653 7 1698495916771
3654 7 1698495916830
3655 7 1698495916891
3656 7 1698495916953
3657 7 1698495917020
3658 7 1698495917082
3659 7 1698495917139
3660 7 1698495917201
3661 7 1698495917256
3662 7 1698495917316
3663 7 1698495917381
3664 7 1698495917442
3665 7 1698495917495
3666 7 1698495917559
3667 7 1698495917624
3668 7 1698495917708
3669 7 1698495917741
3670 7 1698495917799
3671 7 1698495917861
3672 7 1698495917926
3673 7 1698495917981
3674 7 1698495918044
3675 7 1698495918108
3676 7 1698495918169
3677 7 1698495918224
3678 7 1698495918283
3679 7 1698495918349
3680 7 1698495918409
3681 7 1698495918464
3682 7 1698495918529
3683 7 1698495918618
3684 7 1698495918654
3685 7 1698495918707
3686 7 1698495918768
3687 7 1698495918834
3688 7 1698495918894
3689 7 1698495918948
3690 7 1698495919007
3691 7 1698495919072
3692 7 1698495919141
3693 8 1698495955951
3694 8 1698495955998
3695 8 1698495956051
3696 8 1698495956119
3697 8 1698495956186
3698 8 1698495956235
3699 8 1698495956295
3700 8 1698495956361
3701 8 1698495956442
3702 8 1698495956475
3703 8 1698495956534
3704 8 1698495956601
3705 8 1698495956665
3706 8 1698495956726
3707 8 1698495956786
3708 8 1698495956844
3709 8 1698495956899
3710 8 1698495956964
3711 8 1698495957026
3712 8 1698495957083
3713 8 1698495957139
3714 8 1698495957207
3715 8 1698495957269
3716 8 1698495957330
3717 8 1698495957383
3718 8 1698495957445
3719 8 1698495957510
3720 8 1698495957565
3721 8 1698495957622
3722 8 1698495957688
3723 8 1698495957752
3724 8 1698495957813
3725 8 1698495957870
3726 8 1698495957932
3727 8 1698495957993
3728 8 1698495958046
3729 8 1698495958108
3730 8 1698495958173
3731 8 1698495958243
3732 8 1698495958296
3733 8 1698495958358
3734 8 1698495958413
3735 8 1698495958475
3736 8 1698495958546
3737 8 1698495958591
3738 8 1698495958650
3739 8 1698495958715
3740 8 1698495958777
3741 8 1698495958838
3742 8 1698495958897
3743 8 1698495958960
3744 8 1698495959019
3745 8 1698495959075
3746 8 1698495959135
3747 8 1698495959205
3748 8 1698495959266
3749 8 1698495959324
3750 8 1698495959379
3751 8 1698495959441
3752 8 1698495959503
3753 8 1698495959558
3754 8 1698495959618
3755 8 1698495959678
3756 8 1698495959739
3757 8 1698495959810
3758 8 1698495959869
3759 8 1698495959929
3760 8 1698495959990
3761 8 1698495960043
3762 8 1698495960107
3763 8 1698495960168
3764 8 1698495960229
3765 8 1698495960287
3766 8 1698495960352
3767 8 1698495960414
3768 8 1698495960473
3769 8 1698495960527
3770 8 1698495960591
3771 8 1698495960653
3772 8 1698495960711
3773 8 1698495960767
3774 8 1698495960833
3775 8 1698495960898
3776 8 1698495960958
3777 8 1698495961012
3778 8 1698495961075
3779 8 1698495961138
3780 8 1698495961196
3781 8 1698495961251
3782 8 1698495961316
3783 8 1698495961377
3784 8 1698495961438
3785 8 1698495961498
3786 8 1698495961557
3787 8 1698495961618
3788 8 1698495961678
3789 8 1698495961738
3790 8 1698495961797
3791 8 1698495961867
3792 8 1698495961930
3793 8 1698495961979
3794 8 1698495962038
3795 8 1698495962099
3796 8 1698495962164
3797 8 1698495962241
3798 8 1698495962280
3799 8 1698495962338
3800 8 1698495962405
3801 8 1698495962469
3802 8 1698495962529
3803 8 1698495962583
3804 8 1698495962643
3805 8 1698495962709
3806 8 1698495962768
3807 8 1698495962825
3808 8 1698495962890
3809 8 1698495962952
3810 8 1698495963011
3811 8 1698495963070
3812 8 1698495963131
3813 8 1698495963192
3814 8 1698495963251
3815 8 1698495963312
3816 8 1698495963371
3817 8 1698495963437
3818 8 1698495963495
3819 8 1698495963552
3820 8 1698495963612
3821 8 1698495963677
3822 8 1698495963738
3823 8 1698495963792
3824 8 1698495963853
3825 8 1698495963918
3826 8 1698495963978
3827 8 1698495964039
3828 8 1698495964098
3829 8 1698495964159
3830 8 1698495964217
3831 8 1698495964279
3832 8 1698495964339
3833 8 1698495964399
3834 8 1698495964462
3835 8 1698495964523
3836 8 1698495964582
3837 8 1698495964644
3838 8 1698495964702
3839 8 1698495964763
3840 8 1698495964822
3841 8 1698495964882
3842 8 1698495964942
3843 8 1698495965007
3844 8 1698495965066
3845 8 1698495965128
3846 8 1698495965187
3847 8 1698495965247
3848 8 1698495965307
3849 8 1698495965368
3850 8 1698495965426
3851 8 1698495965490
3852 8 1698495965550
3853 8 1698495965612
3854 8 1698495965671
3855 8 1698495965727
3856 8 1698495965790
3857 8 1698495965852
3858 8 1698495965920
3859 8 1698495965968
3860 8 1698495966032
3861 8 1698495966097
3862 8 1698495966158
3863 8 1698495966212
3864 8 1698495966278
3865 8 1698495966338
3866 8 1698495966394
3867 8 1698495966450
3868 8 1698495966520
3869 8 1698495966584
3870 8 1698495966642
3871 8 1698495966696
3872 8 1698495966758
3873 8 1698495966822
3874 8 1698495966884
3875 8 1698495966934
3876 8 1698495966997
3877 8 1698495967068
3878 8 1698495967125
3879 8 1698495967181
3880 8 1698495967245
3881 8 1698495967305
3882 8 1698495967366
3883 8 1698495967419
3884 8 1698495967482
3885 8 1698495967545
3886 8 1698495967610
3887 8 1698495967663
3888 8 1698495967725
3889 8 1698495967789
3890 8 1698495967850
3891 8 1698495967904
3892 8 1698495967964
3893 8 1698495968028
3894 8 1698495968094
3895 8 1698495968148
3896 8 1698495968208
3897 8 1698495968274
3898 8 1698495968344
3899 8 1698495968388
3900 8 1698495968447
3901 8 1698495968513
3902 8 1698495968573
3903 8 1698495968636
3904 8 1698495968692
3905 8 1698495968751
3906 8 1698495968812
3907 8 1698495968877
3908 8 1698495968936
3909 8 1698495968990
3910 8 1698495969051
3911 8 1698495969117
3912 8 1698495969181
3913 8 1698495969242
3914 8 1698495969302
3915 8 1698495969355
3916 8 1698495969416
3917 8 1698495969481
3918 8 1698495969541
3919 8 1698495969601
3920 8 1698495969660
3921 8 1698495969721
3922 8 1698495969780
3923 8 1698495969842
3924 8 1698495969904
3925 8 1698495969963
3926 8 1698495970025
3927 8 1698495970083
3928 8 1698495970140
3929 8 1698495970203
3930 8 1698495970266
3931 8 1698495970331
3932 8 1698495970388
3933 8 1698495970449
3934 8 1698495970507
3935 8 1698495970563
3936 8 1698495970629
3937 8 1698495970694
3938 8 1698495970749
3939 8 1698495970807
3940 8 1698495970870
3941 8 1698495970932
3942 8 1698495970994
3943 8 1698495971048
3944 8 1698495971110
3945 8 1698495971170
3946 8 1698495971233
3947 8 1698495971295
3948 8 1698495971354
3949 8 1698495971414
3950 8 1698495971473
3951 8 1698495971536
3952 8 1698495971594
3953 8 1698495971654
3954 8 1698495971719
3955 8 1698495971778
3956 8 1698495971839
3957 8 1698495971900
3958 8 1698495971959
3959 8 1698495972018
3960 8 1698495972078
3961 8 1698495972139
3962 8 1698495972198
3963 8 1698495972263
3964 8 1698495972326
3965 8 1698495972384
3966 8 1698495972440
3967 8 1698495972499
3968 8 1698495972564
3969 8 1698495972636
3970 8 1698495972684
3971 8 1698495972740
3972 8 1698495972808
3973 8 1698495972870
3974 8 1698495972930
3975 8 1698495972984
3976 8 1698495973046
3977 8 1698495973112
3978 8 1698495973170
3979 8 1698495973224
3980 8 1698495973291
3981 8 1698495973352
3982 8 1698495973413
3983 8 1698495973467
3984 8 1698495973530
3985 8 1698495973596
3986 8 1698495973653
3987 8 1698495973708
3988 8 1698495973768
3989 8 1698495973837
3990 8 1698495973897
3991 8 1698495973952
3992 8 1698495974012
3993 8 1698495974078
3994 8 1698495974145
3995 8 1698495974192
3996 8 1698495974258
3997 8 1698495974319
3998 8 1698495974392
3999 8 1698495974435
4000 8 1698495974497
4001 8 1698495974560
4002 8 1698495974621
4003 8 1698495974676
4004 8 1698495974738
4005 8 1698495974820
4006 8 1698495974860
4007 8 1698495974919
4008 8 1698495974987
4009 8 1698495975045
4010 8 1698495975106
4011 8 1698495975160
4012 8 1698495975222
4013 8 1698495975286
4014 8 1698495975346
4015 8 1698495975403
4016 8 1698495975463
4017 8 1698495975531
4018 8 1698495975590
4019 8 1698495975645
4020 8 1698495975710
4021 8 1698495975770
4022 8 1698495975829
4023 8 1698495975887
4024 8 1698495975946
4025 8 1698495976013
4026 8 1698495976074
4027 8 1698495976130
4028 8 1698495976189
4029 8 1698495976251
4030 8 1698495976311
4031 8 1698495976373
4032 8 1698495976435
4033 8 1698495976497
4034 8 1698495976554
4035 8 1698495976613
4036 8 1698495976676
4037 8 1698495976737
4038 8 1698495976797
4039 8 1698495976852
4040 8 1698495976914
4041 8 1698495976985
4042 8 1698495977041
4043 8 1698495977095
4044 8 1698495977154
4045 8 1698495977215
4046 8 1698495977280
4047 8 1698495977341
4048 8 1698495977397
4049 8 1698495977459
4050 8 1698495977527
4051 8 1698495977585
4052 8 1698495977645
4053 8 1698495977699
4054 8 1698495977764
4055 8 1698495977834
4056 8 1698495977886
4057 8 1698495977939
4058 8 1698495978009
4059 8 1698495978069
4060 8 1698495978130
4061 8 1698495978184
4062 8 1698495978246
4063 8 1698495978309
4064 8 1698495978371
4065 8 1698495978424
4066 8 1698495978493
4067 8 1698495978552
4068 8 1698495978613
4069 8 1698495978668
4070 8 1698495978729
4071 8 1698495978793
4072 8 1698495978852
4073 8 1698495978907
4074 8 1698495978969
4075 8 1698495979036
4076 8 1698495979097
4077 8 1698495979153
4078 8 1698495979212
4079 8 1698495979277
4080 8 1698495979338
4081 8 1698495979391
4082 8 1698495979453
4083 8 1698495979517
4084 8 1698495979580
4085 8 1698495979638
4086 8 1698495979698
4087 8 1698495979759
4088 8 1698495979818
4089 8 1698495979878
4090 8 1698495979937
4091 8 1698495980002
4092 8 1698495980065
4093 8 1698495980119
4094 8 1698495980181
4095 8 1698495980245
4096 8 1698495980306
4097 8 1698495980361
4098 8 1698495980420
4099 8 1698495980485
4100 8 1698495980546
4101 8 1698495980605
4102 8 1698495980665
4103 8 1698495980729
4104 8 1698495980790
4105 8 1698495980846
4106 8 1698495980906
4107 8 1698495980965
4108 8 1698495981023
4109 8 1698495981094
4110 8 1698495981152
4111 8 1698495981214
4112 8 1698495981275
4113 8 1698495981333
4114 8 1698495981391
4115 8 1698495981449
4116 8 1698495981509
4117 8 1698495981572
4118 8 1698495981638
4119 8 1698495981697
4120 8 1698495981757
4121 8 1698495981813
4122 8 1698495981875
4123 8 1698495981937
4124 8 1698495981998
4125 8 1698495982052
4126 8 1698495982117
4127 8 1698495982181
4128 8 1698495982242
4129 8 1698495982296
4130 8 1698495982361
4131 8 1698495982423
4132 8 1698495982475
4133 8 1698495982534
4134 8 1698495982594
4135 8 1698495982659
4136 8 1698495982725
4137 8 1698495982785
4138 8 1698495982843
4139 8 1698495982905
4140 8 1698495982960
4141 8 1698495983024
4142 8 1698495983084
4143 8 1698495983150
4144 8 1698495983208
4145 8 1698495983267
4146 8 1698495983328
4147 8 1698495983386
4148 8 1698495983445
4149 8 1698495983506
4150 8 1698495983566
4151 8 1698495983629
4152 8 1698495983694
4153 8 1698495983748
4154 8 1698495983812
4155 8 1698495983875
4156 8 1698495983934
4157 8 1698495983987
4158 8 1698495984047
4159 8 1698495984116
4160 8 1698495984174
4161 8 1698495984234
4162 8 1698495984291
4163 8 1698495984357
4164 8 1698495984420
4165 8 1698495984472
4166 8 1698495984535
4167 8 1698495984596
4168 8 1698495984658
4169 8 1698495984711
4170 8 1698495984777
4171 8 1698495984842
4172 8 1698495984907
4173 8 1698495984956
4174 8 1698495985018
4175 8 1698495985081
4176 8 1698495985143
4177 8 1698495985196
4178 8 1698495985262
4179 8 1698495985328
4180 8 1698495985387
4181 8 1698495985440
4182 8 1698495985504
4183 8 1698495985564
4184 8 1698495985626
4185 8 1698495985680
4186 8 1698495985745
4187 8 1698495985810
4188 8 1698495985876
4189 8 1698495985924
4190 8 1698495985983
4191 8 1698495986049
4192 8 1698495986110
4193 8 1698495986166
4194 8 1698495986225
4195 8 1698495986299
4196 8 1698495986354
4197 8 1698495986407
4198 8 1698495986469
4199 8 1698495986531
4200 8 1698495986590
4201 8 1698495986652
4202 8 1698495986710
4203 8 1698495986770
4204 8 1698495986834
4205 8 1698495986894
4206 8 1698495986956
4207 8 1698495987015
4208 8 1698495987072
4209 8 1698495987132
4210 9 1698496026446
4211 9 1698496026499
4212 9 1698496026562
4213 9 1698496026616
4214 9 1698496026675
4215 9 1698496026741
4216 9 1698496026809
4217 9 1698496026856
4218 9 1698496026923
4219 9 1698496026984
4220 9 1698496027042
4221 9 1698496027103
4222 9 1698496027163
4223 9 1698496027223
4224 9 1698496027284
4225 9 1698496027344
4226 9 1698496027407
4227 9 1698496027468
4228 9 1698496027528
4229 9 1698496027587
4230 9 1698496027646
4231 9 1698496027707
4232 9 1698496027767
4233 9 1698496027827
4234 9 1698496027886
4235 9 1698496027953
4236 9 1698496028014
4237 9 1698496028073
4238 9 1698496028134
4239 9 1698496028190
4240 9 1698496028249
4241 9 1698496028312
4242 9 1698496028372
4243 9 1698496028437
4244 9 1698496028496
4245 9 1698496028555
4246 9 1698496028619
4247 9 1698496028676
4248 9 1698496028733
4249 9 1698496028793
4250 9 1698496028858
4251 9 1698496028920
4252 9 1698496028976
4253 9 1698496029041
4254 9 1698496029101
4255 9 1698496029163
4256 9 1698496029222
4257 9 1698496029275
4258 9 1698496029336
4259 9 1698496029401
4260 9 1698496029462
4261 9 1698496029520
4262 9 1698496029582
4263 9 1698496029646
4264 9 1698496029707
4265 9 1698496029760
4266 9 1698496029824
4267 9 1698496029884
4268 9 1698496029942
4269 9 1698496030004
4270 9 1698496030070
4271 9 1698496030133
4272 9 1698496030187
4273 9 1698496030245
4274 9 1698496030311
4275 9 1698496030369
4276 9 1698496030429
4277 9 1698496030488
4278 9 1698496030552
4279 9 1698496030613
4280 9 1698496030673
4281 9 1698496030731
4282 9 1698496030793
4283 9 1698496030853
4284 9 1698496030912
4285 9 1698496030967
4286 9 1698496031033
4287 9 1698496031097
4288 9 1698496031158
4289 9 1698496031212
4290 9 1698496031272
4291 9 1698496031339
4292 9 1698496031398
4293 9 1698496031451
4294 9 1698496031511
4295 9 1698496031575
4296 9 1698496031645
4297 9 1698496031708
4298 9 1698496031756
4299 9 1698496031815
4300 9 1698496031881
4301 9 1698496031946
4302 9 1698496032008
4303 9 1698496032056
4304 9 1698496032123
4305 9 1698496032185
4306 9 1698496032246
4307 9 1698496032301
4308 9 1698496032367
4309 9 1698496032427
4310 9 1698496032487
4311 9 1698496032543
4312 9 1698496032608
4313 9 1698496032671
4314 9 1698496032728
4315 9 1698496032784
4316 9 1698496032845
4317 9 1698496032909
4318 9 1698496032970
4319 9 1698496033026
4320 9 1698496033086
4321 9 1698496033152
4322 9 1698496033213
4323 9 1698496033273
4324 9 1698496033333
4325 9 1698496033392
4326 9 1698496033453
4327 9 1698496033513
4328 9 1698496033572
4329 9 1698496033637
4330 9 1698496033695
4331 9 1698496033753
4332 9 1698496033816
4333 9 1698496033879
4334 9 1698496033938
4335 9 1698496033992
4336 9 1698496034056
4337 9 1698496034117
4338 9 1698496034178
4339 9 1698496034241
4340 9 1698496034302
4341 9 1698496034362
4342 9 1698496034421
4343 9 1698496034475
4344 9 1698496034539
4345 9 1698496034604
4346 9 1698496034664
4347 9 1698496034720
4348 9 1698496034785
4349 9 1698496034846
4350 9 1698496034914
4351 9 1698496034960
4352 9 1698496035025
4353 9 1698496035087
4354 9 1698496035146
4355 9 1698496035205
4356 9 1698496035269
4357 9 1698496035334
4358 9 1698496035400
4359 9 1698496035443
4360 9 1698496035506
4361 9 1698496035570
4362 9 1698496035630
4363 9 1698496035685
4364 9 1698496035752
4365 9 1698496035813
4366 9 1698496035873
4367 9 1698496035929
4368 9 1698496035990
4369 9 1698496036050
4370 9 1698496036109
4371 9 1698496036170
4372 9 1698496036238
4373 9 1698496036297
4374 9 1698496036357
4375 9 1698496036412
4376 9 1698496036472
4377 9 1698496036539
4378 9 1698496036599
4379 9 1698496036652
4380 9 1698496036713
4381 9 1698496036782
4382 9 1698496036842
4383 9 1698496036895
4384 9 1698496036956
4385 9 1698496037022
4386 9 1698496037085
4387 9 1698496037137
4388 9 1698496037196
4389 9 1698496037268
4390 9 1698496037326
4391 9 1698496037382
4392 9 1698496037441
4393 9 1698496037507
4394 9 1698496037579
4395 9 1698496037622
4396 9 1698496037679
4397 9 1698496037741
4398 9 1698496037809
4399 9 1698496037866
4400 9 1698496037926
4401 9 1698496037989
4402 9 1698496038051
4403 9 1698496038104
4404 9 1698496038165
4405 9 1698496038233
4406 9 1698496038291
4407 9 1698496038348
4408 9 1698496038409
4409 9 1698496038474
4410 9 1698496038535
4411 9 1698496038588
4412 9 1698496038647
4413 9 1698496038713
4414 9 1698496038774
4415 9 1698496038828
4416 9 1698496038891
4417 9 1698496038953
4418 9 1698496039016
4419 9 1698496039073
4420 9 1698496039133
4421 9 1698496039197
4422 9 1698496039259
4423 9 1698496039313
4424 9 1698496039377
4425 9 1698496039441
4426 9 1698496039507
4427 9 1698496039555
4428 9 1698496039616
4429 9 1698496039682
4430 9 1698496039742
4431 9 1698496039795
4432 9 1698496039856
4433 9 1698496039925
4434 9 1698496039986
4435 9 1698496040041
4436 9 1698496040100
4437 9 1698496040166
4438 9 1698496040226
4439 9 1698496040282
4440 9 1698496040345
4441 9 1698496040409
4442 9 1698496040471
4443 9 1698496040524
4444 9 1698496040585
4445 9 1698496040648
4446 9 1698496040708
4447 9 1698496040764
4448 9 1698496040827
4449 9 1698496040890
4450 9 1698496040950
4451 9 1698496041008
4452 9 1698496041073
4453 9 1698496041134
4454 9 1698496041194
4455 9 1698496041248
4456 9 1698496041311
4457 9 1698496041374
4458 9 1698496041434
4459 9 1698496041497
4460 9 1698496041555
4461 9 1698496041617
4462 9 1698496041677
4463 9 1698496041733
4464 9 1698496041795
4465 9 1698496041859
4466 9 1698496041919
4467 9 1698496041976
4468 9 1698496042039
4469 9 1698496042101
4470 9 1698496042162
4471 9 1698496042216
4472 9 1698496042280
4473 9 1698496042343
4474 9 1698496042410
4475 9 1698496042455
4476 9 1698496042521
4477 9 1698496042584
4478 9 1698496042645
4479 9 1698496042701
4480 9 1698496042761
4481 9 1698496042822
4482 9 1698496042882
4483 9 1698496042942
4484 9 1698496043004
4485 9 1698496043065
4486 9 1698496043124
4487 9 1698496043188
4488 9 1698496043250
4489 9 1698496043310
4490 9 1698496043363
4491 9 1698496043424
4492 9 1698496043488
4493 9 1698496043554
4494 9 1698496043609
4495 9 1698496043668
4496 9 1698496043732
4497 9 1698496043795
4498 9 1698496043851
4499 9 1698496043907
4500 9 1698496043969
4501 9 1698496044031
4502 9 1698496044095
4503 9 1698496044156
4504 9 1698496044216
4505 9 1698496044276
4506 9 1698496044332
4507 9 1698496044391
4508 9 1698496044457
4509 9 1698496044519
4510 9 1698496044576
4511 9 1698496044636
4512 9 1698496044697
4513 9 1698496044760
4514 9 1698496044818
4515 9 1698496044876
4516 9 1698496044938
4517 9 1698496045018
4518 9 1698496045064
4519 9 1698496045119
4520 9 1698496045179
4521 9 1698496045239
4522 9 1698496045306
4523 9 1698496045371
4524 9 1698496045421
4525 9 1698496045481
4526 9 1698496045541
4527 9 1698496045607
4528 9 1698496045669
4529 9 1698496045730
4530 9 1698496045784
4531 9 1698496045846
4532 9 1698496045907
4533 9 1698496045966
4534 9 1698496046024
4535 9 1698496046085
4536 9 1698496046154
4537 9 1698496046217
4538 9 1698496046269
4539 9 1698496046328
4540 9 1698496046394
4541 9 1698496046454
4542 9 1698496046508
4543 9 1698496046567
4544 9 1698496046627
4545 9 1698496046698
4546 9 1698496046759
4547 9 1698496046818
4548 9 1698496046872
4549 9 1698496046933
4550 9 1698496046997
4551 9 1698496047058
4552 9 1698496047118
4553 9 1698496047176
4554 9 1698496047242
4555 9 1698496047302
4556 9 1698496047357
4557 9 1698496047415
4558 9 1698496047475
4559 9 1698496047538
4560 9 1698496047601
4561 9 1698496047662
4562 9 1698496047724
4563 9 1698496047785
4564 9 1698496047845
4565 9 1698496047905
4566 9 1698496047964
4567 9 1698496048024
4568 9 1698496048084
4569 9 1698496048140
4570 9 1698496048209
4571 9 1698496048270
4572 9 1698496048330
4573 9 1698496048384
4574 9 1698496048447
4575 9 1698496048515
4576 9 1698496048577
4577 9 1698496048630
4578 9 1698496048689
4579 9 1698496048755
4580 9 1698496048813
4581 9 1698496048868
4582 9 1698496048930
4583 9 1698496048995
4584 9 1698496049067
4585 9 1698496049108
4586 9 1698496049167
4587 9 1698496049228
4588 9 1698496049297
4589 9 1698496049358
4590 9 1698496049419
4591 9 1698496049475
4592 9 1698496049535
4593 9 1698496049593
4594 9 1698496049655
4595 9 1698496049716
4596 9 1698496049781
4597 9 1698496049835
4598 9 1698496049899
4599 9 1698496049963
4600 9 1698496050024
4601 9 1698496050076
4602 9 1698496050139
4603 9 1698496050200
4604 9 1698496050259
4605 9 1698496050319
4606 9 1698496050381
4607 9 1698496050445
4608 9 1698496050507
4609 9 1698496050559
4610 9 1698496050620
4611 9 1698496050688
4612 9 1698496050754
4613 9 1698496050808
4614 9 1698496050865
4615 9 1698496050927
4616 9 1698496050991
4617 9 1698496051045
4618 9 1698496051104
4619 9 1698496051165
4620 9 1698496051224
4621 9 1698496051289
4622 9 1698496051353
4623 9 1698496051414
4624 9 1698496051468
4625 9 1698496051534
4626 9 1698496051595
4627 9 1698496051649
4628 9 1698496051708
4629 9 1698496051769
4630 9 1698496051833
4631 9 1698496051904
4632 9 1698496051963
4633 9 1698496052012
4634 9 1698496052077
4635 9 1698496052138
4636 9 1698496052192
4637 9 1698496052251
4638 9 1698496052316
4639 9 1698496052382
4640 9 1698496052443
4641 9 1698496052495
4642 9 1698496052559
4643 9 1698496052622
4644 9 1698496052683
4645 9 1698496052736
4646 9 1698496052799
4647 9 1698496052863
4648 9 1698496052935
4649 9 1698496052980
4650 9 1698496053041
4651 9 1698496053105
4652 9 1698496053187
4653 9 1698496053219
4654 9 1698496053280
4655 9 1698496053346
4656 9 1698496053411
4657 9 1698496053464
4658 9 1698496053524
4659 9 1698496053591
4660 9 1698496053650
4661 9 1698496053704
4662 9 1698496053764
4663 9 1698496053831
4664 9 1698496053894
4665 9 1698496053950
4666 9 1698496054007
4667 9 1698496054069
4668 9 1698496054134
4669 9 1698496054190
4670 9 1698496054247
4671 9 1698496054310
4672 9 1698496054375
4673 9 1698496054428
4674 9 1698496054491
4675 9 1698496054554
4676 9 1698496054625
4677 9 1698496054674
4678 9 1698496054732
4679 9 1698496054795
4680 9 1698496054858
4681 9 1698496054914
4682 9 1698496054976
4683 9 1698496055042
4684 9 1698496055104
4685 9 1698496055156
4686 9 1698496055216
4687 9 1698496055282
4688 9 1698496055351
4689 9 1698496055397
4690 9 1698496055456
4691 9 1698496055526
4692 9 1698496055587
4693 9 1698496055641
4694 9 1698496055701
4695 9 1698496055765
4696 9 1698496055827
4697 9 1698496055880
4698 9 1698496055941
4699 9 1698496056018
4700 9 1698496056070
4701 9 1698496056129
4702 9 1698496056183
4703 9 1698496056244
4704 9 1698496056309
4705 9 1698496056371
4706 9 1698496056429
4707 9 1698496056489
4708 9 1698496056551
4709 9 1698496056607
4710 9 1698496056668
4711 9 1698496056727
4712 9 1698496056787
4713 9 1698496056853
4714 9 1698496056912
4715 9 1698496056973
4716 9 1698496057033
4717 9 1698496057092
4718 9 1698496057160