1 1685796666079
2 1685796666158
3 1685796666183
4 1685796666215
5 1685796666247
6 1685796666275
7 1685796666311
8 1685796666343
9 1685796666378
10 1685796666418
11 1685796666443
12 1685796666480
13 1685796666512
14 1685796666552
15 1685796666581
16 1685796666613
17 1685796666649
18 1685796666681
19 1685796666719
20 1685796666753
21 1685796666782
22 1685796666818
23 1685796666849
24 1685796666886
25 1685796666920
26 1685796666951
27 1685796666987
28 1685796667019
29 1685796667055
30 1685796667089
31 1685796667118
32 1685796667154
33 1685796667186
34 1685796667220
35 1685796667254
36 1685796667287
37 1685796667324
38 1685796667356
39 1685796667388
40 1685796667422
41 1685796667454
42 1685796667495
43 1685796667522
44 1685796667553
45 1685796667587
46 1685796667619
47 1685796667655
48 1685796667687
49 1685796667721
50 1685796667756
51 1685796667789
52 1685796667825
53 1685796667856
54 1685796667891
55 1685796667922
56 1685796667954
57 1685796667990
58 1685796668022
59 1685796668057
60 1685796668091
61 1685796668122
62 1685796668159
63 1685796668191
64 1685796668225
65 1685796668259
66 1685796668291
67 1685796668327
68 1685796668358
69 1685796668393
70 1685796668427
71 1685796668459
72 1685796668495
73 1685796668530
74 1685796668566
75 1685796668598
76 1685796668626
77 1685796668667
78 1685796668700
79 1685796668730
80 1685796668763
81 1685796668794
82 1685796668830
83 1685796668867
84 1685796668904
85 1685796668946
86 1685796668965
87 1685796668998
88 1685796669030
89 1685796669064
90 1685796669098
91 1685796669130
92 1685796669166
93 1685796669203
94 1685796669239
95 1685796669280
96 1685796669305
97 1685796669334
98 1685796669366
99 1685796669400
100 1685796669434
101 1685796669466
102 1685796669502
103 1685796669534
104 1685796669574
105 1685796669629
106 1685796669665
107 1685796669676
108 1685796669736
109 1685796669770
110 1685796669803
111 1685796669838
112 1685796669870
113 1685796669905
114 1685796669939
115 1685796669971
116 1685796670007
117 1685796670044
118 1685796670092
119 1685796670112
120 1685796670172
121 1685796670204
122 1685796670240
123 1685796670281
124 1685796670313
125 1685796670358
126 1685796670382
127 1685796670408
128 1685796670447
129 1685796670481
130 1685796670512
131 1685796670542
132 1685796670577
133 1685796670610
134 1685796670642
135 1685796670684
136 1685796670725
137 1685796670774
138 1685796670787
139 1685796670811
140 1685796670846
141 1685796670879
142 1685796670913
143 1685796670951
144 1685796670985
145 1685796671022
146 1685796671062
147 1685796671081
148 1685796671145
149 1685796671183
150 1685796671221
151 1685796671258
152 1685796671296
153 1685796671315
154 1685796671351
155 1685796671382
156 1685796671416
157 1685796671450
158 1685796671482
159 1685796671518
160 1685796671550
161 1685796671586
162 1685796671620
163 1685796671651
164 1685796671687
165 1685796671720
166 1685796671754
167 1685796671788
168 1685796671820
169 1685796671856
170 1685796671888
171 1685796671922
172 1685796671956
173 1685796671988
174 1685796672024
175 1685796672056
176 1685796672089
177 1685796672123
178 1685796672155
179 1685796672191
180 1685796672223
181 1685796672262
182 1685796672299
183 1685796672326
184 1685796672358
185 1685796672391
186 1685796672424
187 1685796672458
188 1685796672491
189 1685796672527
190 1685796672560
191 1685796672594
192 1685796672629
193 1685796672660
194 1685796672697
195 1685796672729
196 1685796672763
197 1685796672797
198 1685796672830
199 1685796672864
200 1685796672895
201 1685796672929
202 1685796672963
203 1685796672995
204 1685796673033
205 1685796673075
206 1685796673106
207 1685796673143
208 1685796673163
209 1685796673198
210 1685796673231
211 1685796673265
212 1685796673301
213 1685796673334
214 1685796673370
215 1685796673403
216 1685796673433
217 1685796673467
218 1685796673499
219 1685796673535
220 1685796673567
221 1685796673604
222 1685796673656
223 1685796673697
224 1685796673713
225 1685796673734
226 1685796673768
227 1685796673802
228 1685796673835
229 1685796673874
230 1685796673916
231 1685796673951
232 1685796673981
233 1685796674003
234 1685796674038
235 1685796674070
236 1685796674105
237 1685796674141
238 1685796674179
239 1685796674233
240 1685796674252
241 1685796674273
242 1685796674306
243 1685796674338
244 1685796674375
245 1685796674408
246 1685796674444
247 1685796674478
248 1685796674509
249 1685796674545
250 1685796674578
251 1685796674611
252 1685796674643
253 1685796674675
254 1685796674711
255 1685796674744
256 1685796674779
257 1685796674813
258 1685796674845
259 1685796674880
260 1685796674912
261 1685796674946
262 1685796674980
263 1685796675013
264 1685796675048
265 1685796675080
266 1685796675115
267 1685796675148
268 1685796675180
269 1685796675216
270 1685796675249
271 1685796675283
272 1685796675316
273 1685796675348
274 1685796675384
275 1685796675417
276 1685796675451
277 1685796675484
278 1685796675517
279 1685796675552
280 1685796675584
281 1685796675619
282 1685796675653
283 1685796675684
284 1685796675721
285 1685796675752
286 1685796675787
287 1685796675820
288 1685796675853
289 1685796675889
290 1685796675921
291 1685796675955
292 1685796675989
293 1685796676021
294 1685796676056
295 1685796676089
296 1685796676123
297 1685796676159
298 1685796676189
299 1685796676223
300 1685796676255
301 1685796676291
302 1685796676324
303 1685796676356
304 1685796676391
305 1685796676424
306 1685796676459
307 1685796676492
308 1685796676524
309 1685796676560
310 1685796676591
311 1685796676626
312 1685796676660
313 1685796676692
314 1685796676728
315 1685796676760
316 1685796676794
317 1685796676828
318 1685796676861
319 1685796676896
320 1685796676928
321 1685796676962
322 1685796676996
323 1685796677027
324 1685796677063
325 1685796677095
326 1685796677129
327 1685796677162
328 1685796677195
329 1685796677231
330 1685796677263
331 1685796677297
332 1685796677331
333 1685796677363
334 1685796677399
335 1685796677431
336 1685796677466
337 1685796677500
338 1685796677532
339 1685796677567
340 1685796677599
341 1685796677633
342 1685796677667
343 1685796677699
344 1685796677735
345 1685796677767
346 1685796677801
347 1685796677835
348 1685796677867
349 1685796677903
350 1685796677935
351 1685796677969
352 1685796678004
353 1685796678035
354 1685796678071
355 1685796678103
356 1685796678138
357 1685796678172
358 1685796678205
359 1685796678243
360 1685796678290
361 1685796678306
362 1685796678338
363 1685796678370
364 1685796678407
365 1685796678439
366 1685796678474
367 1685796678508
368 1685796678541
369 1685796678578
370 1685796678613
371 1685796678641
372 1685796678675
373 1685796678707
374 1685796678743
375 1685796678775
376 1685796678810
377 1685796678844
378 1685796678876
379 1685796678912
380 1685796678944
381 1685796678978
382 1685796679010
383 1685796679042
384 1685796679079
385 1685796679111
386 1685796679145
387 1685796679179
388 1685796679213
389 1685796679248
390 1685796679279
391 1685796679314
392 1685796679348
393 1685796679380
394 1685796679415
395 1685796679447
396 1685796679482
397 1685796679516
398 1685796679547
399 1685796679583
400 1685796679615
401 1685796679650
402 1685796679683
403 1685796679715
404 1685796679751
405 1685796679783
406 1685796679817
407 1685796679851
408 1685796679883
409 1685796679920
410 1685796679952
411 1685796679986
412 1685796680020
413 1685796680053
414 1685796680089
415 1685796680119
416 1685796680154
417 1685796680187
418 1685796680219
419 1685796680255
420 1685796680288
421 1685796680322
422 1685796680355
423 1685796680387
424 1685796680424
425 1685796680455
426 1685796680490
427 1685796680523
428 1685796680555
429 1685796680591
430 1685796680623
431 1685796680658
432 1685796680691
433 1685796680723
434 1685796680759
435 1685796680792
436 1685796680826
437 1685796680860
438 1685796680892
439 1685796680927
440 1685796680960
441 1685796680995
442 1685796681028
443 1685796681060
444 1685796681096
445 1685796681128
446 1685796681163
447 1685796681196
448 1685796681228
449 1685796681264
450 1685796681296
451 1685796681331
452 1685796681364
453 1685796681396
454 1685796681432
455 1685796681464
456 1685796681499
457 1685796681532
458 1685796681563
459 1685796681600
460 1685796681632
461 1685796681667
462 1685796681700
463 1685796681732
464 1685796681768
465 1685796681800
466 1685796681835
467 1685796681868
468 1685796681901
469 1685796681936
470 1685796681968
471 1685796682003
472 1685796682036
473 1685796682068
474 1685796682104
475 1685796682136
476 1685796682171
477 1685796682204
478 1685796682236
479 1685796682272
480 1685796682304
481 1685796682338
482 1685796682372
483 1685796682404
484 1685796682442
485 1685796682472
486 1685796682507
487 1685796682540
488 1685796682572
489 1685796682608
490 1685796682640
491 1685796682674
492 1685796682708
493 1685796682740
494 1685796682776
495 1685796682808
496 1685796682843
497 1685796682876
498 1685796682908
499 1685796682944
500 1685796682976
501 1685796683011
502 1685796683044
503 1685796683076
504 1685796683112
505 1685796683145
506 1685796683179
507 1685796683212
508 1685796683245
509 1685796683280
510 1685796683312
511 1685796683347
512 1685796683380
513 1685796683412
514 1685796683448
515 1685796683480
516 1685796683515
517 1685796683548
518 1685796683580
519 1685796683616
520 1685796683648
521 1685796683683
522 1685796683716
523 1685796683748
524 1685796683784
525 1685796683816
526 1685796683851
527 1685796683884
528 1685796683916
529 1685796683952
530 1685796683984
531 1685796684019
532 1685796684052
533 1685796684084
534 1685796684120
535 1685796684152
536 1685796684187
537 1685796684220
538 1685796684252
539 1685796684288
540 1685796684320
541 1685796684355
542 1685796684390
543 1685796684420
544 1685796684464
545 1685796684487
546 1685796684521
547 1685796684555
548 1685796684587
549 1685796684624
550 1685796684658
551 1685796684692
552 1685796684728
553 1685796684758
554 1685796684791
555 1685796684823
556 1685796684857
557 1685796684892
558 1685796684925
559 1685796684962
560 1685796684995
561 1685796685030
562 1685796685060
563 1685796685092
564 1685796685128
565 1685796685160
566 1685796685195
567 1685796685228
568 1685796685260
569 1685796685296
570 1685796685328
571 1685796685363
572 1685796685396
573 1685796685428
574 1685796685465
575 1685796685497
576 1685796685531
577 1685796685564
578 1685796685596
579 1685796685632
580 1685796685666
581 1685796685700
582 1685796685733
583 1685796685766
584 1685796685800
585 1685796685832
586 1685796685866
587 1685796685900
588 1685796685931
589 1685796685968
590 1685796686000
591 1685796686034
592 1685796686068
593 1685796686100
594 1685796686136
595 1685796686169
596 1685796686203
597 1685796686236
598 1685796686268
599 1685796686305
600 1685796686336
601 1685796686371
602 1685796686405
603 1685796686437
604 1685796686473
605 1685796686505
606 1685796686540
607 1685796686573
608 1685796686606
609 1685796686641
610 1685796686673
611 1685796686707
612 1685796686741
613 1685796686772
614 1685796686808
615 1685796686840
616 1685796686874
617 1685796686908
618 1685796686940
619 1685796686976
620 1685796687008
621 1685796687042
622 1685796687076
623 1685796687108
624 1685796687143
625 1685796687176
626 1685796687210
627 1685796687244
628 1685796687277
629 1685796687313
630 1685796687345
631 1685796687379
632 1685796687412
633 1685796687445
634 1685796687480
635 1685796687512
636 1685796687545
637 1685796687580
638 1685796687612
639 1685796687650
640 1685796687682
641 1685796687716
642 1685796687749
643 1685796687782
644 1685796687818
645 1685796687847
646 1685796687881
647 1685796687915
648 1685796687947
649 1685796687984
650 1685796688017
651 1685796688053
652 1685796688085
653 1685796688119
654 1685796688152
655 1685796688184
656 1685796688218
657 1685796688251
658 1685796688284
659 1685796688320
660 1685796688352
661 1685796688386
662 1685796688420
663 1685796688452
664 1685796688488
665 1685796688520
666 1685796688555
667 1685796688588
668 1685796688620
669 1685796688656
670 1685796688689
671 1685796688724
672 1685796688758
673 1685796688788
674 1685796688825
675 1685796688856
676 1685796688891
677 1685796688925
678 1685796688957
679 1685796688993
680 1685796689025
681 1685796689063
682 1685796689097
683 1685796689129
684 1685796689159
685 1685796689190
686 1685796689225
687 1685796689261
688 1685796689292
689 1685796689329
690 1685796689360
691 1685796689396
692 1685796689430
693 1685796689461
694 1685796689496
695 1685796689528
696 1685796689562
697 1685796689596
698 1685796689628
699 1685796689664
700 1685796689697
701 1685796689731
702 1685796689765
703 1685796689797
704 1685796689833
705 1685796689865
706 1685796689898
707 1685796689932
708 1685796689964
709 1685796690000
710 1685796690031
711 1685796690067
712 1685796690101
713 1685796690133
714 1685796690169
715 1685796690202
716 1685796690237
717 1685796690268
718 1685796690300
719 1685796690336
720 1685796690368
721 1685796690403
722 1685796690436
723 1685796690468
724 1685796690504
725 1685796690536
726 1685796690570
727 1685796690604
728 1685796690636
729 1685796690671
730 1685796690704
731 1685796690739
732 1685796690772
733 1685796690803
734 1685796690840
735 1685796690872
736 1685796690906
737 1685796690940
738 1685796690972
739 1685796691008
740 1685796691040
741 1685796691074
742 1685796691108
743 1685796691140
744 1685796691176
745 1685796691208
746 1685796691247
747 1685796691280
748 1685796691340
749 1685796691350
750 1685796691374
751 1685796691409
752 1685796691442
753 1685796691474
754 1685796691512
755 1685796691548
756 1685796691584
757 1685796691623
758 1685796691643
759 1685796691679
760 1685796691716
761 1685796691752
762 1685796691786
763 1685796691811
764 1685796691846
765 1685796691878
766 1685796691914
767 1685796691949
768 1685796691986
769 1685796692023
770 1685796692053
771 1685796692081
772 1685796692115
773 1685796692146
774 1685796692183
775 1685796692217
776 1685796692268
777 1685796692295
778 1685796692322
779 1685796692351
780 1685796692383
781 1685796692416
782 1685796692451
783 1685796692485
784 1685796692526
785 1685796692561
786 1685796692591
787 1685796692619
788 1685796692650
789 1685796692686
790 1685796692719
791 1685796692754
792 1685796692789
793 1685796692821
794 1685796692856
795 1685796692886
796 1685796692921
797 1685796692955
798 1685796692987
799 1685796693024
800 1685796693060
801 1685796693101
802 1685796693141
803 1685796693158
804 1685796693194
805 1685796693226
806 1685796693258
807 1685796693290
808 1685796693323
809 1685796693359
810 1685796693391
811 1685796693426
812 1685796693461
813 1685796693494
814 1685796693531
815 1685796693563
816 1685796693594
817 1685796693633
818 1685796693673
819 1685796693707
820 1685796693727
821 1685796693761
822 1685796693795
823 1685796693826
824 1685796693864
825 1685796693901
826 1685796693939
827 1685796693975
828 1685796693997
829 1685796694030
830 1685796694063
831 1685796694097
832 1685796694132
833 1685796694166
834 1685796694204
835 1685796694235
836 1685796694266
837 1685796694299
838 1685796694331
839 1685796694367
840 1685796694400
841 1685796694434
842 1685796694468
843 1685796694499
844 1685796694536
845 1685796694568
846 1685796694602
847 1685796694636
848 1685796694668
849 1685796694704
850 1685796694736
851 1685796694770
852 1685796694804
853 1685796694836
854 1685796694872
855 1685796694904
856 1685796694938
857 1685796694972
858 1685796695004
859 1685796695040
860 1685796695072
861 1685796695107
862 1685796695140
863 1685796695175
864 1685796695213
865 1685796695242
866 1685796695273
867 1685796695307
868 1685796695339
869 1685796695376
870 1685796695409
871 1685796695444
872 1685796695477
873 1685796695509
874 1685796695544
875 1685796695577
876 1685796695611
877 1685796695645
878 1685796695677
879 1685796695712
880 1685796695744
881 1685796695778
882 1685796695811
883 1685796695843
884 1685796695880
885 1685796695912
886 1685796695947
887 1685796695980
888 1685796696013
889 1685796696049
890 1685796696081
891 1685796696115
892 1685796696148
893 1685796696181
894 1685796696217
895 1685796696249
896 1685796696283
897 1685796696317
898 1685796696349
899 1685796696385
900 1685796696417
901 1685796696451
902 1685796696486
903 1685796696516
904 1685796696552
905 1685796696584
906 1685796696618
907 1685796696652
908 1685796696684
909 1685796696723
910 1685796696764
911 1685796696799
912 1685796696822
913 1685796696851
914 1685796696887
915 1685796696919
916 1685796696954
917 1685796696989
918 1685796697021
919 1685796697057
920 1685796697088
921 1685796697123
922 1685796697157
923 1685796697188
924 1685796697224
925 1685796697256
926 1685796697290
927 1685796697324
928 1685796697355
929 1685796697392
930 1685796697424
931 1685796697458
932 1685796697492
933 1685796697524
934 1685796697560
935 1685796697592
936 1685796697627
937 1685796697661
938 1685796697695
939 1685796697729
940 1685796697761
941 1685796697795
942 1685796697829
943 1685796697861
944 1685796697896
945 1685796697930
946 1685796697963
947 1685796697996
948 1685796698029
949 1685796698065
950 1685796698097
951 1685796698131
952 1685796698165
953 1685796698197
954 1685796698233
955 1685796698265
956 1685796698299
957 1685796698333
958 1685796698364
959 1685796698401
960 1685796698432
961 1685796698467
962 1685796698501
963 1685796698533
964 1685796698569
965 1685796698601
966 1685796698635
967 1685796698669
968 1685796698701
969 1685796698737
970 1685796698768
971 1685796698803
972 1685796698837
973 1685796698869
974 1685796698904
975 1685796698936
976 1685796698971
977 1685796699005
978 1685796699037
979 1685796699072
980 1685796699104
981 1685796699139
982 1685796699172
983 1685796699205
984 1685796699241
985 1685796699272
986 1685796699307
987 1685796699341
988 1685796699372
989 1685796699409
990 1685796699441
991 1685796699475
992 1685796699508
993 1685796699541
994 1685796699577
995 1685796699608
996 1685796699641
997 1685796699675
998 1685796699707
999 1685796699746
1000 1685796699778
1001 1685796699813
1002 1685796699846
1003 1685796699875
1004 1685796699911
1005 1685796699943
1006 1685796699978
1007 1685796700015
1008 1685796700049
1009 1685796700088
1010 1685796700116
1011 1685796700145
1012 1685796700179
1013 1685796700212
1014 1685796700248
1015 1685796700280
1016 1685796700315
1017 1685796700348
1018 1685796700381
1019 1685796700416
1020 1685796700448
1021 1685796700484
1022 1685796700517
1023 1685796700549
1024 1685796700584
1025 1685796700616
1026 1685796700650
1027 1685796700684
1028 1685796700716
1029 1685796700752
1030 1685796700785
1031 1685796700819
1032 1685796700852
1033 1685796700885
1034 1685796700921
1035 1685796700952
1036 1685796700987
1037 1685796701021
1038 1685796701053
1039 1685796701089
1040 1685796701121
1041 1685796701155
1042 1685796701189
1043 1685796701220
1044 1685796701255
1045 1685796701286
1046 1685796701322
1047 1685796701355
1048 1685796701387
1049 1685796701423
1050 1685796701457
1051 1685796701492
1052 1685796701525
1053 1685796701558
1054 1685796701593
1055 1685796701626
1056 1685796701661
1057 1685796701691
1058 1685796701723
1059 1685796701760
1060 1685796701792
1061 1685796701826
1062 1685796701860
1063 1685796701892
1064 1685796701929
1065 1685796701961
1066 1685796701995
1067 1685796702028
1068 1685796702061
1069 1685796702096
1070 1685796702129
1071 1685796702163
1072 1685796702197
1073 1685796702229
1074 1685796702265
1075 1685796702297
1076 1685796702331
1077 1685796702365
1078 1685796702397
1079 1685796702438
1080 1685796702465
1081 1685796702499
1082 1685796702533
1083 1685796702565
1084 1685796702601
1085 1685796702633
1086 1685796702667
1087 1685796702701
1088 1685796702733
1089 1685796702769
1090 1685796702801
1091 1685796702835
1092 1685796702869
1093 1685796702901
1094 1685796702936
1095 1685796702969
1096 1685796703002
1097 1685796703037
1098 1685796703068
1099 1685796703105
1100 1685796703137
1101 1685796703171
1102 1685796703205
1103 1685796703237
1104 1685796703273
1105 1685796703305
1106 1685796703339
1107 1685796703373
1108 1685796703405
1109 1685796703440
1110 1685796703473
1111 1685796703507
1112 1685796703541
1113 1685796703573
1114 1685796703609
1115 1685796703641
1116 1685796703675
1117 1685796703709
1118 1685796703741
1119 1685796703777
1120 1685796703809
1121 1685796703843
1122 1685796703877
1123 1685796703908
1124 1685796703945
1125 1685796703977
1126 1685796704011
1127 1685796704045
1128 1685796704077
1129 1685796704113
1130 1685796704145
1131 1685796704179
1132 1685796704213
1133 1685796704245
1134 1685796704281
1135 1685796704313
1136 1685796704347
1137 1685796704380
1138 1685796704413
1139 1685796704449
1140 1685796704482
1141 1685796704515
1142 1685796704549
1143 1685796704580
1144 1685796704617
1145 1685796704649
1146 1685796704683
1147 1685796704716
1148 1685796704749
1149 1685796704785
1150 1685796704817
1151 1685796704851
1152 1685796704885
1153 1685796704916
1154 1685796704952
1155 1685796704984
1156 1685796705019
1157 1685796705052
1158 1685796705085
1159 1685796705120
1160 1685796705153
1161 1685796705187
1162 1685796705224
1163 1685796705258
1164 1685796705288
1165 1685796705319
1166 1685796705354
1167 1685796705388
1168 1685796705420
1169 1685796705456
1170 1685796705489
1171 1685796705524
1172 1685796705556
1173 1685796705589
1174 1685796705625
1175 1685796705657
1176 1685796705692
1177 1685796705725
1178 1685796705757
1179 1685796705793
1180 1685796705826
1181 1685796705858
1182 1685796705892
1183 1685796705924
1184 1685796705960
1185 1685796705992
1186 1685796706026
1187 1685796706060
1188 1685796706092
1189 1685796706128
1190 1685796706160
1191 1685796706194
1192 1685796706228
1193 1685796706260
1194 1685796706296
1195 1685796706328
1196 1685796706360
1197 1685796706396
1198 1685796706428
1199 1685796706464
1200 1685796706496
1201 1685796706530
1202 1685796706564
1203 1685796706597
1204 1685796706633
1205 1685796706665
1206 1685796706699
1207 1685796706732
1208 1685796706764
1209 1685796706801
1210 1685796706833
1211 1685796706865
1212 1685796706900
1213 1685796706932
1214 1685796706968
1215 1685796707001
1216 1685796707035
1217 1685796707069
1218 1685796707101
1219 1685796707136
1220 1685796707168
1221 1685796707201
1222 1685796707237
1223 1685796707269
1224 1685796707305
1225 1685796707337
1226 1685796707369
1227 1685796707404
1228 1685796707437
1229 1685796707473
1230 1685796707504
1231 1685796707537
1232 1685796707573
1233 1685796707605
1234 1685796707639
1235 1685796707671
1236 1685796707706
1237 1685796707739
1238 1685796707772
1239 1685796707810
1240 1685796707844
1241 1685796707876
1242 1685796707910
1243 1685796707939
1244 1685796707975
1245 1685796708007
1246 1685796708042
1247 1685796708076
1248 1685796708110
1249 1685796708146
1250 1685796708177
1251 1685796708209
1252 1685796708245
1253 1685796708275
1254 1685796708311
1255 1685796708348
1256 1685796708397
1257 1685796708432
1258 1685796708447
1259 1685796708479
1260 1685796708511
1261 1685796708543
1262 1685796708579
1263 1685796708614
1264 1685796708656
1265 1685796708700
1266 1685796708718
1267 1685796708747
1268 1685796708779
1269 1685796708815
1270 1685796708847
1271 1685796708881
1272 1685796708921
1273 1685796708955
1274 1685796708986
1275 1685796709015
1276 1685796709047
1277 1685796709083
1278 1685796709116
1279 1685796709156
1280 1685796709196
1281 1685796709229
1282 1685796709255
1283 1685796709283
1284 1685796709318
1285 1685796709351
1286 1685796709384
1287 1685796709425
1288 1685796709467
1289 1685796709496
1290 1685796709525
1291 1685796709551
1292 1685796709587
1293 1685796709618
1294 1685796709655
1295 1685796709687
1296 1685796709720
1297 1685796709757
1298 1685796709788
1299 1685796709824
1300 1685796709856
1301 1685796709888
1302 1685796709924
1303 1685796709960
1304 1685796709999
1305 1685796710030
1306 1685796710055
1307 1685796710091
1308 1685796710123
1309 1685796710160
1310 1685796710192
1311 1685796710224
1312 1685796710260
1313 1685796710293
1314 1685796710329
1315 1685796710361
1316 1685796710392
1317 1685796710429
1318 1685796710461
1319 1685796710497
1320 1685796710529
1321 1685796710561
1322 1685796710597
1323 1685796710627
1324 1685796710663
1325 1685796710696
1326 1685796710728
1327 1685796710764
1328 1685796710796
1329 1685796710833
1330 1685796710865
1331 1685796710897
1332 1685796710933
1333 1685796710965
1334 1685796711001
1335 1685796711031
1336 1685796711063
1337 1685796711099
1338 1685796711131
1339 1685796711168
1340 1685796711202
1341 1685796711238
1342 1685796711274
1343 1685796711303
1344 1685796711335
1345 1685796711367
1346 1685796711399
1347 1685796711435
1348 1685796711469
1349 1685796711507
1350 1685796711540
1351 1685796711572
1352 1685796711603
1353 1685796711635
1354 1685796711671
1355 1685796711703
1356 1685796711736
1357 1685796711775
1358 1685796711808
1359 1685796711842
1360 1685796711873
1361 1685796711903
1362 1685796711939
1363 1685796711971
1364 1685796712007
1365 1685796712043
1366 1685796712083
1367 1685796712125
1368 1685796712142
1369 1685796712174
1370 1685796712207
1371 1685796712239
1372 1685796712276
1373 1685796712311
1374 1685796712354
1375 1685796712386
1376 1685796712409
1377 1685796712443
1378 1685796712475
1379 1685796712511
1380 1685796712544
1381 1685796712579
1382 1685796712630
1383 1685796712669
1384 1685796712684
1385 1685796712711
1386 1685796712743
1387 1685796712779
1388 1685796712812
1389 1685796712851
1390 1685796712884
1391 1685796712916
1392 1685796712951
1393 1685796712979
1394 1685796713015
1395 1685796713047
1396 1685796713079
1397 1685796713116
1398 1685796713150
1399 1685796713185
1400 1685796713217
1401 1685796713249
1402 1685796713285
1403 1685796713315
1404 1685796713351
1405 1685796713384
1406 1685796713416
1407 1685796713452
1408 1685796713484
1409 1685796713520
1410 1685796713555
1411 1685796713587
1412 1685796713622
1413 1685796713654
1414 1685796713688
1415 1685796713720
1416 1685796713751
1417 1685796713787
1418 1685796713820
1419 1685796713856
1420 1685796713888
1421 1685796713920
1422 1685796713956
1423 1685796713988
1424 1685796714024
1425 1685796714056
1426 1685796714088
1427 1685796714124
1428 1685796714156
1429 1685796714192
1430 1685796714224
1431 1685796714256
1432 1685796714292
1433 1685796714324
1434 1685796714360
1435 1685796714392
1436 1685796714424
1437 1685796714461
1438 1685796714495
1439 1685796714529
1440 1685796714561
1441 1685796714592
1442 1685796714631
1443 1685796714660
1444 1685796714695
1445 1685796714727
1446 1685796714759
1447 1685796714795
1448 1685796714828
1449 1685796714867
1450 1685796714898
1451 1685796714930
1452 1685796714963
1453 1685796714996
1454 1685796715031
1455 1685796715063
1456 1685796715095
1457 1685796715132
1458 1685796715164
1459 1685796715200
1460 1685796715232
1461 1685796715264
1462 1685796715301
1463 1685796715331
1464 1685796715368
1465 1685796715399
1466 1685796715432
1467 1685796715468
1468 1685796715499
1469 1685796715536
1470 1685796715568
1471 1685796715599
1472 1685796715636
1473 1685796715668
1474 1685796715703
1475 1685796715736
1476 1685796715767
1477 1685796715804
1478 1685796715836
1479 1685796715871
1480 1685796715903
1481 1685796715936
1482 1685796715972
1483 1685796716003
1484 1685796716040
1485 1685796716072
1486 1685796716104
1487 1685796716140
1488 1685796716172
1489 1685796716208
1490 1685796716241
1491 1685796716272
1492 1685796716309
1493 1685796716340
1494 1685796716377
1495 1685796716408
1496 1685796716440
1497 1685796716476
1498 1685796716509
1499 1685796716545
1500 1685796716576
1501 1685796716608
1502 1685796716645
1503 1685796716676
1504 1685796716712
1505 1685796716744
1506 1685796716776
1507 1685796716811
1508 1685796716844
1509 1685796716880
1510 1685796716912
1511 1685796716944
1512 1685796716980
1513 1685796717012
1514 1685796717048
1515 1685796717080
1516 1685796717111
1517 1685796717148
1518 1685796717180
1519 1685796717216
1520 1685796717248
1521 1685796717280
1522 1685796717316
1523 1685796717348
1524 1685796717384
1525 1685796717416
1526 1685796717447
1527 1685796717483
1528 1685796717515
1529 1685796717552
1530 1685796717583
1531 1685796717615
1532 1685796717652
1533 1685796717684
1534 1685796717720
1535 1685796717752
1536 1685796717784
1537 1685796717820
1538 1685796717852
1539 1685796717888
1540 1685796717920
1541 1685796717952
1542 1685796717991
1543 1685796718020
1544 1685796718055
1545 1685796718087
1546 1685796718119
1547 1685796718156
1548 1685796718187
1549 1685796718223
1550 1685796718256
1551 1685796718290
1552 1685796718325
1553 1685796718358
1554 1685796718393
1555 1685796718426
1556 1685796718458
1557 1685796718491
1558 1685796718523
1559 1685796718560
1560 1685796718592
1561 1685796718623
1562 1685796718660
1563 1685796718694
1564 1685796718732
1565 1685796718763
1566 1685796718791
1567 1685796718827
1568 1685796718859
1569 1685796718895
1570 1685796718929
1571 1685796718962
1572 1685796718998
1573 1685796719030
1574 1685796719063
1575 1685796719101
1576 1685796719139
1577 1685796719174
1578 1685796719196
1579 1685796719231
1580 1685796719263
1581 1685796719295
1582 1685796719332
1583 1685796719366
1584 1685796719405
1585 1685796719435
1586 1685796719463
1587 1685796719499
1588 1685796719531
1589 1685796719567
1590 1685796719605
1591 1685796719653
1592 1685796719690
1593 1685796719700
1594 1685796719735
1595 1685796719767
1596 1685796719799
1597 1685796719835
1598 1685796719868
1599 1685796719905
1600 1685796719937
1601 1685796719969
1602 1685796720005
1603 1685796720037
1604 1685796720073
1605 1685796720105
1606 1685796720137
1607 1685796720173
1608 1685796720205
1609 1685796720240
1610 1685796720276
1611 1685796720315
1612 1685796720340
1613 1685796720370
1614 1685796720407
1615 1685796720439
1616 1685796720471
1617 1685796720508
1618 1685796720540
1619 1685796720578
1620 1685796720612
1621 1685796720643
1622 1685796720675
1623 1685796720707
1624 1685796720743
1625 1685796720775
1626 1685796720808
1627 1685796720845
1628 1685796720886
1629 1685796720920
1630 1685796720949
1631 1685796720975
1632 1685796721011
1633 1685796721042
1634 1685796721079
1635 1685796721112
1636 1685796721145
1637 1685796721183
1638 1685796721213
1639 1685796721247
1640 1685796721279
1641 1685796721311
1642 1685796721347
1643 1685796721380
1644 1685796721418
1645 1685796721450
1646 1685796721481
1647 1685796721515
1648 1685796721547
1649 1685796721583
1650 1685796721617
1651 1685796721650
1652 1685796721687
1653 1685796721717
1654 1685796721751
1655 1685796721783
1656 1685796721815
1657 1685796721852
1658 1685796721884
1659 1685796721922
1660 1685796721955
1661 1685796721988
1662 1685796722019
1663 1685796722051
1664 1685796722087
1665 1685796722119
1666 1685796722152
1667 1685796722192
1668 1685796722227
1669 1685796722262
1670 1685796722289
1671 1685796722319
1672 1685796722354
1673 1685796722386
1674 1685796722423
1675 1685796722457
1676 1685796722494
1677 1685796722529
1678 1685796722565
1679 1685796722590
1680 1685796722623
1681 1685796722655
1682 1685796722691
1683 1685796722725
1684 1685796722762
1685 1685796722795
1686 1685796722824
1687 1685796722860
1688 1685796722892
1689 1685796722927
1690 1685796722959
1691 1685796722992
1692 1685796723028
1693 1685796723060
1694 1685796723096
1695 1685796723129
1696 1685796723161
1697 1685796723197
1698 1685796723229
1699 1685796723265
1700 1685796723297
1701 1685796723329
1702 1685796723365
1703 1685796723397
1704 1685796723432
1705 1685796723464
1706 1685796723495
1707 1685796723532
1708 1685796723563
1709 1685796723600
1710 1685796723634
1711 1685796723666
1712 1685796723703
1713 1685796723731
1714 1685796723767
1715 1685796723799
1716 1685796723831
1717 1685796723868
1718 1685796723901
1719 1685796723938
1720 1685796723970
1721 1685796724003
1722 1685796724036
1723 1685796724067
1724 1685796724104
1725 1685796724135
1726 1685796724168
1727 1685796724210
1728 1685796724244
1729 1685796724276
1730 1685796724304
1731 1685796724336
1732 1685796724372
1733 1685796724404
1734 1685796724440
1735 1685796724472
1736 1685796724504
1737 1685796724540
1738 1685796724572
1739 1685796724608
1740 1685796724643
1741 1685796724673
1742 1685796724709
1743 1685796724741
1744 1685796724775
1745 1685796724810
1746 1685796724842
1747 1685796724877
1748 1685796724908
1749 1685796724943
1750 1685796724975
1751 1685796725007
1752 1685796725043
1753 1685796725076
1754 1685796725114
1755 1685796725150
1756 1685796725181
1757 1685796725213
1758 1685796725243
1759 1685796725278
1760 1685796725311
1761 1685796725343
1762 1685796725380
1763 1685796725416
1764 1685796725465
1765 1685796725496
1766 1685796725513
1767 1685796725547
1768 1685796725579
1769 1685796725615
1770 1685796725647
1771 1685796725680
1772 1685796725718
1773 1685796725750
1774 1685796725786
1775 1685796725816
1776 1685796725847
1777 1685796725882
1778 1685796725915
1779 1685796725952
1780 1685796725983
1781 1685796726015
1782 1685796726052
1783 1685796726084
1784 1685796726120
1785 1685796726152
1786 1685796726184
1787 1685796726220
1788 1685796726253
1789 1685796726288
1790 1685796726325
1791 1685796726357
1792 1685796726400
1793 1685796726420
1794 1685796726454
1795 1685796726486
1796 1685796726519
1797 1685796726555
1798 1685796726587
1799 1685796726625
1800 1685796726661
1801 1685796726708
1802 1685796726734
1803 1685796726757
1804 1685796726791
1805 1685796726823
1806 1685796726855
1807 1685796726891
1808 1685796726925
1809 1685796726962
1810 1685796726995
1811 1685796727025
1812 1685796727059
1813 1685796727091
1814 1685796727127
1815 1685796727159
1816 1685796727191
1817 1685796727230
1818 1685796727263
1819 1685796727298
1820 1685796727328
1821 1685796727359
1822 1685796727395
1823 1685796727427
1824 1685796727464
1825 1685796727497
1826 1685796727534
1827 1685796727579
1828 1685796727598
1829 1685796727631
1830 1685796727662
1831 1685796727695
1832 1685796727731
1833 1685796727764
1834 1685796727802
1835 1685796727834
1836 1685796727864
1837 1685796727899
1838 1685796727931
1839 1685796727967
1840 1685796727999
1841 1685796728033
1842 1685796728069
1843 1685796728102
1844 1685796728135
1845 1685796728167
1846 1685796728199
1847 1685796728235
1848 1685796728267
1849 1685796728304
1850 1685796728336
1851 1685796728368
1852 1685796728403
1853 1685796728436
1854 1685796728471
1855 1685796728503
1856 1685796728535
1857 1685796728572
1858 1685796728604
1859 1685796728640
1860 1685796728672
1861 1685796728704
1862 1685796728740
1863 1685796728772
1864 1685796728808
1865 1685796728840
1866 1685796728872
1867 1685796728908
1868 1685796728940
1869 1685796728976
1870 1685796729008
1871 1685796729040
1872 1685796729076
1873 1685796729108
1874 1685796729144
1875 1685796729176
1876 1685796729208
1877 1685796729244
1878 1685796729277
1879 1685796729312
1880 1685796729344
1881 1685796729376
1882 1685796729413
1883 1685796729445
1884 1685796729480
1885 1685796729512
1886 1685796729545
1887 1685796729580
1888 1685796729612
1889 1685796729648
1890 1685796729680
1891 1685796729712
1892 1685796729748
1893 1685796729780
1894 1685796729816
1895 1685796729847
1896 1685796729880
1897 1685796729916
1898 1685796729948
1899 1685796729984
1900 1685796730015
1901 1685796730048
1902 1685796730084
1903 1685796730115
1904 1685796730152
1905 1685796730184
1906 1685796730216
1907 1685796730252
1908 1685796730284
1909 1685796730320
1910 1685796730353
1911 1685796730384
1912 1685796730420
1913 1685796730452
1914 1685796730487
1915 1685796730519
1916 1685796730552
1917 1685796730588
1918 1685796730623
1919 1685796730655
1920 1685796730687
1921 1685796730719
1922 1685796730756
1923 1685796730787
1924 1685796730824
1925 1685796730857
1926 1685796730890
1927 1685796730926
1928 1685796730956
1929 1685796730991
1930 1685796731023
1931 1685796731055
1932 1685796731092
1933 1685796731125
1934 1685796731164
1935 1685796731203
1936 1685796731229
1937 1685796731264
1938 1685796731296
1939 1685796731328
1940 1685796731359
1941 1685796731391
1942 1685796731427
1943 1685796731459
1944 1685796731497
1945 1685796731529
1946 1685796731562
1947 1685796731597
1948 1685796731629
1949 1685796731665
1950 1685796731697
1951 1685796731728
1952 1685796731764
1953 1685796731796
1954 1685796731832
1955 1685796731864
1956 1685796731895
1957 1685796731932
1958 1685796731965
1959 1685796732000
1960 1685796732033
1961 1685796732064
1962 1685796732100
1963 1685796732132
1964 1685796732168
1965 1685796732201
1966 1685796732233
1967 1685796732268
1968 1685796732301
1969 1685796732337
1970 1685796732369
1971 1685796732400
1972 1685796732435
1973 1685796732468
1974 1685796732503
1975 1685796732535
1976 1685796732567
1977 1685796732604
1978 1685796732636
1979 1685796732672
1980 1685796732704
1981 1685796732736
1982 1685796732772
1983 1685796732804
1984 1685796732840
1985 1685796732872
1986 1685796732904
1987 1685796732940
1988 1685796732972
1989 1685796733008
1990 1685796733040
1991 1685796733072
1992 1685796733108
1993 1685796733140
1994 1685796733176
1995 1685796733208
1996 1685796733240
1997 1685796733276
1998 1685796733309
1999 1685796733344
2000 1685796733376
2001 1685796733408
2002 1685796733444
2003 1685796733476
2004 1685796733512
2005 1685796733544
2006 1685796733577
2007 1685796733612
2008 1685796733644
2009 1685796733680
2010 1685796733712
2011 1685796733744
2012 1685796733780
2013 1685796733812
2014 1685796733849
2015 1685796733880
2016 1685796733912
2017 1685796733948
2018 1685796733980
2019 1685796734016
2020 1685796734048
2021 1685796734080
2022 1685796734116
2023 1685796734148
2024 1685796734184
2025 1685796734216
2026 1685796734248
2027 1685796734284
2028 1685796734316
2029 1685796734352
2030 1685796734385
2031 1685796734416
2032 1685796734452
2033 1685796734484
2034 1685796734520
2035 1685796734552
2036 1685796734584
2037 1685796734621
2038 1685796734652
2039 1685796734688
2040 1685796734720
2041 1685796734753
2042 1685796734788
2043 1685796734819
2044 1685796734855
2045 1685796734887
2046 1685796734919
2047 1685796734956
2048 1685796734988
2049 1685796735024
2050 1685796735056
2051 1685796735088
2052 1685796735125
2053 1685796735156
2054 1685796735192
2055 1685796735225
2056 1685796735256
2057 1685796735292
2058 1685796735324
2059 1685796735360
2060 1685796735392
2061 1685796735424
2062 1685796735460
2063 1685796735492
2064 1685796735528
2065 1685796735561
2066 1685796735591
2067 1685796735627
2068 1685796735659
2069 1685796735695
2070 1685796735727
2071 1685796735761
2072 1685796735797
2073 1685796735829
2074 1685796735865
2075 1685796735897
2076 1685796735929
2077 1685796735964
2078 1685796735995
2079 1685796736031
2080 1685796736063
2081 1685796736095
2082 1685796736131
2083 1685796736167
2084 1685796736222
2085 1685796736258
2086 1685796736272
2087 1685796736299
2088 1685796736330
2089 1685796736367
2090 1685796736399
2091 1685796736432
2092 1685796736469
2093 1685796736500
2094 1685796736536
2095 1685796736568
2096 1685796736601
2097 1685796736636
2098 1685796736668
2099 1685796736704
2100 1685796736736
2101 1685796736768
2102 1685796736804
2103 1685796736836
2104 1685796736872
2105 1685796736903
2106 1685796736935
2107 1685796736972
2108 1685796737005
2109 1685796737045
2110 1685796737077
2111 1685796737119
2112 1685796737140
2113 1685796737174
2114 1685796737210
2115 1685796737243
2116 1685796737273
2117 1685796737307
2118 1685796737339
2119 1685796737375
2120 1685796737408
2121 1685796737440
2122 1685796737477
2123 1685796737509
2124 1685796737545
2125 1685796737577
2126 1685796737609
2127 1685796737645
2128 1685796737676
2129 1685796737712
2130 1685796737744
2131 1685796737777
2132 1685796737812
2133 1685796737844
2134 1685796737881
2135 1685796737913
2136 1685796737945
2137 1685796737980
2138 1685796738014
2139 1685796738049
2140 1685796738080
2141 1685796738113
2142 1685796738148
2143 1685796738184
2144 1685796738243
2145 1685796738267
2146 1685796738281
2147 1685796738315
2148 1685796738347
2149 1685796738384
2150 1685796738417
2151 1685796738453
2152 1685796738509
2153 1685796738532
2154 1685796738552
2155 1685796738583
2156 1685796738615
2157 1685796738651
2158 1685796738683
2159 1685796738719
2160 1685796738755
2161 1685796738784
2162 1685796738820
2163 1685796738852
2164 1685796738887
2165 1685796738920
2166 1685796738952
2167 1685796738988
2168 1685796739020
2169 1685796739056
2170 1685796739088
2171 1685796739120
2172 1685796739156
2173 1685796739188
2174 1685796739224
2175 1685796739257
2176 1685796739290
2177 1685796739325
2178 1685796739357
2179 1685796739393
2180 1685796739425
2181 1685796739456
2182 1685796739492
2183 1685796739524
2184 1685796739560
2185 1685796739592
2186 1685796739624
2187 1685796739660
2188 1685796739692
2189 1685796739728
2190 1685796739760
2191 1685796739792
2192 1685796739828
2193 1685796739860
2194 1685796739896
2195 1685796739928
2196 1685796739960
2197 1685796739996
2198 1685796740028
2199 1685796740064
2200 1685796740097
2201 1685796740129
2202 1685796740164
2203 1685796740197
2204 1685796740233
2205 1685796740263
2206 1685796740295
2207 1685796740332
2208 1685796740365
2209 1685796740400
2210 1685796740433
2211 1685796740465
2212 1685796740500
2213 1685796740532
2214 1685796740568
2215 1685796740600
2216 1685796740632
2217 1685796740668
2218 1685796740700
2219 1685796740736
2220 1685796740768
2221 1685796740800
2222 1685796740836
2223 1685796740868
2224 1685796740905
2225 1685796740936
2226 1685796740969
2227 1685796741004
2228 1685796741036
2229 1685796741072
2230 1685796741104
2231 1685796741136
2232 1685796741172
2233 1685796741204
2234 1685796741241
2235 1685796741272
2236 1685796741305
2237 1685796741340
2238 1685796741372
2239 1685796741408
2240 1685796741440
2241 1685796741473
2242 1685796741508
2243 1685796741540
2244 1685796741576
2245 1685796741609
2246 1685796741640
2247 1685796741677
2248 1685796741709
2249 1685796741745
2250 1685796741776
2251 1685796741809
2252 1685796741844
2253 1685796741877
2254 1685796741912
2255 1685796741945
2256 1685796741976
2257 1685796742012
2258 1685796742044
2259 1685796742081
2260 1685796742112
2261 1685796742144
2262 1685796742180
2263 1685796742213
2264 1685796742248
2265 1685796742280
2266 1685796742312
2267 1685796742348
2268 1685796742380
2269 1685796742416
2270 1685796742448
2271 1685796742480
2272 1685796742516
2273 1685796742548
2274 1685796742584
2275 1685796742617
2276 1685796742649
2277 1685796742684
2278 1685796742717
2279 1685796742752
2280 1685796742784
2281 1685796742816
2282 1685796742852
2283 1685796742884
2284 1685796742920
2285 1685796742952
2286 1685796742983
2287 1685796743019
2288 1685796743051
2289 1685796743087
2290 1685796743120
2291 1685796743153
2292 1685796743189
2293 1685796743221
2294 1685796743255
2295 1685796743287
2296 1685796743318
2297 1685796743356
2298 1685796743388
2299 1685796743425
2300 1685796743457
2301 1685796743490
2302 1685796743526
2303 1685796743557
2304 1685796743591
2305 1685796743623
2306 1685796743655
2307 1685796743691
2308 1685796743723
2309 1685796743760
2310 1685796743794
2311 1685796743826
2312 1685796743860
2313 1685796743891
2314 1685796743927
2315 1685796743959
2316 1685796743991
2317 1685796744028
2318 1685796744061
2319 1685796744096
2320 1685796744128
2321 1685796744160
2322 1685796744196
2323 1685796744227
2324 1685796744263
2325 1685796744295
2326 1685796744327
2327 1685796744363
2328 1685796744396
2329 1685796744434
2330 1685796744466
2331 1685796744498
2332 1685796744531
2333 1685796744563
2334 1685796744599
2335 1685796744631
2336 1685796744663
2337 1685796744701
2338 1685796744734
2339 1685796744770
2340 1685796744801
2341 1685796744833
2342 1685796744868
2343 1685796744899
2344 1685796744935
2345 1685796744967
2346 1685796744999
2347 1685796745035
2348 1685796745068
2349 1685796745105
2350 1685796745138
2351 1685796745169
2352 1685796745204
2353 1685796745236
2354 1685796745272
2355 1685796745304
2356 1685796745335
2357 1685796745372
2358 1685796745404
2359 1685796745439
2360 1685796745471
2361 1685796745504
2362 1685796745542
2363 1685796745573
2364 1685796745608
2365 1685796745640
2366 1685796745672
2367 1685796745707
2368 1685796745739
2369 1685796745775
2370 1685796745808
2371 1685796745839
2372 1685796745876
2373 1685796745908
2374 1685796745945
2375 1685796745977
2376 1685796746007
2377 1685796746043
2378 1685796746075
2379 1685796746111
2380 1685796746143
2381 1685796746177
2382 1685796746213
2383 1685796746245
2384 1685796746280
2385 1685796746312
2386 1685796746344
2387 1685796746380
2388 1685796746412
2389 1685796746448
2390 1685796746479
2391 1685796746512
2392 1685796746547
2393 1685796746580
2394 1685796746616
2395 1685796746647
2396 1685796746680
2397 1685796746716
2398 1685796746748
2399 1685796746784
2400 1685796746815
2401 1685796746848
2402 1685796746884
2403 1685796746916
2404 1685796746952
2405 1685796746984
2406 1685796747016
2407 1685796747052
2408 1685796747084
2409 1685796747120
2410 1685796747153
2411 1685796747185
2412 1685796747220
2413 1685796747252
2414 1685796747288
2415 1685796747320
2416 1685796747352
2417 1685796747388
2418 1685796747420
2419 1685796747456
2420 1685796747488
2421 1685796747520
2422 1685796747556
2423 1685796747588
2424 1685796747624
2425 1685796747656
2426 1685796747688
2427 1685796747724
2428 1685796747756
2429 1685796747792
2430 1685796747825
2431 1685796747856
2432 1685796747892
2433 1685796747924
2434 1685796747961
2435 1685796747992
2436 1685796748024
2437 1685796748061
2438 1685796748093
2439 1685796748128
2440 1685796748160
2441 1685796748193
2442 1685796748228
2443 1685796748260
2444 1685796748296
2445 1685796748328
2446 1685796748361
2447 1685796748396
2448 1685796748428
2449 1685796748464
2450 1685796748496
2451 1685796748528
2452 1685796748563
2453 1685796748596
2454 1685796748632
2455 1685796748663
2456 1685796748696
2457 1685796748732
2458 1685796748764
2459 1685796748800
2460 1685796748832
2461 1685796748864
2462 1685796748900
2463 1685796748931
2464 1685796748967
2465 1685796748999
2466 1685796749032
2467 1685796749067
2468 1685796749099
2469 1685796749141
2470 1685796749187
2471 1685796749223
2472 1685796749239
2473 1685796749267
2474 1685796749303
2475 1685796749334
2476 1685796749366
2477 1685796749404
2478 1685796749438
2479 1685796749474
2480 1685796749505
2481 1685796749536
2482 1685796749572
2483 1685796749604
2484 1685796749640
2485 1685796749672
2486 1685796749703
2487 1685796749739
2488 1685796749772
2489 1685796749809
2490 1685796749843
2491 1685796749876
2492 1685796749909
2493 1685796749939
2494 1685796749975
2495 1685796750007
2496 1685796750039
2497 1685796750077
2498 1685796750110
2499 1685796750146
2500 1685796750176
2501 1685796750207
2502 1685796750243
2503 1685796750275
2504 1685796750311
2505 1685796750344
2506 1685796750377
2507 1685796750412
2508 1685796750444
2509 1685796750479
2510 1685796750511
2511 1685796750543
2512 1685796750579
2513 1685796750612
2514 1685796750650
2515 1685796750683
2516 1685796750713
2517 1685796750747
2518 1685796750779
2519 1685796750815
2520 1685796750847
2521 1685796750880
2522 1685796750915
2523 1685796750948
2524 1685796750983
2525 1685796751016
2526 1685796751048
2527 1685796751083
2528 1685796751116
2529 1685796751152
2530 1685796751183
2531 1685796751215
2532 1685796751252
2533 1685796751284
2534 1685796751320
2535 1685796751352
2536 1685796751384
2537 1685796751420
2538 1685796751453
2539 1685796751488
2540 1685796751520
2541 1685796751552
2542 1685796751589
2543 1685796751624
2544 1685796751655
2545 1685796751687
2546 1685796751719
2547 1685796751756
2548 1685796751788
2549 1685796751824
2550 1685796751857
2551 1685796751889
2552 1685796751925
2553 1685796751957
2554 1685796751993
2555 1685796752025
2556 1685796752057
2557 1685796752093
2558 1685796752125
2559 1685796752160
2560 1685796752193
2561 1685796752225
2562 1685796752261
2563 1685796752293
2564 1685796752328
2565 1685796752361
2566 1685796752393
2567 1685796752429
2568 1685796752461
2569 1685796752497
2570 1685796752528
2571 1685796752561
2572 1685796752597
2573 1685796752628
2574 1685796752665
2575 1685796752697
2576 1685796752729
2577 1685796752765
2578 1685796752797
2579 1685796752833
2580 1685796752865
2581 1685796752897
2582 1685796752933
2583 1685796752965
2584 1685796753000
2585 1685796753033
2586 1685796753064
2587 1685796753100
2588 1685796753132
2589 1685796753169
2590 1685796753201
2591 1685796753233
2592 1685796753269
2593 1685796753301
2594 1685796753337
2595 1685796753369
2596 1685796753401
2597 1685796753437
2598 1685796753469
2599 1685796753505
2600 1685796753537
2601 1685796753569
2602 1685796753605
2603 1685796753637
2604 1685796753673
2605 1685796753704
2606 1685796753737
2607 1685796753773
2608 1685796753805
2609 1685796753841
2610 1685796753873
2611 1685796753905
2612 1685796753940
2613 1685796753973
2614 1685796754009
2615 1685796754041
2616 1685796754073
2617 1685796754109
2618 1685796754141
2619 1685796754177
2620 1685796754209
2621 1685796754241
2622 1685796754277
2623 1685796754309
2624 1685796754345
2625 1685796754380
2626 1685796754408
2627 1685796754444
2628 1685796754475
2629 1685796754512
2630 1685796754544
2631 1685796754576
2632 1685796754612
2633 1685796754644
2634 1685796754680
2635 1685796754712
2636 1685796754744
2637 1685796754780
2638 1685796754812
2639 1685796754848
2640 1685796754880
2641 1685796754912
2642 1685796754948
2643 1685796754980
2644 1685796755016
2645 1685796755048
2646 1685796755080
2647 1685796755116
2648 1685796755148
2649 1685796755184
2650 1685796755216
2651 1685796755248
2652 1685796755284
2653 1685796755316
2654 1685796755352
2655 1685796755384
2656 1685796755415
2657 1685796755451
2658 1685796755483
2659 1685796755520
2660 1685796755552
2661 1685796755584
2662 1685796755620
2663 1685796755652
2664 1685796755688
2665 1685796755720
2666 1685796755752
2667 1685796755789
2668 1685796755821
2669 1685796755856
2670 1685796755888
2671 1685796755920
2672 1685796755956
2673 1685796755989
2674 1685796756024
2675 1685796756056
2676 1685796756089
2677 1685796756124
2678 1685796756156
2679 1685796756192
2680 1685796756224
2681 1685796756256
2682 1685796756293
2683 1685796756325
2684 1685796756360
2685 1685796756392
2686 1685796756424
2687 1685796756460
2688 1685796756492
2689 1685796756528
2690 1685796756560
2691 1685796756592
2692 1685796756629
2693 1685796756660
2694 1685796756696
2695 1685796756728
2696 1685796756760
2697 1685796756796
2698 1685796756828
2699 1685796756864
2700 1685796756896
2701 1685796756928
2702 1685796756965
2703 1685796756996
2704 1685796757033
2705 1685796757064
2706 1685796757096
2707 1685796757133
2708 1685796757164
2709 1685796757200
2710 1685796757232
2711 1685796757264
2712 1685796757300
2713 1685796757332
2714 1685796757368
2715 1685796757400
2716 1685796757432
2717 1685796757468
2718 1685796757500
2719 1685796757537
2720 1685796757569
2721 1685796757600
2722 1685796757636
2723 1685796757669
2724 1685796757704
2725 1685796757737
2726 1685796757768
2727 1685796757805
2728 1685796757836
2729 1685796757873
2730 1685796757904
2731 1685796757937
2732 1685796757972
2733 1685796758004
2734 1685796758041
2735 1685796758073
2736 1685796758104
2737 1685796758140
2738 1685796758172
2739 1685796758209
2740 1685796758242
2741 1685796758273
2742 1685796758309
2743 1685796758341
2744 1685796758377
2745 1685796758408
2746 1685796758440
2747 1685796758476
2748 1685796758509
2749 1685796758545
2750 1685796758577
2751 1685796758609
2752 1685796758645
2753 1685796758677
2754 1685796758712
2755 1685796758744
2756 1685796758776
2757 1685796758812
2758 1685796758848
2759 1685796758894
2760 1685796758934
2761 1685796758945
2762 1685796758979
2763 1685796759011
2764 1685796759048
2765 1685796759079
2766 1685796759114
2767 1685796759155
2768 1685796759204
2769 1685796759221
2770 1685796759247
2771 1685796759279
2772 1685796759316
2773 1685796759347
2774 1685796759384
2775 1685796759418
2776 1685796759451
2777 1685796759486
2778 1685796759516
2779 1685796759552
2780 1685796759584
2781 1685796759616
2782 1685796759652
2783 1685796759684
2784 1685796759720
2785 1685796759752
2786 1685796759784
2787 1685796759821
2788 1685796759854
2789 1685796759889
2790 1685796759920
2791 1685796759952
2792 1685796759988
2793 1685796760020
2794 1685796760055
2795 1685796760087
2796 1685796760119
2797 1685796760156
2798 1685796760188
2799 1685796760225
2800 1685796760258
2801 1685796760289
2802 1685796760326
2803 1685796760357
2804 1685796760391
2805 1685796760423
2806 1685796760455
2807 1685796760491
2808 1685796760524
2809 1685796760562
2810 1685796760594
2811 1685796760626
2812 1685796760660
2813 1685796760692
2814 1685796760728
2815 1685796760760
2816 1685796760792
2817 1685796760829
2818 1685796760860
2819 1685796760896
2820 1685796760928
2821 1685796760960
2822 1685796760996
2823 1685796761028
2824 1685796761064
2825 1685796761096
2826 1685796761129
2827 1685796761164
2828 1685796761196
2829 1685796761237
2830 1685796761270
2831 1685796761305
2832 1685796761332
2833 1685796761363
2834 1685796761399
2835 1685796761431
2836 1685796761463
2837 1685796761502
2838 1685796761538
2839 1685796761574
2840 1685796761611
2841 1685796761631
2842 1685796761667
2843 1685796761699
2844 1685796761735
2845 1685796761768
2846 1685796761802
2847 1685796761838
2848 1685796761870
2849 1685796761904
2850 1685796761936
2851 1685796761967
2852 1685796762003
2853 1685796762036
2854 1685796762072
2855 1685796762104
2856 1685796762136
2857 1685796762172
2858 1685796762204
2859 1685796762239
2860 1685796762272
2861 1685796762304
2862 1685796762340
2863 1685796762373
2864 1685796762408
2865 1685796762445
2866 1685796762496
2867 1685796762511
2868 1685796762539
2869 1685796762575
2870 1685796762607
2871 1685796762639
2872 1685796762676
2873 1685796762712
2874 1685796762758
2875 1685796762782
2876 1685796762809
2877 1685796762843
2878 1685796762875
2879 1685796762911
2880 1685796762944
2881 1685796762979
2882 1685796763022
2883 1685796763073
2884 1685796763093
2885 1685796763111
2886 1685796763143
2887 1685796763179
2888 1685796763211
2889 1685796763251
2890 1685796763291
2891 1685796763318
2892 1685796763350
2893 1685796763379
2894 1685796763415
2895 1685796763447
2896 1685796763480
2897 1685796763519
2898 1685796763556
2899 1685796763589
2900 1685796763623
2901 1685796763647
2902 1685796763688
2903 1685796763737
2904 1685796763753
2905 1685796763783
2906 1685796763815
2907 1685796763852
2908 1685796763884
2909 1685796763923
2910 1685796763970
2911 1685796763988
2912 1685796764024
2913 1685796764051
2914 1685796764087
2915 1685796764119
2916 1685796764157
2917 1685796764194
2918 1685796764242
2919 1685796764261
2920 1685796764287
2921 1685796764319
2922 1685796764355
2923 1685796764388
2924 1685796764426
2925 1685796764461
2926 1685796764508
2927 1685796764537
2928 1685796764555
2929 1685796764597
2930 1685796764634
2931 1685796764659
2932 1685796764691
2933 1685796764723
2934 1685796764759
2935 1685796764791
2936 1685796764825
2937 1685796764863
2938 1685796764902
2939 1685796764931
2940 1685796764959
2941 1685796764991
2942 1685796765028
2943 1685796765060
2944 1685796765097
2945 1685796765130
2946 1685796765162
2947 1685796765198
2948 1685796765230
2949 1685796765266
2950 1685796765298
2951 1685796765328
2952 1685796765364
2953 1685796765396
2954 1685796765432
2955 1685796765464
2956 1685796765495
2957 1685796765533
2958 1685796765567
2959 1685796765605
2960 1685796765632
2961 1685796765663
2962 1685796765699
2963 1685796765731
2964 1685796765768
2965 1685796765802
2966 1685796765847
2967 1685796765873
2968 1685796765902
2969 1685796765935
2970 1685796765973
2971 1685796766005
2972 1685796766041
2973 1685796766068
2974 1685796766103
2975 1685796766141
2976 1685796766176
2977 1685796766226
2978 1685796766238
2979 1685796766271
2980 1685796766303
2981 1685796766336
2982 1685796766372
2983 1685796766405
2984 1685796766441
2985 1685796766475
2986 1685796766512
2987 1685796766541
2988 1685796766571
2989 1685796766607
2990 1685796766639
2991 1685796766672
2992 1685796766710
2993 1685796766746
2994 1685796766781
2995 1685796766811
2996 1685796766839
2997 1685796766875
2998 1685796766908
2999 1685796766944
3000 1685796766981
3001 1685796767014
3002 1685796767065
3003 1685796767084
3004 1685796767143
3005 1685796767176
3006 1685796767212
3007 1685796767244
3008 1685796767281
3009 1685796767314
3010 1685796767346
3011 1685796767382
3012 1685796767414
3013 1685796767450
3014 1685796767481
3015 1685796767512
3016 1685796767548
3017 1685796767580
3018 1685796767616
3019 1685796767648
3020 1685796767680
3021 1685796767716
3022 1685796767748
3023 1685796767784
3024 1685796767816
3025 1685796767849
3026 1685796767885
3027 1685796767917
3028 1685796767953
3029 1685796767985
3030 1685796768018
3031 1685796768053
3032 1685796768085
3033 1685796768121
3034 1685796768153
3035 1685796768185
3036 1685796768221
3037 1685796768253
3038 1685796768289
3039 1685796768320
3040 1685796768352
3041 1685796768389
3042 1685796768423
3043 1685796768458
3044 1685796768487
3045 1685796768519
3046 1685796768555
3047 1685796768588
3048 1685796768625
3049 1685796768657
3050 1685796768689
3051 1685796768726
3052 1685796768758
3053 1685796768794
3054 1685796768826
3055 1685796768858
3056 1685796768892
3057 1685796768923
3058 1685796768960
3059 1685796768993
3060 1685796769025
3061 1685796769061
3062 1685796769092
3063 1685796769129
3064 1685796769161
3065 1685796769193
3066 1685796769229
3067 1685796769261
3068 1685796769297
3069 1685796769329
3070 1685796769361
3071 1685796769397
3072 1685796769429
3073 1685796769465
3074 1685796769497
3075 1685796769529
3076 1685796769565
3077 1685796769597
3078 1685796769633
3079 1685796769665
3080 1685796769697
3081 1685796769733
3082 1685796769765
3083 1685796769802
3084 1685796769833
3085 1685796769865
3086 1685796769900
3087 1685796769933
3088 1685796769969
3089 1685796770000
3090 1685796770033
3091 1685796770069
3092 1685796770101
3093 1685796770137
3094 1685796770169
3095 1685796770201
3096 1685796770236
3097 1685796770269
3098 1685796770305
3099 1685796770337
3100 1685796770369
3101 1685796770405
3102 1685796770437
3103 1685796770473
3104 1685796770505
3105 1685796770537
3106 1685796770573
3107 1685796770605
3108 1685796770641
3109 1685796770673
3110 1685796770704
3111 1685796770741
3112 1685796770773
3113 1685796770809
3114 1685796770841
3115 1685796770873
3116 1685796770909
3117 1685796770939
3118 1685796770975
3119 1685796771007
3120 1685796771039
3121 1685796771076
3122 1685796771109
3123 1685796771147
3124 1685796771179
3125 1685796771211
3126 1685796771244
3127 1685796771275
3128 1685796771311
3129 1685796771343
3130 1685796771376
3131 1685796771415
3132 1685796771449
3133 1685796771484
3134 1685796771513
3135 1685796771543
3136 1685796771579
3137 1685796771611
3138 1685796771648
3139 1685796771681
3140 1685796771732
3141 1685796771768
3142 1685796771792
3143 1685796771815
3144 1685796771847
3145 1685796771879
3146 1685796771915
3147 1685796771948
3148 1685796771988
3149 1685796772019
3150 1685796772050
3151 1685796772084
3152 1685796772115
3153 1685796772151
3154 1685796772183
3155 1685796772216
3156 1685796772252
3157 1685796772284
3158 1685796772320
3159 1685796772352
3160 1685796772384
3161 1685796772420
3162 1685796772452
3163 1685796772488
3164 1685796772521
3165 1685796772552
3166 1685796772588
3167 1685796772622
3168 1685796772656
3169 1685796772688
3170 1685796772720
3171 1685796772756
3172 1685796772788
3173 1685796772824
3174 1685796772856
3175 1685796772888
3176 1685796772925
3177 1685796772957
3178 1685796772993
3179 1685796773025
3180 1685796773057
3181 1685796773092
3182 1685796773124
3183 1685796773161
3184 1685796773193
3185 1685796773225
3186 1685796773261
3187 1685796773293
3188 1685796773328
3189 1685796773360
3190 1685796773392
3191 1685796773429
3192 1685796773461
3193 1685796773496
3194 1685796773528
3195 1685796773561
3196 1685796773597
3197 1685796773628
3198 1685796773665
3199 1685796773697
3200 1685796773728
3201 1685796773764
3202 1685796773796
3203 1685796773833
3204 1685796773865
3205 1685796773897
3206 1685796773933
3207 1685796773965
3208 1685796774001
3209 1685796774033
3210 1685796774065
3211 1685796774101
3212 1685796774133
3213 1685796774169
3214 1685796774201
3215 1685796774233
3216 1685796774268
3217 1685796774300
3218 1685796774337
3219 1685796774369
3220 1685796774400
3221 1685796774437
3222 1685796774468
3223 1685796774505
3224 1685796774536
3225 1685796774568
3226 1685796774605
3227 1685796774637
3228 1685796774672
3229 1685796774705
3230 1685796774737
3231 1685796774773
3232 1685796774805
3233 1685796774841
3234 1685796774873
3235 1685796774905
3236 1685796774940
3237 1685796774972
3238 1685796775009
3239 1685796775041
3240 1685796775072
3241 1685796775109
3242 1685796775141
3243 1685796775177
3244 1685796775209
3245 1685796775240
3246 1685796775277
3247 1685796775309
3248 1685796775345
3249 1685796775376
3250 1685796775409
3251 1685796775445
3252 1685796775477
3253 1685796775513
3254 1685796775544
3255 1685796775577
3256 1685796775612
3257 1685796775644
3258 1685796775680
3259 1685796775713
3260 1685796775745
3261 1685796775780
3262 1685796775813
3263 1685796775849
3264 1685796775881
3265 1685796775913
3266 1685796775949
3267 1685796775981
3268 1685796776017
3269 1685796776048
3270 1685796776080
3271 1685796776116
3272 1685796776147
3273 1685796776184
3274 1685796776216
3275 1685796776248
3276 1685796776285
3277 1685796776321
3278 1685796776358
3279 1685796776389
3280 1685796776415
3281 1685796776451
3282 1685796776483
3283 1685796776520
3284 1685796776553
3285 1685796776584
3286 1685796776620
3287 1685796776653
3288 1685796776689
3289 1685796776721
3290 1685796776753
3291 1685796776789
3292 1685796776825
3293 1685796776857
3294 1685796776887
3295 1685796776919
3296 1685796776955
3297 1685796776987
3298 1685796777024
3299 1685796777057
3300 1685796777092
3301 1685796777130
3302 1685796777162
3303 1685796777191
3304 1685796777224
3305 1685796777256
3306 1685796777292
3307 1685796777324
3308 1685796777361
3309 1685796777393
3310 1685796777425
3311 1685796777460
3312 1685796777493
3313 1685796777529
3314 1685796777562
3315 1685796777592
3316 1685796777628
3317 1685796777660
3318 1685796777696
3319 1685796777728
3320 1685796777760
3321 1685796777796
3322 1685796777828
3323 1685796777864
3324 1685796777896
3325 1685796777928
3326 1685796777964
3327 1685796777996
3328 1685796778032
3329 1685796778068
3330 1685796778104
3331 1685796778138
3332 1685796778164
3333 1685796778199
3334 1685796778231
3335 1685796778263
3336 1685796778305
3337 1685796778338
3338 1685796778374
3339 1685796778405
3340 1685796778432
3341 1685796778467
3342 1685796778499
3343 1685796778535
3344 1685796778568
3345 1685796778603
3346 1685796778647
3347 1685796778694
3348 1685796778705
3349 1685796778735
3350 1685796778767
3351 1685796778803
3352 1685796778836
3353 1685796778872
3354 1685796778906
3355 1685796778938
3356 1685796778974
3357 1685796779006
3358 1685796779040
3359 1685796779071
3360 1685796779103
3361 1685796779140
3362 1685796779172
3363 1685796779208
3364 1685796779240
3365 1685796779273
3366 1685796779310
3367 1685796779342
3368 1685796779376
3369 1685796779408
3370 1685796779440
3371 1685796779476
3372 1685796779509
3373 1685796779546
3374 1685796779578
3375 1685796779609
3376 1685796779645
3377 1685796779676
3378 1685796779712
3379 1685796779744
3380 1685796779776
3381 1685796779812
3382 1685796779844
3383 1685796779880
3384 1685796779912
3385 1685796779945
3386 1685796779980
3387 1685796780012
3388 1685796780049
3389 1685796780081
3390 1685796780112
3391 1685796780148
3392 1685796780180
3393 1685796780216
3394 1685796780248
3395 1685796780280
3396 1685796780317
3397 1685796780348
3398 1685796780384
3399 1685796780416
3400 1685796780448
3401 1685796780484
3402 1685796780516
3403 1685796780552
3404 1685796780584
3405 1685796780616
3406 1685796780652
3407 1685796780684
3408 1685796780720
3409 1685796780752
3410 1685796780784
3411 1685796780820
3412 1685796780852
3413 1685796780888
3414 1685796780920
3415 1685796780952
3416 1685796780989
3417 1685796781020
3418 1685796781056
3419 1685796781089
3420 1685796781121
3421 1685796781156
3422 1685796781189
3423 1685796781225
3424 1685796781256
3425 1685796781288
3426 1685796781324
3427 1685796781356
3428 1685796781392
3429 1685796781428
3430 1685796781463
3431 1685796781499
3432 1685796781525
3433 1685796781559
3434 1685796781591
3435 1685796781623
3436 1685796781660
3437 1685796781695
3438 1685796781744
3439 1685796781778
3440 1685796781798
3441 1685796781827
3442 1685796781859
3443 1685796781895
3444 1685796781928
3445 1685796781963
3446 1685796782000
3447 1685796782043
3448 1685796782065
3449 1685796782095
3450 1685796782127
3451 1685796782163
3452 1685796782196
3453 1685796782234
3454 1685796782268
3455 1685796782299
3456 1685796782333
3457 1685796782365
3458 1685796782400
3459 1685796782433
3460 1685796782464
3461 1685796782501
3462 1685796782532
3463 1685796782568
3464 1685796782601
3465 1685796782633
3466 1685796782669
3467 1685796782701
3468 1685796782737
3469 1685796782769
3470 1685796782801
3471 1685796782837
3472 1685796782868
3473 1685796782905
3474 1685796782937
3475 1685796782969
3476 1685796783005
3477 1685796783037
3478 1685796783073
3479 1685796783105
3480 1685796783137
3481 1685796783173
3482 1685796783205
3483 1685796783241
3484 1685796783273
3485 1685796783305
3486 1685796783341
3487 1685796783373
3488 1685796783409
3489 1685796783441
3490 1685796783473
3491 1685796783509
3492 1685796783541
3493 1685796783577
3494 1685796783609
3495 1685796783641
3496 1685796783677
3497 1685796783709
3498 1685796783745
3499 1685796783777
3500 1685796783809
3501 1685796783844
3502 1685796783877
3503 1685796783913
3504 1685796783945
3505 1685796783976
3506 1685796784012
3507 1685796784045
3508 1685796784081
3509 1685796784113
3510 1685796784145
3511 1685796784181
3512 1685796784213
3513 1685796784249
3514 1685796784281
3515 1685796784313
3516 1685796784348
3517 1685796784381
3518 1685796784417
3519 1685796784449
3520 1685796784481
3521 1685796784517
3522 1685796784549
3523 1685796784585
3524 1685796784617
3525 1685796784649
3526 1685796784685
3527 1685796784717
3528 1685796784753
3529 1685796784785
3530 1685796784817
3531 1685796784853
3532 1685796784885
3533 1685796784921
3534 1685796784952
3535 1685796784985
3536 1685796785021
3537 1685796785053
3538 1685796785089
3539 1685796785121
3540 1685796785153
3541 1685796785189
3542 1685796785221
3543 1685796785257
3544 1685796785289
3545 1685796785319
3546 1685796785356
3547 1685796785388
3548 1685796785423
3549 1685796785457
3550 1685796785490
3551 1685796785526
3552 1685796785559
3553 1685796785594
3554 1685796785623
3555 1685796785656
3556 1685796785692
3557 1685796785724
3558 1685796785762
3559 1685796785795
3560 1685796785828
3561 1685796785864
3562 1685796785892
3563 1685796785928
3564 1685796785960
3565 1685796785992
3566 1685796786028
3567 1685796786061
3568 1685796786097
3569 1685796786129
3570 1685796786160
3571 1685796786197
3572 1685796786228
3573 1685796786265
3574 1685796786297
3575 1685796786328
3576 1685796786365
3577 1685796786401
3578 1685796786439
3579 1685796786469
3580 1685796786496
3581 1685796786531
3582 1685796786563
3583 1685796786600
3584 1685796786633
3585 1685796786665
3586 1685796786701
3587 1685796786733
3588 1685796786769
3589 1685796786801
3590 1685796786833
3591 1685796786869
3592 1685796786901
3593 1685796786937
3594 1685796786967
3595 1685796787000
3596 1685796787036
3597 1685796787067
3598 1685796787104
3599 1685796787139
3600 1685796787172
3601 1685796787208
3602 1685796787236
3603 1685796787272
3604 1685796787303
3605 1685796787335
3606 1685796787372
3607 1685796787406
3608 1685796787444
3609 1685796787475
3610 1685796787504
3611 1685796787539
3612 1685796787571
3613 1685796787607
3614 1685796787639
3615 1685796787673
3616 1685796787713
3617 1685796787746
3618 1685796787778
3619 1685796787808
3620 1685796787839
3621 1685796787875
3622 1685796787908
3623 1685796787945
3624 1685796787979
3625 1685796788012
3626 1685796788046
3627 1685796788076
3628 1685796788112
3629 1685796788144
3630 1685796788176
3631 1685796788212
3632 1685796788244
3633 1685796788279
3634 1685796788312
3635 1685796788345
3636 1685796788381
3637 1685796788413
3638 1685796788449
3639 1685796788481
3640 1685796788513
3641 1685796788548
3642 1685796788580
3643 1685796788616
3644 1685796788649
3645 1685796788680
3646 1685796788716
3647 1685796788748
3648 1685796788784
3649 1685796788816
3650 1685796788848
3651 1685796788885
3652 1685796788917
3653 1685796788953
3654 1685796788984
3655 1685796789017
3656 1685796789052
3657 1685796789085
3658 1685796789119
3659 1685796789153
3660 1685796789185
3661 1685796789221
3662 1685796789253
3663 1685796789288
3664 1685796789321
3665 1685796789353
3666 1685796789389
3667 1685796789421
3668 1685796789455
3669 1685796789489
3670 1685796789520
3671 1685796789557
3672 1685796789589
3673 1685796789623
3674 1685796789656
3675 1685796789688
3676 1685796789724
3677 1685796789756
3678 1685796789790
3679 1685796789835
3680 1685796789858
3681 1685796789893
3682 1685796789924
3683 1685796789958
3684 1685796789991
3685 1685796790023
3686 1685796790060
3687 1685796790093
3688 1685796790128
3689 1685796790161
3690 1685796790193
3691 1685796790229
3692 1685796790262
3693 1685796790296
3694 1685796790328
3695 1685796790360
3696 1685796790396
3697 1685796790427
3698 1685796790462
3699 1685796790496
3700 1685796790527
3701 1685796790564
3702 1685796790595
3703 1685796790630
3704 1685796790663
3705 1685796790696
3706 1685796790732
3707 1685796790765
3708 1685796790800
3709 1685796790833
3710 1685796790865
3711 1685796790901
3712 1685796790933
3713 1685796790967
3714 1685796791000
3715 1685796791032
3716 1685796791068
3717 1685796791100
3718 1685796791135
3719 1685796791169
3720 1685796791203
3721 1685796791237
3722 1685796791270
3723 1685796791304
3724 1685796791338
3725 1685796791369
3726 1685796791405
3727 1685796791437
3728 1685796791472
3729 1685796791504
3730 1685796791537
3731 1685796791572
3732 1685796791604
3733 1685796791639
3734 1685796791672
3735 1685796791704
3736 1685796791741
3737 1685796791773
3738 1685796791808
3739 1685796791841
3740 1685796791873
3741 1685796791909
3742 1685796791941
3743 1685796791975
3744 1685796792009
3745 1685796792041
3746 1685796792077
3747 1685796792109
3748 1685796792143
3749 1685796792177
3750 1685796792209
3751 1685796792245
3752 1685796792278
3753 1685796792311
3754 1685796792344
3755 1685796792377
3756 1685796792413
3757 1685796792444
3758 1685796792480
3759 1685796792513
3760 1685796792545
3761 1685796792580
3762 1685796792613
3763 1685796792650
3764 1685796792681
3765 1685796792712
3766 1685796792749
3767 1685796792781
3768 1685796792816
3769 1685796792849
3770 1685796792881
3771 1685796792918
3772 1685796792949
3773 1685796792984
3774 1685796793017
3775 1685796793049
3776 1685796793084
3777 1685796793117
3778 1685796793151
3779 1685796793185
3780 1685796793217
3781 1685796793252
3782 1685796793284
3783 1685796793319
3784 1685796793353
3785 1685796793385
3786 1685796793421
3787 1685796793453
3788 1685796793487
3789 1685796793521
3790 1685796793553
3791 1685796793589
3792 1685796793623
3793 1685796793656
3794 1685796793687
3795 1685796793719
3796 1685796793755
3797 1685796793787
3798 1685796793823
3799 1685796793857
3800 1685796793890
3801 1685796793926
3802 1685796793958
3803 1685796793993
3804 1685796794024
3805 1685796794056
3806 1685796794097
3807 1685796794130
3808 1685796794165
3809 1685796794192
3810 1685796794223
3811 1685796794259
3812 1685796794292
3813 1685796794327
3814 1685796794363
3815 1685796794396
3816 1685796794431
3817 1685796794460
3818 1685796794494
3819 1685796794528
3820 1685796794560
3821 1685796794596
3822 1685796794628
3823 1685796794663
3824 1685796794696
3825 1685796794729
3826 1685796794765
3827 1685796794796
3828 1685796794831
3829 1685796794865
3830 1685796794896
3831 1685796794932
3832 1685796794964
3833 1685796794999
3834 1685796795032
3835 1685796795064
3836 1685796795100
3837 1685796795133
3838 1685796795168
3839 1685796795200
3840 1685796795232
3841 1685796795268
3842 1685796795301
3843 1685796795335
3844 1685796795369
3845 1685796795401
3846 1685796795437
3847 1685796795468
3848 1685796795502
3849 1685796795536
3850 1685796795568
3851 1685796795604
3852 1685796795636
3853 1685796795671
3854 1685796795704
3855 1685796795736
3856 1685796795772
3857 1685796795805
3858 1685796795839
3859 1685796795873
3860 1685796795905
3861 1685796795941
3862 1685796795973
3863 1685796796008
3864 1685796796040
3865 1685796796072
3866 1685796796108
3867 1685796796140
3868 1685796796175
3869 1685796796209
3870 1685796796240
3871 1685796796277
3872 1685796796309
3873 1685796796343
3874 1685796796377
3875 1685796796408
3876 1685796796445
3877 1685796796477
3878 1685796796511
3879 1685796796545
3880 1685796796577
3881 1685796796613
3882 1685796796644
3883 1685796796679
3884 1685796796713
3885 1685796796745
3886 1685796796780
3887 1685796796813
3888 1685796796847
3889 1685796796881
3890 1685796796913
3891 1685796796949
3892 1685796796981
3893 1685796797015
3894 1685796797049
3895 1685796797081
3896 1685796797117
3897 1685796797149
3898 1685796797183
3899 1685796797217
3900 1685796797249
3901 1685796797285
3902 1685796797318
3903 1685796797351
3904 1685796797385
3905 1685796797417
3906 1685796797453
3907 1685796797484
3908 1685796797518
3909 1685796797552
3910 1685796797584
3911 1685796797620
3912 1685796797651
3913 1685796797686
3914 1685796797721
3915 1685796797753
3916 1685796797787
3917 1685796797819
3918 1685796797853
3919 1685796797887
3920 1685796797920
3921 1685796797957
3922 1685796797992
3923 1685796798027
3924 1685796798061
3925 1685796798088
3926 1685796798123
3927 1685796798155
3928 1685796798190
3929 1685796798225
3930 1685796798259
3931 1685796798294
3932 1685796798326
3933 1685796798360
3934 1685796798394
3935 1685796798423
3936 1685796798459
3937 1685796798492
3938 1685796798526
3939 1685796798560
3940 1685796798593
3941 1685796798630
3942 1685796798662
3943 1685796798695
3944 1685796798727
3945 1685796798760
3946 1685796798796
3947 1685796798828
3948 1685796798862
3949 1685796798896
3950 1685796798928
3951 1685796798964
3952 1685796798996
3953 1685796799031
3954 1685796799064
3955 1685796799096
3956 1685796799132
3957 1685796799164
3958 1685796799199
3959 1685796799232
3960 1685796799264
3961 1685796799300
3962 1685796799333
3963 1685796799367
3964 1685796799400
3965 1685796799432
3966 1685796799468
3967 1685796799500
3968 1685796799535
3969 1685796799568
3970 1685796799600
3971 1685796799636
3972 1685796799668
3973 1685796799703
3974 1685796799737
3975 1685796799769
3976 1685796799804
3977 1685796799837
3978 1685796799871
3979 1685796799905
3980 1685796799937
3981 1685796799973
3982 1685796800005
3983 1685796800039
3984 1685796800073
3985 1685796800105
3986 1685796800141
3987 1685796800173
3988 1685796800207
3989 1685796800241
3990 1685796800273
3991 1685796800309
3992 1685796800341
3993 1685796800376
3994 1685796800409
3995 1685796800441
3996 1685796800475
3997 1685796800508
3998 1685796800542
3999 1685796800577
4000 1685796800608
4001 1685796800644
4002 1685796800676
4003 1685796800711
4004 1685796800744
4005 1685796800777
4006 1685796800812
4007 1685796800844
4008 1685796800879
4009 1685796800912
4010 1685796800945
4011 1685796800980
4012 1685796801012
4013 1685796801047
4014 1685796801080
4015 1685796801112
4016 1685796801148
4017 1685796801185
4018 1685796801228
4019 1685796801265
4020 1685796801283
4021 1685796801316
4022 1685796801348
4023 1685796801382
4024 1685796801416
4025 1685796801452
4026 1685796801488
4027 1685796801520
4028 1685796801551
4029 1685796801590
4030 1685796801626
4031 1685796801656
4032 1685796801684
4033 1685796801718
4034 1685796801752
4035 1685796801784
4036 1685796801820
4037 1685796801855
4038 1685796801896
4039 1685796801931
4040 1685796801956
4041 1685796801988
4042 1685796802019
4043 1685796802053
4044 1685796802087
4045 1685796802120
4046 1685796802157
4047 1685796802195
4048 1685796802244
4049 1685796802276
4050 1685796802288
4051 1685796802323
4052 1685796802356
4053 1685796802390
4054 1685796802425
4055 1685796802457
4056 1685796802495
4057 1685796802527
4058 1685796802559
4059 1685796802591
4060 1685796802623
4061 1685796802660
4062 1685796802692
4063 1685796802730
4064 1685796802771
4065 1685796802801
4066 1685796802837
4067 1685796802859
4068 1685796802893
4069 1685796802927
4070 1685796802965
4071 1685796803001
4072 1685796803043
4073 1685796803083
4074 1685796803096
4075 1685796803127
4076 1685796803163
4077 1685796803196
4078 1685796803231
4079 1685796803269
4080 1685796803319
4081 1685796803354
4082 1685796803376
4083 1685796803398
4084 1685796803431
4085 1685796803463
4086 1685796803500
4087 1685796803533
4088 1685796803570
4089 1685796803603
4090 1685796803634
4091 1685796803669
4092 1685796803700
4093 1685796803734
4094 1685796803768
4095 1685796803800
4096 1685796803837
4097 1685796803869
4098 1685796803904
4099 1685796803937
4100 1685796803969
4101 1685796804005
4102 1685796804037
4103 1685796804072
4104 1685796804106
4105 1685796804137
4106 1685796804173
4107 1685796804205
4108 1685796804240
4109 1685796804273
4110 1685796804305
4111 1685796804341
4112 1685796804374
4113 1685796804407
4114 1685796804440
4115 1685796804472
4116 1685796804508
4117 1685796804540
4118 1685796804575
4119 1685796804610
4120 1685796804641
4121 1685796804677
4122 1685796804708
4123 1685796804743
4124 1685796804775
4125 1685796804808
4126 1685796804844
4127 1685796804876
4128 1685796804910
4129 1685796804944
4130 1685796804976
4131 1685796805012
4132 1685796805045
4133 1685796805079
4134 1685796805112
4135 1685796805145
4136 1685796805180
4137 1685796805213
4138 1685796805247
4139 1685796805281
4140 1685796805312
4141 1685796805349
4142 1685796805381
4143 1685796805415
4144 1685796805448
4145 1685796805481
4146 1685796805517
4147 1685796805549
4148 1685796805584
4149 1685796805617
4150 1685796805649
4151 1685796805685
4152 1685796805717
4153 1685796805751
4154 1685796805785
4155 1685796805817
4156 1685796805853
4157 1685796805885
4158 1685796805919
4159 1685796805953
4160 1685796805985
4161 1685796806021
4162 1685796806052
4163 1685796806087
4164 1685796806121
4165 1685796806153
4166 1685796806189
4167 1685796806221
4168 1685796806255
4169 1685796806289
4170 1685796806321
4171 1685796806357
4172 1685796806389
4173 1685796806423
4174 1685796806457
4175 1685796806489
4176 1685796806525
4177 1685796806557
4178 1685796806591
4179 1685796806625
4180 1685796806657
4181 1685796806693
4182 1685796806724
4183 1685796806760
4184 1685796806792
4185 1685796806825
4186 1685796806860
4187 1685796806893
4188 1685796806928
4189 1685796806961
4190 1685796806993
4191 1685796807029
4192 1685796807061
4193 1685796807095
4194 1685796807129
4195 1685796807161
4196 1685796807197
4197 1685796807229
4198 1685796807262
4199 1685796807295
4200 1685796807328
4201 1685796807364
4202 1685796807397
4203 1685796807433
4204 1685796807467
4205 1685796807499
4206 1685796807532
4207 1685796807564
4208 1685796807598
4209 1685796807631
4210 1685796807663
4211 1685796807701
4212 1685796807734
4213 1685796807769
4214 1685796807802
4215 1685796807832
4216 1685796807868
4217 1685796807900
4218 1685796807935
4219 1685796807969
4220 1685796808003
4221 1685796808039
4222 1685796808069
4223 1685796808102
4224 1685796808135
4225 1685796808167
4226 1685796808204
4227 1685796808237
4228 1685796808276
4229 1685796808318
4230 1685796808340
4231 1685796808371
4232 1685796808403
4233 1685796808438
4234 1685796808472
4235 1685796808505
4236 1685796808542
4237 1685796808578
4238 1685796808609
4239 1685796808640
4240 1685796808671
4241 1685796808707
4242 1685796808740
4243 1685796808776
4244 1685796808815
4245 1685796808848
4246 1685796808882
4247 1685796808908
4248 1685796808942
4249 1685796808975
4250 1685796809007
4251 1685796809044
4252 1685796809076
4253 1685796809111
4254 1685796809145
4255 1685796809177
4256 1685796809213
4257 1685796809245
4258 1685796809278
4259 1685796809312
4260 1685796809344
4261 1685796809380
4262 1685796809412
4263 1685796809447
4264 1685796809481
4265 1685796809512
4266 1685796809549
4267 1685796809581
4268 1685796809615
4269 1685796809648
4270 1685796809681
4271 1685796809717
4272 1685796809749
4273 1685796809783
4274 1685796809816
4275 1685796809849
4276 1685796809885
4277 1685796809916
4278 1685796809951
4279 1685796809985
4280 1685796810016
4281 1685796810053
4282 1685796810085
4283 1685796810119
4284 1685796810153
4285 1685796810185
4286 1685796810221
4287 1685796810253
4288 1685796810288
4289 1685796810320
4290 1685796810352
4291 1685796810389
4292 1685796810421
4293 1685796810456
4294 1685796810488
4295 1685796810519
4296 1685796810556
4297 1685796810588
4298 1685796810622
4299 1685796810656
4300 1685796810690
4301 1685796810731
4302 1685796810761
4303 1685796810791
4304 1685796810823
4305 1685796810855
4306 1685796810891
4307 1685796810923
4308 1685796810959
4309 1685796810995
4310 1685796811033
4311 1685796811081
4312 1685796811104
4313 1685796811127
4314 1685796811159
4315 1685796811191
4316 1685796811228
4317 1685796811260
4318 1685796811296
4319 1685796811329
4320 1685796811361
4321 1685796811397
4322 1685796811429
4323 1685796811463
4324 1685796811496
4325 1685796811528
4326 1685796811564
4327 1685796811596
4328 1685796811630
4329 1685796811665
4330 1685796811697
4331 1685796811734
4332 1685796811764
4333 1685796811798
4334 1685796811832
4335 1685796811864
4336 1685796811900
4337 1685796811932
4338 1685796811967
4339 1685796812000
4340 1685796812032
4341 1685796812069
4342 1685796812101
4343 1685796812135
4344 1685796812168
4345 1685796812200
4346 1685796812236
4347 1685796812268
4348 1685796812303
4349 1685796812336
4350 1685796812368
4351 1685796812404
4352 1685796812436
4353 1685796812471
4354 1685796812504
4355 1685796812536
4356 1685796812577
4357 1685796812618
4358 1685796812667
4359 1685796812682
4360 1685796812703
4361 1685796812739
4362 1685796812771
4363 1685796812806
4364 1685796812840
4365 1685796812872
4366 1685796812908
4367 1685796812939
4368 1685796812974
4369 1685796813008
4370 1685796813040
4371 1685796813076
4372 1685796813108
4373 1685796813142
4374 1685796813176
4375 1685796813207
4376 1685796813246
4377 1685796813276
4378 1685796813311
4379 1685796813344
4380 1685796813376
4381 1685796813412
4382 1685796813444
4383 1685796813479
4384 1685796813513
4385 1685796813544
4386 1685796813581
4387 1685796813613
4388 1685796813647
4389 1685796813681
4390 1685796813712
4391 1685796813748
4392 1685796813780
4393 1685796813815
4394 1685796813848
4395 1685796813881
4396 1685796813916
4397 1685796813949
4398 1685796813983
4399 1685796814021
4400 1685796814054
4401 1685796814090
4402 1685796814116
4403 1685796814154
4404 1685796814189
4405 1685796814217
4406 1685796814251
4407 1685796814289
4408 1685796814334
4409 1685796814365
4410 1685796814385
4411 1685796814424
4412 1685796814454
4413 1685796814486
4414 1685796814525
4415 1685796814558
4416 1685796814589
4417 1685796814619
4418 1685796814654
4419 1685796814694
4420 1685796814749
4421 1685796814777
4422 1685796814790
4423 1685796814822
4424 1685796814856
4425 1685796814888
4426 1685796814924
4427 1685796814958
4428 1685796814994
4429 1685796815029
4430 1685796815057
4431 1685796815092
4432 1685796815123
4433 1685796815159
4434 1685796815192
4435 1685796815226
4436 1685796815262
4437 1685796815295
4438 1685796815328
4439 1685796815360
4440 1685796815392
4441 1685796815428
4442 1685796815460
4443 1685796815495
4444 1685796815533
4445 1685796815582
4446 1685796815608
4447 1685796815630
4448 1685796815662
4449 1685796815695
4450 1685796815727
4451 1685796815764
4452 1685796815797
4453 1685796815833
4454 1685796815865
4455 1685796815897
4456 1685796815934
4457 1685796815966
4458 1685796815999
4459 1685796816032
4460 1685796816065
4461 1685796816100
4462 1685796816132
4463 1685796816167
4464 1685796816201
4465 1685796816233
4466 1685796816269
4467 1685796816301
4468 1685796816336
4469 1685796816369
4470 1685796816400
4471 1685796816436
4472 1685796816468
4473 1685796816502
4474 1685796816540
4475 1685796816574
4476 1685796816608
4477 1685796816637
4478 1685796816676
4479 1685796816713
4480 1685796816737
4481 1685796816771
4482 1685796816809
4483 1685796816854
4484 1685796816875
4485 1685796816903
4486 1685796816939
4487 1685796816971
4488 1685796817006
4489 1685796817041
4490 1685796817072
4491 1685796817108
4492 1685796817141
4493 1685796817175
4494 1685796817208
4495 1685796817245
4496 1685796817281
4497 1685796817309
4498 1685796817341
4499 1685796817382
4500 1685796817423
4501 1685796817462
4502 1685796817480
4503 1685796817543
4504 1685796817581
4505 1685796817611
4506 1685796817643
4507 1685796817675
4508 1685796817714
4509 1685796817744
4510 1685796817779
4511 1685796817812
4512 1685796817844
4513 1685796817880
4514 1685796817912
4515 1685796817948
4516 1685796817983
4517 1685796818018
4518 1685796818061
4519 1685796818082
4520 1685796818116
4521 1685796818148
4522 1685796818180
4523 1685796818216
4524 1685796818249
4525 1685796818286
4526 1685796818318
4527 1685796818350
4528 1685796818386
4529 1685796818418
4530 1685796818452
4531 1685796818484
4532 1685796818517
4533 1685796818552
4534 1685796818584
4535 1685796818621
4536 1685796818654
4537 1685796818687
4538 1685796818722
4539 1685796818754
4540 1685796818790
4541 1685796818822
4542 1685796818853
4543 1685796818887
4544 1685796818919
4545 1685796818956
4546 1685796818989
4547 1685796819023
4548 1685796819059
4549 1685796819090
4550 1685796819126
4551 1685796819157
4552 1685796819191
