1 1708170822053
2 1708170822108
3 1708170822162
4 1708170822217
5 1708170822273
6 1708170822330
7 1708170822389
8 1708170822447
9 1708170822507
10 1708170822566
11 1708170822625
12 1708170822686
13 1708170822749
14 1708170822811
15 1708170822870
16 1708170822931
17 1708170822990
18 1708170823052
19 1708170823114
20 1708170823174
21 1708170823237
22 1708170823297
23 1708170823361
24 1708170823422
25 1708170823484
26 1708170823547
27 1708170823609
28 1708170823671
29 1708170823733
30 1708170823793
31 1708170823854
32 1708170823915
33 1708170823974
34 1708170824033
35 1708170824096
36 1708170824154
37 1708170824222
38 1708170824297
39 1708170824360
40 1708170824423
41 1708170824485
42 1708170824545
43 1708170824605
44 1708170824662
45 1708170824715
46 1708170824768
47 1708170824826
48 1708170824890
49 1708170824948
50 1708170825004
51 1708170825066
52 1708170825124
53 1708170825188
54 1708170825243
55 1708170825296
56 1708170825352
57 1708170825413
58 1708170825473
59 1708170825530
60 1708170825595
61 1708170825651
62 1708170825703
63 1708170825771
64 1708170825833
65 1708170825888
66 1708170825947
67 1708170826007
68 1708170826075
69 1708170826140
70 1708170826195
71 1708170826251
72 1708170826312
73 1708170826375
74 1708170826436
75 1708170826499
76 1708170826555
77 1708170826614
78 1708170826677
79 1708170826737
80 1708170826797
81 1708170826856
82 1708170826918
83 1708170826978
84 1708170827038
85 1708170827099
86 1708170827161
87 1708170827216
88 1708170827279
89 1708170827344
90 1708170827402
91 1708170827460
92 1708170827521
93 1708170827584
94 1708170827642
95 1708170827700
96 1708170827760
97 1708170827830
98 1708170827890
99 1708170827944
100 1708170828006
101 1708170828067
102 1708170828126
103 1708170828184
104 1708170828248
105 1708170828310
106 1708170828382
107 1708170828437
108 1708170828493
109 1708170828551
110 1708170828611
111 1708170828670
112 1708170828731
113 1708170828791
114 1708170828851
115 1708170828914
116 1708170828975
117 1708170829035
118 1708170829096
119 1708170829156
120 1708170829215
121 1708170829274
122 1708170829335
123 1708170829397
124 1708170829459
125 1708170829519
126 1708170829584
127 1708170829646
128 1708170829700
129 1708170829758
130 1708170829818
131 1708170829878
132 1708170829943
133 1708170830002
134 1708170830063
135 1708170830121
136 1708170830183
137 1708170830242
138 1708170830301
139 1708170830360
140 1708170830422
141 1708170830486
142 1708170830561
143 1708170830619
144 1708170830676
145 1708170830734
146 1708170830798
147 1708170830861
148 1708170830919
149 1708170830979
150 1708170831038
151 1708170831101
152 1708170831159
153 1708170831216
154 1708170831281
155 1708170831338
156 1708170831394
157 1708170831452
158 1708170831515
159 1708170831574
160 1708170831634
161 1708170831697
162 1708170831756
163 1708170831817
164 1708170831882
165 1708170831936
166 1708170831996
167 1708170832061
168 1708170832120
169 1708170832179
170 1708170832240
171 1708170832296
172 1708170832360
173 1708170832418
174 1708170832489
175 1708170832549
176 1708170832611
177 1708170832670
178 1708170832731
179 1708170832788
180 1708170832844
181 1708170832906
182 1708170832967
183 1708170833025
184 1708170833086
185 1708170833146
186 1708170833207
187 1708170833265
188 1708170833325
189 1708170833387
190 1708170833448
191 1708170833506
192 1708170833572
193 1708170833633
194 1708170833691
195 1708170833750
196 1708170833813
197 1708170833870
198 1708170833937
199 1708170833994
200 1708170834053
201 1708170834114
202 1708170834175
203 1708170834233
204 1708170834296
205 1708170834355
206 1708170834415
207 1708170834473
208 1708170834535
209 1708170834599
210 1708170834659
211 1708170834717
212 1708170834776
213 1708170834840
214 1708170834896
215 1708170834956
216 1708170835019
217 1708170835079
218 1708170835147
219 1708170835201
220 1708170835263
221 1708170835324
222 1708170835382
223 1708170835441
224 1708170835504
225 1708170835563
226 1708170835623
227 1708170835686
228 1708170835747
229 1708170835806
230 1708170835866
231 1708170835925
232 1708170835987
233 1708170836047
234 1708170836107
235 1708170836168
236 1708170836231
237 1708170836293
238 1708170836350
239 1708170836411
240 1708170836471
241 1708170836531
242 1708170836592
243 1708170836649
244 1708170836714
245 1708170836775
246 1708170836840
247 1708170836900
248 1708170836962
249 1708170837018
250 1708170837083
251 1708170837141
252 1708170837198
253 1708170837260
254 1708170837321
255 1708170837379
256 1708170837437
257 1708170837499
258 1708170837561
259 1708170837621
260 1708170837680
261 1708170837743
262 1708170837803
263 1708170837863
264 1708170837923
265 1708170837984
266 1708170838042
267 1708170838100
268 1708170838163
269 1708170838226
270 1708170838286
271 1708170838346
272 1708170838407
273 1708170838466
274 1708170838526
275 1708170838587
276 1708170838646
277 1708170838707
278 1708170838771
279 1708170838830
280 1708170838890
281 1708170838951
282 1708170839010
283 1708170839071
284 1708170839131
285 1708170839190
286 1708170839250
287 1708170839313
288 1708170839373
289 1708170839436
290 1708170839495
291 1708170839553
292 1708170839614
293 1708170839675
294 1708170839735
295 1708170839799
296 1708170839858
297 1708170839917
298 1708170839976
299 1708170840038
300 1708170840098
301 1708170840159
302 1708170840218
303 1708170840276
304 1708170840342
305 1708170840405
306 1708170840466
307 1708170840521
308 1708170840582
309 1708170840644
310 1708170840701
311 1708170840760
312 1708170840824
313 1708170840889
314 1708170840946
315 1708170841006
316 1708170841067
317 1708170841126
318 1708170841188
319 1708170841247
320 1708170841307
321 1708170841371
322 1708170841431
323 1708170841491
324 1708170841551
325 1708170841609
326 1708170841669
327 1708170841730
328 1708170841791
329 1708170841850
330 1708170841914
331 1708170841975
332 1708170842034
333 1708170842094
334 1708170842155
335 1708170842212
336 1708170842274
337 1708170842340
338 1708170842399
339 1708170842459
340 1708170842519
341 1708170842578
342 1708170842639
343 1708170842698
344 1708170842758
345 1708170842819
346 1708170842881
347 1708170842942
348 1708170843003
349 1708170843063
350 1708170843123
351 1708170843183
352 1708170843243
353 1708170843304
354 1708170843365
355 1708170843424
356 1708170843487
357 1708170843546
358 1708170843607
359 1708170843666
360 1708170843727
361 1708170843786
362 1708170843849
363 1708170843907
364 1708170843971
365 1708170844030
366 1708170844090
367 1708170844148
368 1708170844210
369 1708170844271
370 1708170844329
371 1708170844387
372 1708170844448
373 1708170844515
374 1708170844574
375 1708170844632
376 1708170844692
377 1708170844753
378 1708170844815
379 1708170844873
380 1708170844932
381 1708170844992
382 1708170845059
383 1708170845117
384 1708170845176
385 1708170845239
386 1708170845296
387 1708170845356
388 1708170845416
389 1708170845478
390 1708170845540
391 1708170845600
392 1708170845661
393 1708170845724
394 1708170845781
395 1708170845839
396 1708170845900
397 1708170845961
398 1708170846021
399 1708170846084
400 1708170846145
401 1708170846205
402 1708170846268
403 1708170846326
404 1708170846384
405 1708170846446
406 1708170846507
407 1708170846574
408 1708170846633
409 1708170846690
410 1708170846752
411 1708170846813
412 1708170846871
413 1708170846928
414 1708170846991
415 1708170847051
416 1708170847113
417 1708170847176
418 1708170847234
419 1708170847295
420 1708170847353
421 1708170847412
422 1708170847476
423 1708170847535
424 1708170847594
425 1708170847658
426 1708170847718
427 1708170847779
428 1708170847837
429 1708170847900
430 1708170847958
431 1708170848018
432 1708170848079
433 1708170848144
434 1708170848203
435 1708170848262
436 1708170848324
437 1708170848382
438 1708170848443
439 1708170848502
440 1708170848560
441 1708170848623
442 1708170848688
443 1708170848747
444 1708170848808
445 1708170848865
446 1708170848927
447 1708170848986
448 1708170849047
449 1708170849106
450 1708170849171
451 1708170849231
452 1708170849290
453 1708170849349
454 1708170849411
455 1708170849471
456 1708170849528
457 1708170849591
458 1708170849651
459 1708170849715
460 1708170849777
461 1708170849834
462 1708170849894
463 1708170849954
464 1708170850014
465 1708170850074
466 1708170850134
467 1708170850194
468 1708170850258
469 1708170850319
470 1708170850379
471 1708170850445
472 1708170850504
473 1708170850564
474 1708170850627
475 1708170850707
476 1708170850763
477 1708170850824
478 1708170850883
479 1708170850945
480 1708170851000
481 1708170851056
482 1708170851116
483 1708170851178
484 1708170851233
485 1708170851289
486 1708170851347
487 1708170851409
488 1708170851467
489 1708170851526
490 1708170851586
491 1708170851648
492 1708170851707
493 1708170851772
494 1708170851833
495 1708170851891
496 1708170851948
497 1708170852009
498 1708170852070
499 1708170852132
500 1708170852189
501 1708170852248
502 1708170852312
503 1708170852372
504 1708170852434
505 1708170852494
506 1708170852554
507 1708170852615
508 1708170852676
509 1708170852733
510 1708170852794
511 1708170852863
512 1708170852919
513 1708170852976
514 1708170853039
515 1708170853100
516 1708170853160
517 1708170853217
518 1708170853277
519 1708170853341
520 1708170853400
521 1708170853460
522 1708170853521
523 1708170853580
524 1708170853640
525 1708170853702
526 1708170853761
527 1708170853819
528 1708170853885
529 1708170853949
530 1708170854004
531 1708170854063
532 1708170854126
533 1708170854184
534 1708170854243
535 1708170854306
536 1708170854369
537 1708170854430
538 1708170854488
539 1708170854549
540 1708170854610
541 1708170854668
542 1708170854729
543 1708170854790
544 1708170854848
545 1708170854915
546 1708170854976
547 1708170855037
548 1708170855092
549 1708170855154
550 1708170855215
551 1708170855276
552 1708170855335
553 1708170855394
554 1708170855457
555 1708170855518
556 1708170855580
557 1708170855638
558 1708170855698
559 1708170855759
560 1708170855819
561 1708170855879
562 1708170855943
563 1708170856003
564 1708170856062
565 1708170856123
566 1708170856183
567 1708170856243
568 1708170856305
569 1708170856363
570 1708170856426
571 1708170856486
572 1708170856548
573 1708170856607
574 1708170856667
575 1708170856730
576 1708170856792
577 1708170856849
578 1708170856908
579 1708170856971
580 1708170857032
581 1708170857089
582 1708170857149
583 1708170857210
584 1708170857270
585 1708170857330
586 1708170857390
587 1708170857451
588 1708170857515
589 1708170857575
590 1708170857635
591 1708170857695
592 1708170857755
593 1708170857814
594 1708170857875
595 1708170857934
596 1708170857998
597 1708170858058
598 1708170858119
599 1708170858180
600 1708170858245
601 1708170858304
602 1708170858362
603 1708170858419
604 1708170858479
605 1708170858543
606 1708170858603
607 1708170858662
608 1708170858727
609 1708170858796
610 1708170858860
611 1708170858917
612 1708170858978
613 1708170859036
614 1708170859093
615 1708170859152
616 1708170859210
617 1708170859270
618 1708170859329
619 1708170859385
620 1708170859447
621 1708170859506
622 1708170859571
623 1708170859631
624 1708170859691
625 1708170859750
626 1708170859811
627 1708170859871
628 1708170859931
629 1708170859990
630 1708170860051
631 1708170860118
632 1708170860179
633 1708170860234
634 1708170860293
635 1708170860355
636 1708170860414
637 1708170860474
638 1708170860534
639 1708170860594
640 1708170860658
641 1708170860718
642 1708170860778
643 1708170860839
644 1708170860898
645 1708170860958
646 1708170861018
647 1708170861079
648 1708170861144
649 1708170861205
650 1708170861263
651 1708170861323
652 1708170861382
653 1708170861443
654 1708170861503
655 1708170861564
656 1708170861625
657 1708170861686
658 1708170861747
659 1708170861807
660 1708170861867
661 1708170861927
662 1708170861987
663 1708170862047
664 1708170862108
665 1708170862170
666 1708170862231
667 1708170862291
668 1708170862350
669 1708170862410
670 1708170862471
671 1708170862534
672 1708170862596
673 1708170862654
674 1708170862715
675 1708170862774
676 1708170862835
677 1708170862895
678 1708170862955
679 1708170863015
680 1708170863075
681 1708170863134
682 1708170863196
683 1708170863259
684 1708170863319
685 1708170863379
686 1708170863439
687 1708170863499
688 1708170863559
689 1708170863619
690 1708170863679
691 1708170863744
692 1708170863805
693 1708170863860
694 1708170863921
695 1708170863984
696 1708170864043
697 1708170864103
698 1708170864162
699 1708170864223
700 1708170864287
701 1708170864346
702 1708170864408
703 1708170864467
704 1708170864527
705 1708170864586
706 1708170864647
707 1708170864707
708 1708170864767
709 1708170864829
710 1708170864890
711 1708170864950
712 1708170865011
713 1708170865071
714 1708170865131
715 1708170865192
716 1708170865251
717 1708170865314
718 1708170865375
719 1708170865435
720 1708170865495
721 1708170865554
722 1708170865616
723 1708170865675
724 1708170865735
725 1708170865794
726 1708170865860
727 1708170865918
728 1708170865979
729 1708170866037
730 1708170866096
731 1708170866158
732 1708170866228
733 1708170866286
734 1708170866341
735 1708170866404
736 1708170866462
737 1708170866523
738 1708170866583
739 1708170866643
740 1708170866703
741 1708170866763
742 1708170866823
743 1708170866887
744 1708170866947
745 1708170867010
746 1708170867069
747 1708170867127
748 1708170867185
749 1708170867245
750 1708170867307
751 1708170867369
752 1708170867430
753 1708170867488
754 1708170867552
755 1708170867611
756 1708170867677
757 1708170867737
758 1708170867794
759 1708170867852
760 1708170867915
761 1708170867975
762 1708170868035
763 1708170868095
764 1708170868161
765 1708170868217
766 1708170868276
767 1708170868335
768 1708170868399
769 1708170868459
770 1708170868519
771 1708170868578
772 1708170868639
773 1708170868700
774 1708170868760
775 1708170868818
776 1708170868879
777 1708170868942
778 1708170869003
779 1708170869062
780 1708170869126
781 1708170869182
782 1708170869244
783 1708170869303
784 1708170869363
785 1708170869420
786 1708170869488
787 1708170869547
788 1708170869607
789 1708170869667
790 1708170869727
791 1708170869787
792 1708170869846
793 1708170869904
794 1708170869964
795 1708170870031
796 1708170870091
797 1708170870151
798 1708170870208
799 1708170870272
800 1708170870331
801 1708170870390
802 1708170870451
803 1708170870515
804 1708170870575
805 1708170870634
806 1708170870695
807 1708170870755
808 1708170870815
809 1708170870874
810 1708170870933
811 1708170870993
812 1708170871058
813 1708170871119
814 1708170871179
815 1708170871239
816 1708170871299
817 1708170871359
818 1708170871420
819 1708170871476
820 1708170871543
821 1708170871603
822 1708170871665
823 1708170871721
824 1708170871784
825 1708170871843
826 1708170871902
827 1708170871960
828 1708170872022
829 1708170872087
830 1708170872146
831 1708170872205
832 1708170872266
833 1708170872326
834 1708170872388
835 1708170872446
836 1708170872506
837 1708170872568
838 1708170872628
839 1708170872688
840 1708170872747
841 1708170872809
842 1708170872871
843 1708170872932
844 1708170872992
845 1708170873051
846 1708170873115
847 1708170873174
848 1708170873235
849 1708170873294
850 1708170873354
851 1708170873413
852 1708170873473
853 1708170873533
854 1708170873593
855 1708170873658
856 1708170873717
857 1708170873779
858 1708170873837
859 1708170873896
860 1708170873957
861 1708170874017
862 1708170874076
863 1708170874140
864 1708170874204
865 1708170874260
866 1708170874320
867 1708170874380
868 1708170874440
869 1708170874503
870 1708170874560
871 1708170874620
872 1708170874687
873 1708170874749
874 1708170874804
875 1708170874866
876 1708170874926
877 1708170874985
878 1708170875044
879 1708170875105
880 1708170875166
881 1708170875229
882 1708170875288
883 1708170875349
884 1708170875411
885 1708170875469
886 1708170875528
887 1708170875588
888 1708170875651
889 1708170875712
890 1708170875772
891 1708170875833
892 1708170875894
893 1708170875952
894 1708170876012
895 1708170876073
896 1708170876134
897 1708170876196
898 1708170876257
899 1708170876316
900 1708170876378
901 1708170876438
902 1708170876498
903 1708170876557
904 1708170876619
905 1708170876679
906 1708170876743
907 1708170876803
908 1708170876863
909 1708170876923
910 1708170876984
911 1708170877042
912 1708170877101
913 1708170877164
914 1708170877225
915 1708170877287
916 1708170877348
917 1708170877408
918 1708170877468
919 1708170877524
920 1708170877585
921 1708170877646
922 1708170877707
923 1708170877765
924 1708170877830
925 1708170877891
926 1708170877951
927 1708170878008
928 1708170878072
929 1708170878131
930 1708170878191
931 1708170878249
932 1708170878314
933 1708170878376
934 1708170878436
935 1708170878493
936 1708170878554
937 1708170878614
938 1708170878676
939 1708170878734
940 1708170878793
941 1708170878858
942 1708170878926
943 1708170878982
944 1708170879040
945 1708170879099
946 1708170879159
947 1708170879219
948 1708170879278
949 1708170879343
950 1708170879401
951 1708170879461
952 1708170879524
953 1708170879583
954 1708170879646
955 1708170879704
956 1708170879762
957 1708170879824
958 1708170879884
959 1708170879945
960 1708170880007
961 1708170880067
962 1708170880125
963 1708170880184
964 1708170880248
965 1708170880307
966 1708170880368
967 1708170880431
968 1708170880492
969 1708170880555
970 1708170880613
971 1708170880673
972 1708170880732
973 1708170880791
974 1708170880850
975 1708170880913
976 1708170880975
977 1708170881035
978 1708170881094
979 1708170881155
980 1708170881215
981 1708170881275
982 1708170881336
983 1708170881393
984 1708170881460
985 1708170881519
986 1708170881579
987 1708170881638
988 1708170881699
989 1708170881759
990 1708170881826
991 1708170881883
992 1708170881942
993 1708170882003
994 1708170882062
995 1708170882123
996 1708170882183
997 1708170882243
998 1708170882310
999 1708170882364
1000 1708170882423
1001 1708170882487
1002 1708170882546
1003 1708170882605
1004 1708170882667
1005 1708170882728
1006 1708170882788
1007 1708170882846
1008 1708170882908
1009 1708170882969
1010 1708170883031
1011 1708170883091
1012 1708170883151
1013 1708170883212
1014 1708170883273
1015 1708170883332
1016 1708170883391
1017 1708170883450
1018 1708170883515
1019 1708170883574
1020 1708170883635
1021 1708170883695
1022 1708170883755
1023 1708170883813
1024 1708170883875
1025 1708170883936
1026 1708170883995
1027 1708170884057
1028 1708170884117
1029 1708170884177
1030 1708170884237
1031 1708170884301
1032 1708170884357
1033 1708170884417
1034 1708170884477
1035 1708170884537
1036 1708170884603
1037 1708170884661
1038 1708170884720
1039 1708170884782
1040 1708170884841
1041 1708170884902
1042 1708170884961
1043 1708170885020
1044 1708170885085
1045 1708170885147
1046 1708170885207
1047 1708170885264
1048 1708170885324
1049 1708170885388
1050 1708170885446
1051 1708170885504
1052 1708170885566
1053 1708170885630
1054 1708170885689
1055 1708170885752
1056 1708170885809
1057 1708170885868
1058 1708170885930
1059 1708170885991
1060 1708170886050
1061 1708170886113
1062 1708170886174
1063 1708170886238
1064 1708170886295
1065 1708170886353
1066 1708170886413
1067 1708170886476
1068 1708170886534
1069 1708170886593
1070 1708170886658
1071 1708170886719
1072 1708170886780
1073 1708170886838
1074 1708170886899
1075 1708170886960
1076 1708170887018
1077 1708170887079
1078 1708170887139
1079 1708170887204
1080 1708170887263
1081 1708170887326
1082 1708170887384
1083 1708170887443
1084 1708170887502
1085 1708170887561
1086 1708170887623
1087 1708170887688
1088 1708170887747
1089 1708170887806
1090 1708170887866
1091 1708170887926
1092 1708170887985
1093 1708170888046
1094 1708170888107
1095 1708170888167
1096 1708170888232
1097 1708170888290
1098 1708170888351
1099 1708170888410
1100 1708170888470
1101 1708170888531
1102 1708170888590
1103 1708170888650
1104 1708170888715
1105 1708170888774
1106 1708170888834
1107 1708170888896
1108 1708170888956
1109 1708170889015
1110 1708170889074
1111 1708170889135
1112 1708170889195
1113 1708170889258
1114 1708170889318
1115 1708170889378
1116 1708170889439
1117 1708170889499
1118 1708170889558
1119 1708170889620
1120 1708170889678
1121 1708170889736
1122 1708170889804
1123 1708170889863
1124 1708170889926
1125 1708170889983
1126 1708170890043
1127 1708170890103
1128 1708170890163
1129 1708170890223
1130 1708170890287
1131 1708170890347
1132 1708170890406
1133 1708170890467
1134 1708170890527
1135 1708170890587
1136 1708170890647
1137 1708170890706
1138 1708170890766
1139 1708170890832
1140 1708170890890
1141 1708170890951
1142 1708170891010
1143 1708170891071
1144 1708170891130
1145 1708170891190
1146 1708170891251
1147 1708170891315
1148 1708170891376
1149 1708170891436
1150 1708170891495
1151 1708170891554
1152 1708170891614
1153 1708170891672
1154 1708170891734
1155 1708170891796
1156 1708170891859
1157 1708170891917
1158 1708170891981
1159 1708170892038
1160 1708170892097
1161 1708170892157
1162 1708170892220
1163 1708170892278
1164 1708170892338
1165 1708170892401
1166 1708170892464
1167 1708170892523
1168 1708170892585
1169 1708170892644
1170 1708170892703
1171 1708170892763
1172 1708170892822
1173 1708170892885
1174 1708170892948
1175 1708170893008
1176 1708170893068
1177 1708170893125
1178 1708170893186
1179 1708170893246
1180 1708170893306
1181 1708170893367
1182 1708170893431
1183 1708170893488
1184 1708170893548
1185 1708170893611
1186 1708170893669
1187 1708170893732
1188 1708170893790
1189 1708170893848
1190 1708170893915
1191 1708170893972
1192 1708170894034
1193 1708170894096
1194 1708170894155
1195 1708170894214
1196 1708170894275
1197 1708170894333
1198 1708170894394
1199 1708170894460
1200 1708170894518
1201 1708170894576
1202 1708170894638
1203 1708170894697
1204 1708170894757
1205 1708170894817
1206 1708170894877
1207 1708170894937
1208 1708170895001
1209 1708170895061
1210 1708170895122
1211 1708170895182
1212 1708170895240
1213 1708170895301
1214 1708170895364
1215 1708170895421
1216 1708170895486
1217 1708170895546
1218 1708170895607
1219 1708170895665
1220 1708170895725
1221 1708170895785
1222 1708170895848
1223 1708170895906
1224 1708170895965
1225 1708170896029
1226 1708170896090
1227 1708170896150
1228 1708170896208
1229 1708170896269
1230 1708170896332
1231 1708170896388
1232 1708170896449
1233 1708170896513
1234 1708170896572
1235 1708170896636
1236 1708170896694
1237 1708170896753
1238 1708170896815
1239 1708170896875
1240 1708170896933
1241 1708170896992
1242 1708170897058
1243 1708170897119
1244 1708170897180
1245 1708170897236
1246 1708170897299
1247 1708170897359
1248 1708170897419
1249 1708170897476
1250 1708170897539
1251 1708170897603
1252 1708170897663
1253 1708170897723
1254 1708170897784
1255 1708170897843
1256 1708170897902
1257 1708170897961
1258 1708170898022
1259 1708170898086
1260 1708170898146
1261 1708170898205
1262 1708170898268
1263 1708170898327
1264 1708170898387
1265 1708170898445
1266 1708170898505
1267 1708170898568
1268 1708170898630
1269 1708170898689
1270 1708170898752
1271 1708170898811
1272 1708170898869
1273 1708170898929
1274 1708170898989
1275 1708170899051
1276 1708170899117
1277 1708170899175
1278 1708170899235
1279 1708170899296
1280 1708170899356
1281 1708170899413
1282 1708170899475
1283 1708170899535
1284 1708170899596
1285 1708170899659
1286 1708170899720
1287 1708170899780
1288 1708170899839
1289 1708170899903
1290 1708170899961
1291 1708170900019
1292 1708170900080
1293 1708170900137
1294 1708170900200
1295 1708170900260
1296 1708170900324
1297 1708170900382
1298 1708170900441
1299 1708170900504
1300 1708170900564
1301 1708170900623
1302 1708170900686
1303 1708170900744
1304 1708170900806
1305 1708170900867
1306 1708170900925
1307 1708170900984
1308 1708170901047
1309 1708170901107
1310 1708170901165
1311 1708170901230
1312 1708170901292
1313 1708170901351
1314 1708170901411
1315 1708170901470
1316 1708170901531
1317 1708170901592
1318 1708170901652
1319 1708170901713
1320 1708170901775
1321 1708170901835
1322 1708170901893
1323 1708170901953
1324 1708170902015
1325 1708170902075
1326 1708170902133
1327 1708170902192
1328 1708170902259
1329 1708170902318
1330 1708170902383
1331 1708170902442
1332 1708170902503
1333 1708170902562
1334 1708170902622
1335 1708170902680
1336 1708170902739
1337 1708170902803
1338 1708170902863
1339 1708170902920
1340 1708170902983
1341 1708170903043
1342 1708170903103
1343 1708170903162
1344 1708170903223
1345 1708170903291
1346 1708170903353
1347 1708170903409
1348 1708170903466
1349 1708170903528
1350 1708170903587
1351 1708170903647
1352 1708170903707
1353 1708170903768
1354 1708170903831
1355 1708170903889
1356 1708170903952
1357 1708170904011
1358 1708170904071
1359 1708170904130
1360 1708170904191
1361 1708170904250
1362 1708170904312
1363 1708170904375
1364 1708170904433
1365 1708170904493
1366 1708170904553
1367 1708170904613
1368 1708170904675
1369 1708170904735
1370 1708170904795
1371 1708170904859
1372 1708170904920
1373 1708170904979
1374 1708170905039
1375 1708170905099
1376 1708170905159
1377 1708170905218
1378 1708170905279
1379 1708170905336
1380 1708170905402
1381 1708170905463
1382 1708170905522
1383 1708170905584
1384 1708170905643
1385 1708170905704
1386 1708170905763
1387 1708170905823
1388 1708170905887
1389 1708170905947
1390 1708170906008
1391 1708170906067
1392 1708170906127
1393 1708170906187
1394 1708170906247
1395 1708170906306
1396 1708170906366
1397 1708170906433
1398 1708170906493
1399 1708170906552
1400 1708170906613
1401 1708170906672
1402 1708170906731
1403 1708170906789
1404 1708170906850
1405 1708170906911
1406 1708170906976
1407 1708170907036
1408 1708170907096
1409 1708170907155
1410 1708170907224
1411 1708170907286
1412 1708170907348
1413 1708170907406
1414 1708170907465
1415 1708170907522
1416 1708170907577
1417 1708170907640
1418 1708170907698
1419 1708170907759
1420 1708170907819
1421 1708170907880
1422 1708170907939
1423 1708170908003
1424 1708170908063
1425 1708170908124
1426 1708170908187
1427 1708170908244
1428 1708170908303
1429 1708170908362
1430 1708170908424
1431 1708170908486
1432 1708170908547
1433 1708170908607
1434 1708170908667
1435 1708170908727
1436 1708170908787
1437 1708170908847
1438 1708170908908
1439 1708170908966
1440 1708170909031
1441 1708170909091
1442 1708170909150
1443 1708170909211
1444 1708170909271
1445 1708170909331
1446 1708170909390
1447 1708170909451
1448 1708170909510
1449 1708170909574
1450 1708170909635
1451 1708170909695
1452 1708170909755
1453 1708170909815
1454 1708170909874
1455 1708170909934
1456 1708170909994
1457 1708170910058
1458 1708170910118
1459 1708170910179
1460 1708170910239
1461 1708170910299
1462 1708170910359
1463 1708170910418
1464 1708170910479
1465 1708170910538
1466 1708170910603
1467 1708170910662
1468 1708170910723
1469 1708170910783
1470 1708170910842
1471 1708170910903
1472 1708170910963
1473 1708170911023
1474 1708170911088
1475 1708170911145
1476 1708170911207
1477 1708170911267
1478 1708170911328
1479 1708170911387
1480 1708170911448
1481 1708170911506
1482 1708170911570
1483 1708170911630
1484 1708170911691
1485 1708170911751
1486 1708170911812
1487 1708170911871
1488 1708170911930
1489 1708170911992
1490 1708170912052
1491 1708170912113
1492 1708170912175
1493 1708170912237
1494 1708170912296
1495 1708170912355
1496 1708170912417
1497 1708170912476
1498 1708170912539
1499 1708170912598
1500 1708170912659
1501 1708170912719
1502 1708170912779
1503 1708170912838
1504 1708170912899
1505 1708170912959
1506 1708170913019
1507 1708170913079
1508 1708170913138
1509 1708170913203
1510 1708170913262
1511 1708170913322
1512 1708170913383
1513 1708170913442
1514 1708170913502
1515 1708170913561
1516 1708170913622
1517 1708170913686
1518 1708170913744
1519 1708170913805
1520 1708170913867
1521 1708170913927
1522 1708170913987
1523 1708170914047
1524 1708170914107
1525 1708170914167
1526 1708170914231
1527 1708170914289
1528 1708170914351
1529 1708170914411
1530 1708170914470
1531 1708170914529
1532 1708170914592
1533 1708170914651
1534 1708170914711
1535 1708170914773
1536 1708170914834
1537 1708170914895
1538 1708170914955
1539 1708170915016
1540 1708170915075
1541 1708170915135
1542 1708170915195
1543 1708170915256
1544 1708170915316
1545 1708170915376
1546 1708170915436
1547 1708170915496
1548 1708170915560
1549 1708170915619
1550 1708170915678
1551 1708170915739
1552 1708170915801
1553 1708170915860
1554 1708170915922
1555 1708170915983
1556 1708170916041
1557 1708170916100
1558 1708170916162
1559 1708170916224
1560 1708170916288
1561 1708170916347
1562 1708170916405
1563 1708170916465
1564 1708170916526
1565 1708170916587
1566 1708170916647
1567 1708170916707
1568 1708170916767
1569 1708170916829
1570 1708170916891
1571 1708170916951
1572 1708170917011
1573 1708170917071
1574 1708170917131
1575 1708170917191
1576 1708170917251
1577 1708170917309
1578 1708170917375
1579 1708170917436
1580 1708170917503
1581 1708170917562
1582 1708170917621
1583 1708170917680
1584 1708170917740
1585 1708170917799
1586 1708170917861
1587 1708170917919
1588 1708170917981
1589 1708170918039
1590 1708170918100
1591 1708170918160
1592 1708170918221
1593 1708170918279
1594 1708170918339
1595 1708170918403
1596 1708170918463
1597 1708170918524
1598 1708170918584
1599 1708170918643
1600 1708170918703
1601 1708170918762
1602 1708170918823
1603 1708170918885
1604 1708170918946
1605 1708170919006
1606 1708170919067
1607 1708170919126
1608 1708170919186
1609 1708170919247
1610 1708170919307
1611 1708170919367
1612 1708170919431
1613 1708170919490
1614 1708170919551
1615 1708170919612
1616 1708170919671
1617 1708170919730
1618 1708170919791
1619 1708170919851
1620 1708170919910
1621 1708170919974
1622 1708170920035
1623 1708170920096
1624 1708170920156
1625 1708170920214
1626 1708170920274
1627 1708170920335
1628 1708170920396
1629 1708170920458
1630 1708170920519
1631 1708170920579
1632 1708170920639
1633 1708170920699
1634 1708170920759
1635 1708170920819
1636 1708170920884
1637 1708170920942
1638 1708170921003
1639 1708170921063
1640 1708170921123
1641 1708170921183
1642 1708170921243
1643 1708170921303
1644 1708170921363
1645 1708170921423
1646 1708170921486
1647 1708170921547
1648 1708170921607
1649 1708170921666
1650 1708170921727
1651 1708170921787
1652 1708170921847
1653 1708170921906
1654 1708170921967
1655 1708170922031
1656 1708170922091
1657 1708170922149
1658 1708170922209
1659 1708170922271
1660 1708170922331
1661 1708170922389
1662 1708170922452
1663 1708170922511
1664 1708170922576
1665 1708170922633
1666 1708170922698
1667 1708170922756
1668 1708170922816
1669 1708170922875
1670 1708170922934
1671 1708170922995
1672 1708170923059
1673 1708170923122
1674 1708170923179
1675 1708170923239
1676 1708170923304
1677 1708170923371
1678 1708170923429
1679 1708170923488
1680 1708170923550
1681 1708170923610
1682 1708170923667
1683 1708170923724
1684 1708170923787
1685 1708170923844
1686 1708170923903
1687 1708170923963
1688 1708170924023
1689 1708170924087
1690 1708170924148
1691 1708170924207
1692 1708170924274
1693 1708170924332
1694 1708170924392
1695 1708170924451
1696 1708170924505
1697 1708170924566
1698 1708170924632
1699 1708170924696
1700 1708170924759
1701 1708170924817
1702 1708170924876
1703 1708170924933
1704 1708170924994
1705 1708170925053
1706 1708170925111
1707 1708170925175
1708 1708170925236
1709 1708170925296
1710 1708170925355
1711 1708170925415
1712 1708170925475
1713 1708170925534
1714 1708170925595
1715 1708170925659
1716 1708170925720
1717 1708170925784
1718 1708170925843
1719 1708170925907
1720 1708170925974
1721 1708170926038
1722 1708170926100
1723 1708170926159
1724 1708170926218
1725 1708170926274
1726 1708170926331
1727 1708170926387
1728 1708170926445
1729 1708170926503
1730 1708170926563
1731 1708170926624
1732 1708170926683
1733 1708170926747
1734 1708170926807
1735 1708170926869
1736 1708170926930
1737 1708170926991
1738 1708170927049
1739 1708170927109
1740 1708170927170
1741 1708170927233
1742 1708170927295
1743 1708170927353
1744 1708170927412
1745 1708170927471
1746 1708170927531
1747 1708170927592
1748 1708170927653
1749 1708170927712
1750 1708170927775
1751 1708170927835
1752 1708170927896
1753 1708170927956
1754 1708170928015
1755 1708170928075
1756 1708170928134
1757 1708170928193
1758 1708170928259
1759 1708170928320
1760 1708170928380
1761 1708170928438
1762 1708170928498
1763 1708170928560
1764 1708170928621
1765 1708170928677
1766 1708170928740
1767 1708170928803
1768 1708170928863
1769 1708170928924
1770 1708170928983
1771 1708170929043
1772 1708170929103
1773 1708170929164
1774 1708170929223
1775 1708170929285
1776 1708170929347
1777 1708170929407
1778 1708170929469
1779 1708170929528
1780 1708170929587
1781 1708170929648
1782 1708170929707
1783 1708170929768
1784 1708170929831
1785 1708170929890
1786 1708170929952
1787 1708170930012
1788 1708170930071
1789 1708170930132
1790 1708170930192
1791 1708170930253
1792 1708170930311
1793 1708170930373
1794 1708170930433
1795 1708170930496
1796 1708170930555
1797 1708170930614
1798 1708170930672
1799 1708170930735
1800 1708170930795
1801 1708170930859
1802 1708170930919
1803 1708170930979
1804 1708170931039
1805 1708170931121
1806 1708170931175
1807 1708170931227
1808 1708170931280
1809 1708170931337
1810 1708170931403
1811 1708170931463
1812 1708170931524
1813 1708170931584
1814 1708170931642
1815 1708170931701
1816 1708170931765
1817 1708170931823
1818 1708170931883
1819 1708170931947
1820 1708170932007
1821 1708170932067
1822 1708170932127
1823 1708170932188
1824 1708170932248
1825 1708170932308
1826 1708170932367
1827 1708170932430
1828 1708170932491
1829 1708170932554
1830 1708170932617
1831 1708170932675
1832 1708170932732
1833 1708170932792
1834 1708170932856
1835 1708170932913
1836 1708170932976
1837 1708170933035
1838 1708170933099
1839 1708170933155
1840 1708170933216
1841 1708170933277
1842 1708170933335
1843 1708170933395
1844 1708170933460
1845 1708170933519
1846 1708170933579
1847 1708170933636
1848 1708170933698
1849 1708170933759
1850 1708170933826
1851 1708170933884
1852 1708170933941
1853 1708170934003
1854 1708170934064
1855 1708170934124
1856 1708170934184
1857 1708170934243
1858 1708170934304
1859 1708170934361
1860 1708170934424
1861 1708170934484
1862 1708170934547
1863 1708170934607
1864 1708170934667
1865 1708170934727
1866 1708170934787
1867 1708170934847
1868 1708170934907
1869 1708170934968
1870 1708170935033
1871 1708170935091
1872 1708170935151
1873 1708170935211
1874 1708170935271
1875 1708170935332
1876 1708170935389
1877 1708170935450
1878 1708170935511
1879 1708170935575
1880 1708170935635
1881 1708170935695
1882 1708170935753
1883 1708170935814
1884 1708170935874
1885 1708170935935
1886 1708170935996
1887 1708170936060
1888 1708170936119
1889 1708170936179
1890 1708170936243
1891 1708170936303
1892 1708170936362
1893 1708170936421
1894 1708170936483
1895 1708170936542
1896 1708170936604
1897 1708170936663
1898 1708170936723
1899 1708170936783
1900 1708170936843
1901 1708170936904
1902 1708170936963
1903 1708170937024
1904 1708170937082
1905 1708170937146
1906 1708170937207
1907 1708170937266
1908 1708170937327
1909 1708170937386
1910 1708170937448
1911 1708170937507
1912 1708170937567
1913 1708170937630
1914 1708170937690
1915 1708170937750
1916 1708170937811
1917 1708170937871
1918 1708170937930
1919 1708170937990
1920 1708170938051
1921 1708170938111
1922 1708170938174
1923 1708170938233
1924 1708170938297
1925 1708170938355
1926 1708170938415
1927 1708170938472
1928 1708170938535
1929 1708170938595
1930 1708170938660
1931 1708170938718
1932 1708170938780
1933 1708170938839
1934 1708170938898
1935 1708170938957
1936 1708170939019
1937 1708170939081
1938 1708170939143
1939 1708170939204
1940 1708170939264
1941 1708170939323
1942 1708170939383
1943 1708170939443
1944 1708170939503
1945 1708170939563
1946 1708170939624
1947 1708170939684
1948 1708170939748
1949 1708170939808
1950 1708170939867
1951 1708170939927
1952 1708170939988
1953 1708170940048
1954 1708170940124
1955 1708170940182
1956 1708170940240
1957 1708170940297
1958 1708170940356
1959 1708170940414
1960 1708170940472
1961 1708170940532
1962 1708170940591
1963 1708170940650
1964 1708170940710
1965 1708170940776
1966 1708170940836
1967 1708170940894
1968 1708170940956
1969 1708170941015
1970 1708170941080
1971 1708170941135
1972 1708170941194
1973 1708170941257
1974 1708170941317
1975 1708170941380
1976 1708170941439
1977 1708170941496
1978 1708170941556
1979 1708170941619
1980 1708170941679
1981 1708170941739
1982 1708170941804
1983 1708170941863
1984 1708170941923
1985 1708170941984
1986 1708170942042
1987 1708170942100
1988 1708170942163
1989 1708170942223
1990 1708170942280
1991 1708170942345
1992 1708170942407
1993 1708170942465
1994 1708170942524
1995 1708170942586
1996 1708170942645
1997 1708170942705
1998 1708170942765
1999 1708170942829
2000 1708170942891
2001 1708170942949
2002 1708170943008
2003 1708170943070
2004 1708170943130
2005 1708170943192
2006 1708170943250
2007 1708170943309
2008 1708170943374
2009 1708170943439
2010 1708170943496
2011 1708170943558
2012 1708170943613
2013 1708170943675
2014 1708170943736
2015 1708170943795
2016 1708170943860
2017 1708170943919
2018 1708170943984
2019 1708170944041
2020 1708170944098
2021 1708170944160
2022 1708170944220
2023 1708170944278
2024 1708170944337
2025 1708170944403
2026 1708170944465
2027 1708170944522
2028 1708170944581
2029 1708170944644
2030 1708170944704
2031 1708170944761
2032 1708170944821
2033 1708170944885
2034 1708170944947
2035 1708170945005
2036 1708170945067
2037 1708170945129
2038 1708170945190
2039 1708170945246
2040 1708170945308
2041 1708170945367
2042 1708170945432
2043 1708170945488
2044 1708170945548
2045 1708170945612
2046 1708170945671
2047 1708170945730
2048 1708170945789
2049 1708170945852
2050 1708170945912
2051 1708170945976
2052 1708170946034
2053 1708170946093
2054 1708170946154
2055 1708170946215
2056 1708170946276
2057 1708170946335
2058 1708170946395
2059 1708170946455
2060 1708170946517
2061 1708170946577
2062 1708170946637
2063 1708170946699
2064 1708170946759
2065 1708170946817
2066 1708170946880
2067 1708170946939
2068 1708170947000
2069 1708170947061
2070 1708170947124
2071 1708170947182
2072 1708170947241
2073 1708170947301
2074 1708170947363
2075 1708170947421
2076 1708170947481
2077 1708170947548
2078 1708170947605
2079 1708170947668
2080 1708170947728
2081 1708170947785
2082 1708170947846
2083 1708170947908
2084 1708170947968
2085 1708170948028
2086 1708170948090
2087 1708170948152
2088 1708170948214
2089 1708170948269
2090 1708170948329
2091 1708170948392
2092 1708170948452
2093 1708170948509
2094 1708170948574
2095 1708170948635
2096 1708170948695
2097 1708170948755
2098 1708170948815
2099 1708170948875
2100 1708170948933
2101 1708170948993
2102 1708170949055
2103 1708170949119
2104 1708170949179
2105 1708170949239
2106 1708170949298
2107 1708170949359
2108 1708170949420
2109 1708170949502
2110 1708170949564
2111 1708170949624
2112 1708170949684
2113 1708170949749
2114 1708170949806
2115 1708170949860
2116 1708170949917
2117 1708170949972
2118 1708170950029
2119 1708170950085
2120 1708170950147
2121 1708170950205
2122 1708170950267
2123 1708170950328
2124 1708170950387
2125 1708170950448
2126 1708170950506
2127 1708170950568
2128 1708170950630
2129 1708170950689
2130 1708170950751
2131 1708170950812
2132 1708170950871
2133 1708170950929
2134 1708170950989
2135 1708170951051
2136 1708170951112
2137 1708170951173
2138 1708170951234
2139 1708170951296
2140 1708170951356
2141 1708170951414
2142 1708170951474
2143 1708170951535
2144 1708170951595
2145 1708170951655
2146 1708170951718
2147 1708170951779
2148 1708170951846
2149 1708170951900
2150 1708170951958
2151 1708170952020
2152 1708170952080
2153 1708170952148
2154 1708170952203
2155 1708170952263
2156 1708170952322
2157 1708170952380
2158 1708170952443
2159 1708170952504
2160 1708170952567
2161 1708170952627
2162 1708170952682
2163 1708170952748
2164 1708170952817
2165 1708170952873
2166 1708170952934
2167 1708170952993
2168 1708170953053
2169 1708170953111
2170 1708170953165
2171 1708170953232
2172 1708170953294
2173 1708170953361
2174 1708170953418
2175 1708170953474
2176 1708170953529
2177 1708170953589
2178 1708170953652
2179 1708170953712
2180 1708170953774
2181 1708170953832
2182 1708170953894
2183 1708170953956
2184 1708170954018
2185 1708170954072
2186 1708170954134
2187 1708170954195
2188 1708170954252
2189 1708170954316
2190 1708170954379
2191 1708170954439
2192 1708170954497
2193 1708170954558
2194 1708170954618
2195 1708170954680
2196 1708170954740
2197 1708170954800
2198 1708170954862
2199 1708170954923
2200 1708170954981
2201 1708170955042
2202 1708170955102
2203 1708170955164
2204 1708170955224
2205 1708170955281
2206 1708170955345
2207 1708170955411
2208 1708170955466
2209 1708170955525
2210 1708170955587
2211 1708170955649
2212 1708170955706
2213 1708170955765
2214 1708170955830
2215 1708170955891
2216 1708170955952
2217 1708170956011
2218 1708170956069
2219 1708170956132
2220 1708170956192
2221 1708170956249
2222 1708170956310
2223 1708170956377
2224 1708170956435
2225 1708170956493
2226 1708170956556
2227 1708170956616
2228 1708170956682
2229 1708170956747
2230 1708170956808
2231 1708170956865
2232 1708170956924
2233 1708170956981
2234 1708170957038
2235 1708170957099
2236 1708170957159
2237 1708170957218
2238 1708170957280
2239 1708170957340
2240 1708170957404
2241 1708170957461
2242 1708170957523
2243 1708170957584
2244 1708170957645
2245 1708170957701
2246 1708170957764
2247 1708170957824
2248 1708170957889
2249 1708170957945
2250 1708170958006
2251 1708170958068
2252 1708170958127
2253 1708170958186
2254 1708170958245
2255 1708170958308
2256 1708170958368
2257 1708170958430
2258 1708170958490
2259 1708170958550
2260 1708170958611
2261 1708170958669
2262 1708170958731
2263 1708170958791
2264 1708170958850
2265 1708170958910
2266 1708170958974
2267 1708170959032
2268 1708170959096
2269 1708170959155
2270 1708170959216
2271 1708170959276
2272 1708170959336
2273 1708170959393
2274 1708170959453
2275 1708170959527
2276 1708170959603
2277 1708170959658
2278 1708170959715
2279 1708170959772
2280 1708170959840
2281 1708170959896
2282 1708170959953
2283 1708170960009
2284 1708170960069
2285 1708170960127
2286 1708170960181
2287 1708170960245
2288 1708170960305
2289 1708170960365
2290 1708170960423
2291 1708170960484
2292 1708170960548
2293 1708170960605
2294 1708170960664
2295 1708170960725
2296 1708170960788
2297 1708170960848
2298 1708170960908
2299 1708170960966
2300 1708170961033
2301 1708170961092
2302 1708170961152
2303 1708170961209
2304 1708170961270
2305 1708170961331
2306 1708170961392
2307 1708170961449
2308 1708170961508
2309 1708170961573
2310 1708170961632
2311 1708170961695
2312 1708170961756
2313 1708170961815
2314 1708170961877
2315 1708170961937
2316 1708170961994
2317 1708170962056
2318 1708170962117
2319 1708170962177
2320 1708170962239
2321 1708170962299
2322 1708170962360
2323 1708170962417
2324 1708170962478
2325 1708170962539
2326 1708170962602
2327 1708170962661
2328 1708170962724
2329 1708170962781
2330 1708170962841
2331 1708170962901
2332 1708170962962
2333 1708170963022
2334 1708170963080
2335 1708170963145
2336 1708170963206
2337 1708170963265
2338 1708170963325
2339 1708170963386
2340 1708170963445
2341 1708170963507
2342 1708170963565
2343 1708170963628
2344 1708170963689
2345 1708170963751
2346 1708170963809
2347 1708170963868
2348 1708170963930
2349 1708170963990
2350 1708170964048
2351 1708170964108
2352 1708170964173
2353 1708170964235
2354 1708170964300
2355 1708170964353
2356 1708170964413
2357 1708170964474
2358 1708170964532
2359 1708170964595
2360 1708170964652
2361 1708170964719
2362 1708170964782
2363 1708170964836
2364 1708170964898
2365 1708170964957
2366 1708170965016
2367 1708170965077
2368 1708170965139
2369 1708170965201
2370 1708170965260
2371 1708170965321
2372 1708170965383
2373 1708170965440
2374 1708170965500
2375 1708170965561
2376 1708170965623
2377 1708170965680
2378 1708170965745
2379 1708170965807
2380 1708170965865
2381 1708170965928
2382 1708170965984
2383 1708170966045
2384 1708170966106
2385 1708170966165
2386 1708170966224
2387 1708170966288
2388 1708170966349
2389 1708170966409
2390 1708170966468
2391 1708170966529
2392 1708170966591
2393 1708170966649
2394 1708170966709
2395 1708170966775
2396 1708170966833
2397 1708170966895
2398 1708170966953
2399 1708170967012
2400 1708170967073
2401 1708170967133
2402 1708170967193
2403 1708170967253
2404 1708170967317
2405 1708170967377
2406 1708170967438
2407 1708170967497
2408 1708170967560
2409 1708170967617
2410 1708170967678
2411 1708170967737
2412 1708170967803
2413 1708170967863
2414 1708170967922
2415 1708170967981
2416 1708170968044
2417 1708170968105
2418 1708170968166
2419 1708170968229
2420 1708170968287
2421 1708170968348
2422 1708170968411
2423 1708170968468
2424 1708170968528
2425 1708170968588
2426 1708170968651
2427 1708170968707
2428 1708170968767
2429 1708170968828
2430 1708170968892
2431 1708170968950
2432 1708170969010
2433 1708170969070
2434 1708170969131
2435 1708170969191
2436 1708170969251
2437 1708170969312
2438 1708170969374
2439 1708170969435
2440 1708170969495
2441 1708170969555
2442 1708170969615
2443 1708170969675
2444 1708170969735
2445 1708170969795
2446 1708170969855
2447 1708170969919
2448 1708170969979
2449 1708170970039
2450 1708170970099
2451 1708170970159
2452 1708170970219
2453 1708170970279
2454 1708170970339
2455 1708170970402
2456 1708170970463
2457 1708170970523
2458 1708170970584
2459 1708170970644
2460 1708170970701
2461 1708170970763
2462 1708170970824
2463 1708170970882
2464 1708170970948
2465 1708170971008
2466 1708170971068
2467 1708170971127
2468 1708170971187
2469 1708170971248
2470 1708170971312
2471 1708170971371
2472 1708170971428
2473 1708170971492
2474 1708170971551
2475 1708170971618
2476 1708170971675
2477 1708170971732
2478 1708170971792
2479 1708170971852
2480 1708170971912
2481 1708170971976
2482 1708170972036
2483 1708170972095
2484 1708170972156
2485 1708170972216
2486 1708170972276
2487 1708170972335
2488 1708170972395
2489 1708170972455
2490 1708170972518
2491 1708170972579
2492 1708170972639
2493 1708170972699
2494 1708170972758
2495 1708170972819
2496 1708170972878
2497 1708170972939
2498 1708170973002
2499 1708170973063
2500 1708170973123
2501 1708170973183
2502 1708170973243
2503 1708170973303
2504 1708170973362
2505 1708170973423
2506 1708170973482
2507 1708170973547
2508 1708170973607
2509 1708170973668
2510 1708170973730
2511 1708170973786
2512 1708170973847
2513 1708170973907
2514 1708170973967
2515 1708170974027
2516 1708170974091
2517 1708170974150
2518 1708170974210
2519 1708170974268
2520 1708170974330
2521 1708170974391
2522 1708170974449
2523 1708170974511
2524 1708170974576
2525 1708170974637
2526 1708170974697
2527 1708170974754
2528 1708170974817
2529 1708170974875
2530 1708170974935
2531 1708170974994
2532 1708170975056
2533 1708170975120
2534 1708170975180
2535 1708170975240
2536 1708170975299
2537 1708170975360
2538 1708170975421
2539 1708170975480
2540 1708170975540
2541 1708170975604
2542 1708170975664
2543 1708170975724
2544 1708170975781
2545 1708170975841
2546 1708170975905
2547 1708170975964
2548 1708170976025
2549 1708170976084
2550 1708170976148
2551 1708170976211
2552 1708170976270
2553 1708170976329
2554 1708170976389
2555 1708170976447
2556 1708170976508
2557 1708170976568
2558 1708170976628
2559 1708170976692
2560 1708170976751
2561 1708170976812
2562 1708170976872
2563 1708170976931
2564 1708170976995
2565 1708170977052
2566 1708170977111
2567 1708170977176
2568 1708170977235
2569 1708170977296
2570 1708170977356
2571 1708170977415
2572 1708170977478
2573 1708170977536
2574 1708170977596
2575 1708170977655
2576 1708170977719
2577 1708170977780
2578 1708170977840
2579 1708170977900
2580 1708170977960
2581 1708170978019
2582 1708170978080
2583 1708170978139
2584 1708170978204
2585 1708170978264
2586 1708170978324
2587 1708170978384
2588 1708170978444
2589 1708170978503
2590 1708170978563
2591 1708170978625
2592 1708170978686
2593 1708170978748
2594 1708170978808
2595 1708170978867
2596 1708170978931
2597 1708170978990
2598 1708170979048
2599 1708170979107
2600 1708170979167
2601 1708170979227
2602 1708170979292
2603 1708170979352
2604 1708170979412
2605 1708170979472
2606 1708170979532
2607 1708170979592
2608 1708170979651
2609 1708170979711
2610 1708170979776
2611 1708170979835
2612 1708170979903
2613 1708170979959
2614 1708170980024
2615 1708170980083
2616 1708170980143
2617 1708170980202
2618 1708170980260
2619 1708170980320
2620 1708170980382
2621 1708170980442
2622 1708170980500
2623 1708170980560
2624 1708170980621
2625 1708170980677
2626 1708170980740
2627 1708170980804
2628 1708170980867
2629 1708170980924
2630 1708170980983
2631 1708170981044
2632 1708170981106
2633 1708170981164
2634 1708170981223
2635 1708170981283
2636 1708170981348
2637 1708170981408
2638 1708170981467
2639 1708170981527
2640 1708170981588
2641 1708170981647
2642 1708170981708
2643 1708170981768
2644 1708170981829
2645 1708170981891
2646 1708170981951
2647 1708170982020
2648 1708170982080
2649 1708170982139
2650 1708170982198
2651 1708170982255
2652 1708170982315
2653 1708170982376
2654 1708170982436
2655 1708170982496
2656 1708170982556
2657 1708170982615
2658 1708170982675
2659 1708170982736
2660 1708170982796
2661 1708170982855
2662 1708170982919
2663 1708170982980
2664 1708170983040
2665 1708170983099
2666 1708170983160
2667 1708170983220
2668 1708170983279
2669 1708170983340
2670 1708170983404
2671 1708170983463
2672 1708170983523
2673 1708170983584
2674 1708170983644
2675 1708170983703
2676 1708170983764
2677 1708170983824
2678 1708170983883
2679 1708170983948
2680 1708170984006
2681 1708170984065
2682 1708170984126
2683 1708170984188
2684 1708170984255
2685 1708170984312
2686 1708170984369
2687 1708170984428
2688 1708170984492
2689 1708170984552
2690 1708170984611
2691 1708170984671
2692 1708170984732
2693 1708170984792
2694 1708170984852
2695 1708170984912
2696 1708170984976
2697 1708170985036
2698 1708170985095
2699 1708170985156
2700 1708170985217
2701 1708170985280
2702 1708170985337
2703 1708170985396
2704 1708170985456
2705 1708170985519
2706 1708170985579
2707 1708170985641
2708 1708170985699
2709 1708170985760
2710 1708170985820
2711 1708170985880
2712 1708170985941
2713 1708170986004
2714 1708170986064
2715 1708170986123
2716 1708170986184
2717 1708170986241
2718 1708170986302
2719 1708170986364
2720 1708170986430
2721 1708170986485
2722 1708170986548
2723 1708170986608
2724 1708170986668
2725 1708170986726
2726 1708170986786
2727 1708170986848
2728 1708170986908
2729 1708170986967
2730 1708170987027
2731 1708170987092
2732 1708170987152
2733 1708170987209
2734 1708170987270
2735 1708170987331
2736 1708170987390
2737 1708170987451
2738 1708170987512
2739 1708170987577
2740 1708170987637
2741 1708170987694
2742 1708170987756
2743 1708170987816
2744 1708170987875
2745 1708170987934
2746 1708170987996
2747 1708170988056
2748 1708170988120
2749 1708170988180
2750 1708170988239
2751 1708170988300
2752 1708170988359
2753 1708170988420
2754 1708170988480
2755 1708170988540
2756 1708170988601
2757 1708170988661
2758 1708170988722
2759 1708170988784
2760 1708170988844
2761 1708170988902
2762 1708170988963
2763 1708170989023
2764 1708170989084
2765 1708170989147
2766 1708170989207
2767 1708170989268
2768 1708170989327
2769 1708170989386
2770 1708170989448
2771 1708170989507
2772 1708170989569
2773 1708170989631
2774 1708170989692
2775 1708170989753
2776 1708170989815
2777 1708170989871
2778 1708170989929
2779 1708170989992
2780 1708170990051
2781 1708170990112
2782 1708170990176
2783 1708170990237
2784 1708170990295
2785 1708170990356
2786 1708170990416
2787 1708170990476
2788 1708170990536
2789 1708170990594
2790 1708170990656
2791 1708170990719
2792 1708170990779
2793 1708170990837
2794 1708170990897
2795 1708170990960
2796 1708170991021
2797 1708170991079
2798 1708170991137
2799 1708170991200
2800 1708170991263
2801 1708170991325
2802 1708170991384
2803 1708170991444
2804 1708170991503
2805 1708170991564
2806 1708170991625
2807 1708170991684
2808 1708170991747
2809 1708170991808
2810 1708170991869
2811 1708170991928
2812 1708170991988
2813 1708170992048
2814 1708170992113
2815 1708170992167
2816 1708170992228
2817 1708170992292
2818 1708170992356
2819 1708170992413
2820 1708170992472
2821 1708170992532
2822 1708170992592
2823 1708170992652
2824 1708170992712
2825 1708170992777
2826 1708170992835
2827 1708170992895
2828 1708170992955
2829 1708170993015
2830 1708170993076
2831 1708170993136
2832 1708170993195
2833 1708170993256
2834 1708170993320
2835 1708170993380
2836 1708170993441
2837 1708170993500
2838 1708170993562
2839 1708170993618
2840 1708170993680
2841 1708170993740
2842 1708170993800
2843 1708170993862
2844 1708170993922
2845 1708170993984
2846 1708170994043
2847 1708170994101
2848 1708170994163
2849 1708170994224
2850 1708170994284
2851 1708170994348
2852 1708170994406
2853 1708170994470
2854 1708170994540
2855 1708170994592
2856 1708170994645
2857 1708170994704
2858 1708170994764
2859 1708170994824
2860 1708170994888
2861 1708170994953
2862 1708170995012
2863 1708170995072
2864 1708170995132
2865 1708170995191
2866 1708170995252
2867 1708170995313
2868 1708170995375
2869 1708170995435
2870 1708170995495
2871 1708170995554
2872 1708170995614
2873 1708170995677
2874 1708170995736
2875 1708170995794
2876 1708170995854
2877 1708170995919
2878 1708170995979
2879 1708170996039
2880 1708170996099
2881 1708170996159
2882 1708170996218
2883 1708170996277
2884 1708170996337
2885 1708170996400
2886 1708170996463
2887 1708170996524
2888 1708170996582
2889 1708170996642
2890 1708170996702
2891 1708170996762
2892 1708170996825
2893 1708170996884
2894 1708170996948
2895 1708170997008
2896 1708170997067
2897 1708170997128
2898 1708170997188
2899 1708170997245
2900 1708170997307
2901 1708170997370
2902 1708170997428
2903 1708170997492
2904 1708170997551
2905 1708170997611
2906 1708170997678
2907 1708170997744
2908 1708170997801
2909 1708170997859
2910 1708170997918
2911 1708170997979
2912 1708170998035
2913 1708170998096
2914 1708170998156
2915 1708170998213
2916 1708170998277
2917 1708170998336
2918 1708170998396
2919 1708170998456
2920 1708170998520
2921 1708170998580
2922 1708170998640
2923 1708170998697
2924 1708170998759
2925 1708170998821
2926 1708170998880
2927 1708170998941
2928 1708170998999
2929 1708170999065
2930 1708170999124
2931 1708170999181
2932 1708170999244
2933 1708170999303
2934 1708170999366
2935 1708170999426
2936 1708170999483
2937 1708170999548
2938 1708170999608
2939 1708170999669
2940 1708170999728
2941 1708170999787
2942 1708170999847
2943 1708170999908
2944 1708170999967
2945 1708171000028
2946 1708171000091
2947 1708171000149
2948 1708171000213
2949 1708171000272
2950 1708171000332
2951 1708171000394
2952 1708171000450
2953 1708171000510
2954 1708171000574
2955 1708171000633
2956 1708171000695
2957 1708171000756
2958 1708171000814
2959 1708171000873
2960 1708171000934
2961 1708171000995
2962 1708171001054
2963 1708171001117
2964 1708171001180
2965 1708171001239
2966 1708171001298
2967 1708171001357
2968 1708171001420
2969 1708171001480
2970 1708171001540
2971 1708171001597
2972 1708171001663
2973 1708171001724
2974 1708171001783
2975 1708171001841
2976 1708171001903
2977 1708171001963
2978 1708171002022
2979 1708171002081
2980 1708171002147
2981 1708171002207
2982 1708171002266
2983 1708171002325
2984 1708171002385
2985 1708171002448
2986 1708171002505
2987 1708171002564
2988 1708171002626
2989 1708171002690
2990 1708171002749
2991 1708171002810
2992 1708171002872
2993 1708171002929
2994 1708171002990
2995 1708171003050
2996 1708171003112
2997 1708171003173
2998 1708171003233
2999 1708171003294
3000 1708171003354
3001 1708171003416
3002 1708171003475
3003 1708171003533
3004 1708171003596
3005 1708171003655
3006 1708171003717
3007 1708171003777
3008 1708171003840
3009 1708171003900
3010 1708171003959
3011 1708171004017
3012 1708171004077
3013 1708171004141
3014 1708171004202
3015 1708171004264
3016 1708171004324
3017 1708171004383
3018 1708171004444
3019 1708171004505
3020 1708171004563
3021 1708171004625
3022 1708171004688
3023 1708171004745
3024 1708171004808
3025 1708171004869
3026 1708171004929
3027 1708171004988
3028 1708171005047
3029 1708171005108
3030 1708171005168
3031 1708171005228
3032 1708171005292
3033 1708171005352
3034 1708171005412
3035 1708171005472
3036 1708171005532
3037 1708171005592
3038 1708171005652
3039 1708171005712
3040 1708171005776
3041 1708171005836
3042 1708171005896
3043 1708171005955
3044 1708171006013
3045 1708171006073
3046 1708171006138
3047 1708171006195
3048 1708171006256
3049 1708171006320
3050 1708171006380
3051 1708171006438
3052 1708171006498
3053 1708171006560
3054 1708171006620
3055 1708171006680
3056 1708171006740
3057 1708171006797
3058 1708171006863
3059 1708171006924
3060 1708171006996
3061 1708171007057
3062 1708171007116
3063 1708171007176
3064 1708171007229
3065 1708171007283
3066 1708171007344
3067 1708171007404
3068 1708171007465
3069 1708171007528
3070 1708171007586
3071 1708171007646
3072 1708171007708
3073 1708171007766
3074 1708171007826
3075 1708171007892
3076 1708171007949
3077 1708171008012
3078 1708171008072
3079 1708171008132
3080 1708171008190
3081 1708171008250
3082 1708171008313
3083 1708171008375
3084 1708171008435
3085 1708171008495
3086 1708171008556
3087 1708171008631
3088 1708171008702
3089 1708171008757
3090 1708171008812
3091 1708171008869
3092 1708171008924
3093 1708171008980
3094 1708171009039
3095 1708171009103
3096 1708171009161
3097 1708171009222
3098 1708171009280
3099 1708171009341
3100 1708171009399
3101 1708171009461
3102 1708171009524
3103 1708171009583
3104 1708171009642
3105 1708171009703
3106 1708171009763
3107 1708171009826
3108 1708171009881
3109 1708171009945
3110 1708171010005
3111 1708171010066
3112 1708171010130
3113 1708171010187
3114 1708171010246
3115 1708171010307
3116 1708171010367
3117 1708171010428
3118 1708171010491
3119 1708171010552
3120 1708171010612
3121 1708171010670
3122 1708171010729
3123 1708171010789
3124 1708171010852
3125 1708171010911
3126 1708171010970
3127 1708171011033
3128 1708171011096
3129 1708171011160
3130 1708171011216
3131 1708171011276
3132 1708171011337
3133 1708171011396
3134 1708171011459
3135 1708171011519
3136 1708171011581
3137 1708171011641
3138 1708171011697
3139 1708171011757
3140 1708171011817
3141 1708171011877
3142 1708171011938
3143 1708171012001
3144 1708171012067
3145 1708171012122
3146 1708171012183
3147 1708171012244
3148 1708171012304
3149 1708171012363
3150 1708171012423
3151 1708171012483
3152 1708171012547
3153 1708171012605
3154 1708171012665
3155 1708171012725
3156 1708171012786
3157 1708171012848
3158 1708171012908
3159 1708171012968
3160 1708171013030
3161 1708171013089
3162 1708171013151
3163 1708171013212
3164 1708171013272
3165 1708171013330
3166 1708171013392
3167 1708171013452
3168 1708171013514
3169 1708171013574
3170 1708171013633
3171 1708171013695
3172 1708171013753
3173 1708171013813
3174 1708171013873
3175 1708171013933
3176 1708171013995
3177 1708171014055
3178 1708171014117
3179 1708171014180
3180 1708171014237
3181 1708171014297
3182 1708171014357
3183 1708171014417
3184 1708171014477
3185 1708171014537
3186 1708171014597
3187 1708171014661
3188 1708171014724
3189 1708171014781
3190 1708171014844
3191 1708171014902
3192 1708171014968
3193 1708171015023
3194 1708171015081
3195 1708171015146
3196 1708171015207
3197 1708171015267
3198 1708171015326
3199 1708171015386
3200 1708171015446
3201 1708171015506
3202 1708171015569
3203 1708171015627
3204 1708171015713
3205 1708171015777
3206 1708171015833
3207 1708171015891
3208 1708171015950
3209 1708171016010
3210 1708171016073
3211 1708171016133
3212 1708171016191
3213 1708171016246
3214 1708171016303
3215 1708171016360
3216 1708171016415
3217 1708171016473
3218 1708171016533
3219 1708171016593
3220 1708171016652
3221 1708171016720
3222 1708171016790
3223 1708171016844
3224 1708171016897
3225 1708171016957
3226 1708171017020
3227 1708171017080
3228 1708171017140
3229 1708171017197
3230 1708171017264
3231 1708171017324
3232 1708171017384
3233 1708171017441
3234 1708171017501
3235 1708171017561
3236 1708171017620
3237 1708171017680
3238 1708171017745
3239 1708171017808
3240 1708171017867
3241 1708171017925
3242 1708171017988
3243 1708171018048
3244 1708171018110
3245 1708171018165
3246 1708171018228
3247 1708171018292
3248 1708171018352
3249 1708171018411
3250 1708171018471
3251 1708171018532
3252 1708171018589
3253 1708171018651
3254 1708171018710
3255 1708171018770
3256 1708171018835
3257 1708171018893
3258 1708171018956
3259 1708171019016
3260 1708171019074
3261 1708171019136
3262 1708171019196
3263 1708171019264
