1 1703262271398
2 1703262271481
3 1703262271503
4 1703262271532
5 1703262271563
6 1703262271595
7 1703262271628
8 1703262271663
9 1703262271695
10 1703262271727
11 1703262271763
12 1703262271799
13 1703262271835
14 1703262271864
15 1703262271899
16 1703262271933
17 1703262271965
18 1703262272001
19 1703262272033
20 1703262272065
21 1703262272102
22 1703262272135
23 1703262272196
24 1703262272245
25 1703262272292
26 1703262272339
27 1703262272379
28 1703262272419
29 1703262272456
30 1703262272497
31 1703262272540
32 1703262272579
33 1703262272619
34 1703262272659
35 1703262272699
36 1703262272740
37 1703262272781
38 1703262272817
39 1703262272860
40 1703262272904
41 1703262272945
42 1703262272982
43 1703262273019
44 1703262273059
45 1703262273099
46 1703262273140
47 1703262273182
48 1703262273219
49 1703262273259
50 1703262273300
51 1703262273340
52 1703262273379
53 1703262273423
54 1703262273463
55 1703262273503
56 1703262273543
57 1703262273583
58 1703262273625
59 1703262273663
60 1703262273703
61 1703262273743
62 1703262273784
63 1703262273824
64 1703262273863
65 1703262273903
66 1703262273944
67 1703262273989
68 1703262274027
69 1703262274067
70 1703262274107
71 1703262274147
72 1703262274187
73 1703262274227
74 1703262274268
75 1703262274307
76 1703262274347
77 1703262274387
78 1703262274428
79 1703262274468
80 1703262274507
81 1703262274551
82 1703262274591
83 1703262274632
84 1703262274672
85 1703262274711
86 1703262274753
87 1703262274791
88 1703262274831
89 1703262274872
90 1703262274912
91 1703262274952
92 1703262274991
93 1703262275032
94 1703262275071
95 1703262275115
96 1703262275155
97 1703262275196
98 1703262275236
99 1703262275276
100 1703262275315
101 1703262275355
102 1703262275396
103 1703262275436
104 1703262275475
105 1703262275515
106 1703262275556
107 1703262275596
108 1703262275636
109 1703262275679
110 1703262275722
111 1703262275759
112 1703262275799
113 1703262275839
114 1703262275880
115 1703262275920
116 1703262275960
117 1703262276000
118 1703262276040
119 1703262276080
120 1703262276120
121 1703262276159
122 1703262276205
123 1703262276244
124 1703262276283
125 1703262276324
126 1703262276365
127 1703262276403
128 1703262276443
129 1703262276483
130 1703262276525
131 1703262276564
132 1703262276603
133 1703262276643
134 1703262276684
135 1703262276725
136 1703262276767
137 1703262276807
138 1703262276847
139 1703262276888
140 1703262276928
141 1703262276967
142 1703262277008
143 1703262277048
144 1703262277088
145 1703262277128
146 1703262277168
147 1703262277209
148 1703262277250
149 1703262277288
150 1703262277331
151 1703262277373
152 1703262277412
153 1703262277453
154 1703262277492
155 1703262277533
156 1703262277572
157 1703262277611
158 1703262277652
159 1703262277693
160 1703262277733
161 1703262277771
162 1703262277811
163 1703262277851
164 1703262277896
165 1703262277935
166 1703262277975
167 1703262278016
168 1703262278057
169 1703262278096
170 1703262278136
171 1703262278177
172 1703262278217
173 1703262278257
174 1703262278296
175 1703262278337
176 1703262278377
177 1703262278416
178 1703262278461
179 1703262278501
180 1703262278540
181 1703262278580
182 1703262278621
183 1703262278661
184 1703262278701
185 1703262278740
186 1703262278781
187 1703262278821
188 1703262278860
189 1703262278901
190 1703262278940
191 1703262278981
192 1703262279025
193 1703262279064
194 1703262279105
195 1703262279145
196 1703262279185
197 1703262279225
198 1703262279265
199 1703262279306
200 1703262279345
201 1703262279384
202 1703262279423
203 1703262279463
204 1703262279504
205 1703262279547
206 1703262279587
207 1703262279628
208 1703262279667
209 1703262279707
210 1703262279747
211 1703262279787
212 1703262279827
213 1703262279867
214 1703262279907
215 1703262279948
216 1703262279987
217 1703262280027
218 1703262280067
219 1703262280111
220 1703262280151
221 1703262280191
222 1703262280231
223 1703262280272
224 1703262280311
225 1703262280351
226 1703262280391
227 1703262280431
228 1703262280471
229 1703262280512
230 1703262280551
231 1703262280591
232 1703262280631
233 1703262280675
234 1703262280718
235 1703262280755
236 1703262280795
237 1703262280835
238 1703262280876
239 1703262280916
240 1703262280955
241 1703262280995
242 1703262281036
243 1703262281075
244 1703262281115
245 1703262281155
246 1703262281196
247 1703262281241
248 1703262281279
249 1703262281319
250 1703262281359
251 1703262281402
252 1703262281441
253 1703262281479
254 1703262281519
255 1703262281559
256 1703262281599
257 1703262281639
258 1703262281680
259 1703262281720
260 1703262281764
261 1703262281803
262 1703262281845
263 1703262281883
264 1703262281923
265 1703262281963
266 1703262282003
267 1703262282044
268 1703262282083
269 1703262282122
270 1703262282163
271 1703262282203
272 1703262282243
273 1703262282283
274 1703262282327
275 1703262282369
276 1703262282407
277 1703262282447
278 1703262282487
279 1703262282528
280 1703262282567
281 1703262282607
282 1703262282647
283 1703262282690
284 1703262282727
285 1703262282767
286 1703262282807
287 1703262282849
288 1703262282893
289 1703262282931
290 1703262282972
291 1703262283011
292 1703262283052
293 1703262283091
294 1703262283131
295 1703262283171
296 1703262283214
297 1703262283251
298 1703262283291
299 1703262283331
300 1703262283372
301 1703262283412
302 1703262283455
303 1703262283495
304 1703262283536
305 1703262283577
306 1703262283621
307 1703262283656
308 1703262283697
309 1703262283738
310 1703262283778
311 1703262283816
312 1703262283856
313 1703262283896
314 1703262283936
315 1703262283976
316 1703262284020
317 1703262284060
318 1703262284100
319 1703262284139
320 1703262284182
321 1703262284222
322 1703262284261
323 1703262284300
324 1703262284341
325 1703262284382
326 1703262284422
327 1703262284462
328 1703262284499
329 1703262284543
330 1703262284583
331 1703262284625
332 1703262284666
333 1703262284705
334 1703262284745
335 1703262284783
336 1703262284824
337 1703262284864
338 1703262284904
339 1703262284944
340 1703262284984
341 1703262285024
342 1703262285064
343 1703262285108
344 1703262285149
345 1703262285189
346 1703262285229
347 1703262285267
348 1703262285307
349 1703262285348
350 1703262285387
351 1703262285427
352 1703262285468
353 1703262285507
354 1703262285548
355 1703262285586
356 1703262285628
357 1703262285672
358 1703262285712
359 1703262285752
360 1703262285790
361 1703262285831
362 1703262285871
363 1703262285913
364 1703262285952
365 1703262285992
366 1703262286031
367 1703262286071
368 1703262286111
369 1703262286152
370 1703262286192
371 1703262286235
372 1703262286275
373 1703262286316
374 1703262286355
375 1703262286395
376 1703262286436
377 1703262286476
378 1703262286517
379 1703262286557
380 1703262286597
381 1703262286637
382 1703262286676
383 1703262286716
384 1703262286757
385 1703262286801
386 1703262286840
387 1703262286880
388 1703262286920
389 1703262286960
390 1703262287001
391 1703262287039
392 1703262287079
393 1703262287120
394 1703262287160
395 1703262287200
396 1703262287240
397 1703262287280
398 1703262287324
399 1703262287364
400 1703262287403
401 1703262287443
402 1703262287483
403 1703262287524
404 1703262287564
405 1703262287603
406 1703262287644
407 1703262287684
408 1703262287724
409 1703262287763
410 1703262287804
411 1703262287843
412 1703262287890
413 1703262287927
414 1703262287967
415 1703262288008
416 1703262288049
417 1703262288087
418 1703262288127
419 1703262288169
420 1703262288208
421 1703262288248
422 1703262288287
423 1703262288327
424 1703262288368
425 1703262288407
426 1703262288452
427 1703262288492
428 1703262288532
429 1703262288572
430 1703262288612
431 1703262288651
432 1703262288694
433 1703262288732
434 1703262288771
435 1703262288812
436 1703262288852
437 1703262288893
438 1703262288934
439 1703262288971
440 1703262289017
441 1703262289058
442 1703262289096
443 1703262289135
444 1703262289175
445 1703262289215
446 1703262289258
447 1703262289298
448 1703262289338
449 1703262289376
450 1703262289416
451 1703262289456
452 1703262289496
453 1703262289537
454 1703262289580
455 1703262289620
456 1703262289660
457 1703262289702
458 1703262289742
459 1703262289781
460 1703262289822
461 1703262289862
462 1703262289901
463 1703262289939
464 1703262289979
465 1703262290019
466 1703262290060
467 1703262290104
468 1703262290146
469 1703262290186
470 1703262290225
471 1703262290265
472 1703262290305
473 1703262290344
474 1703262290384
475 1703262290424
476 1703262290464
477 1703262290504
478 1703262290544
479 1703262290584
480 1703262290624
481 1703262290668
482 1703262290708
483 1703262290748
484 1703262290788
485 1703262290829
486 1703262290868
487 1703262290908
488 1703262290948
489 1703262290990
490 1703262291029
491 1703262291069
492 1703262291107
493 1703262291148
494 1703262291187
495 1703262291232
496 1703262291273
497 1703262291313
498 1703262291353
499 1703262291392
500 1703262291433
501 1703262291473
502 1703262291512
503 1703262291553
504 1703262291592
505 1703262291632
506 1703262291672
507 1703262291712
508 1703262291752
509 1703262291796
510 1703262291836
511 1703262291876
512 1703262291915
513 1703262291956
514 1703262291996
515 1703262292035
516 1703262292076
517 1703262292115
518 1703262292155
519 1703262292195
520 1703262292236
521 1703262292276
522 1703262292316
523 1703262292359
524 1703262292399
525 1703262292439
526 1703262292480
527 1703262292520
528 1703262292560
529 1703262292599
530 1703262292639
531 1703262292679
532 1703262292720
533 1703262292760
534 1703262292800
535 1703262292839
536 1703262292884
537 1703262292924
538 1703262292963
539 1703262293003
540 1703262293044
541 1703262293084
542 1703262293124
543 1703262293165
544 1703262293203
545 1703262293244
546 1703262293285
547 1703262293326
548 1703262293363
549 1703262293403
550 1703262293447
551 1703262293487
552 1703262293528
553 1703262293569
554 1703262293609
555 1703262293649
556 1703262293689
557 1703262293729
558 1703262293769
559 1703262293810
560 1703262293849
561 1703262293889
562 1703262293929
563 1703262293969
564 1703262294013
565 1703262294054
566 1703262294093
567 1703262294133
568 1703262294173
569 1703262294213
570 1703262294253
571 1703262294293
572 1703262294333
573 1703262294372
574 1703262294411
575 1703262294452
576 1703262294492
577 1703262294532
578 1703262294576
579 1703262294616
580 1703262294656
581 1703262294697
582 1703262294737
583 1703262294776
584 1703262294816
585 1703262294856
586 1703262294896
587 1703262294936
588 1703262294976
589 1703262295016
590 1703262295056
591 1703262295096
592 1703262295140
593 1703262295180
594 1703262295221
595 1703262295260
596 1703262295299
597 1703262295339
598 1703262295380
599 1703262295419
600 1703262295460
601 1703262295500
602 1703262295540
603 1703262295580
604 1703262295620
605 1703262295664
606 1703262295705
607 1703262295744
608 1703262295784
609 1703262295824
610 1703262295864
611 1703262295904
612 1703262295944
613 1703262295984
614 1703262296024
615 1703262296064
616 1703262296104
617 1703262296144
618 1703262296184
619 1703262296227
620 1703262296268
621 1703262296307
622 1703262296347
623 1703262296388
624 1703262296427
625 1703262296468
626 1703262296507
627 1703262296548
628 1703262296588
629 1703262296627
630 1703262296668
631 1703262296708
632 1703262296749
633 1703262296792
634 1703262296832
635 1703262296872
636 1703262296912
637 1703262296952
638 1703262296992
639 1703262297032
640 1703262297072
641 1703262297112
642 1703262297152
643 1703262297194
644 1703262297234
645 1703262297271
646 1703262297311
647 1703262297356
648 1703262297398
649 1703262297437
650 1703262297476
651 1703262297516
652 1703262297556
653 1703262297596
654 1703262297637
655 1703262297677
656 1703262297717
657 1703262297757
658 1703262297797
659 1703262297837
660 1703262297877
661 1703262297921
662 1703262297961
663 1703262298001
664 1703262298041
665 1703262298081
666 1703262298121
667 1703262298161
668 1703262298201
669 1703262298241
670 1703262298281
671 1703262298321
672 1703262298361
673 1703262298401
674 1703262298445
675 1703262298485
676 1703262298525
677 1703262298565
678 1703262298605
679 1703262298645
680 1703262298686
681 1703262298725
682 1703262298765
683 1703262298806
684 1703262298845
685 1703262298884
686 1703262298924
687 1703262298965
688 1703262299008
689 1703262299048
690 1703262299089
691 1703262299128
692 1703262299169
693 1703262299208
694 1703262299248
695 1703262299289
696 1703262299329
697 1703262299369
698 1703262299409
699 1703262299447
700 1703262299487
701 1703262299527
702 1703262299574
703 1703262299614
704 1703262299654
705 1703262299693
706 1703262299734
707 1703262299774
708 1703262299814
709 1703262299852
710 1703262299891
711 1703262299932
712 1703262299973
713 1703262300014
714 1703262300054
715 1703262300093
716 1703262300138
717 1703262300177
718 1703262300217
719 1703262300258
720 1703262300298
721 1703262300337
722 1703262300377
723 1703262300418
724 1703262300457
725 1703262300497
726 1703262300535
727 1703262300575
728 1703262300616
729 1703262300657
730 1703262300702
731 1703262300741
732 1703262300781
733 1703262300822
734 1703262300862
735 1703262300902
736 1703262300942
737 1703262300981
738 1703262301022
739 1703262301061
740 1703262301101
741 1703262301141
742 1703262301182
743 1703262301227
744 1703262301264
745 1703262301304
746 1703262301344
747 1703262301384
748 1703262301425
749 1703262301464
750 1703262301505
751 1703262301545
752 1703262301586
753 1703262301626
754 1703262301665
755 1703262301705
756 1703262301746
757 1703262301788
758 1703262301828
759 1703262301868
760 1703262301909
761 1703262301949
762 1703262301989
763 1703262302029
764 1703262302069
765 1703262302109
766 1703262302149
767 1703262302189
768 1703262302229
769 1703262302269
770 1703262302309
771 1703262302353
772 1703262302393
773 1703262302433
774 1703262302473
775 1703262302513
776 1703262302554
777 1703262302593
778 1703262302633
779 1703262302673
780 1703262302713
781 1703262302753
782 1703262302793
783 1703262302833
784 1703262302873
785 1703262302917
786 1703262302957
787 1703262302997
788 1703262303037
789 1703262303077
790 1703262303117
791 1703262303157
792 1703262303197
793 1703262303237
794 1703262303275
795 1703262303315
796 1703262303355
797 1703262303396
798 1703262303438
799 1703262303483
800 1703262303521
801 1703262303562
802 1703262303599
803 1703262303639
804 1703262303680
805 1703262303720
806 1703262303761
807 1703262303802
808 1703262303841
809 1703262303881
810 1703262303921
811 1703262303959
812 1703262304003
813 1703262304044
814 1703262304084
815 1703262304124
816 1703262304165
817 1703262304206
818 1703262304246
819 1703262304287
820 1703262304324
821 1703262304364
822 1703262304404
823 1703262304444
824 1703262304484
825 1703262304524
826 1703262304568
827 1703262304608
828 1703262304648
829 1703262304690
830 1703262304730
831 1703262304768
832 1703262304807
833 1703262304848
834 1703262304888
835 1703262304928
836 1703262304968
837 1703262305009
838 1703262305049
839 1703262305088
840 1703262305132
841 1703262305172
842 1703262305212
843 1703262305251
844 1703262305291
845 1703262305331
846 1703262305372
847 1703262305413
848 1703262305453
849 1703262305493
850 1703262305531
851 1703262305572
852 1703262305612
853 1703262305652
854 1703262305697
855 1703262305737
856 1703262305775
857 1703262305815
858 1703262305855
859 1703262305896
860 1703262305936
861 1703262305977
862 1703262306017
863 1703262306056
864 1703262306095
865 1703262306136
866 1703262306176
867 1703262306216
868 1703262306259
869 1703262306300
870 1703262306339
871 1703262306379
872 1703262306420
873 1703262306461
874 1703262306499
875 1703262306539
876 1703262306579
877 1703262306619
878 1703262306660
879 1703262306702
880 1703262306739
881 1703262306783
882 1703262306823
883 1703262306863
884 1703262306904
885 1703262306946
886 1703262306984
887 1703262307023
888 1703262307063
889 1703262307105
890 1703262307147
891 1703262307183
892 1703262307223
893 1703262307263
894 1703262307304
895 1703262307347
896 1703262307387
897 1703262307428
898 1703262307468
899 1703262307507
900 1703262307547
901 1703262307587
902 1703262307627
903 1703262307667
904 1703262307709
905 1703262307747
906 1703262307787
907 1703262307827
908 1703262307868
909 1703262307912
910 1703262307951
911 1703262307993
912 1703262308031
913 1703262308071
914 1703262308111
915 1703262308151
916 1703262308191
917 1703262308232
918 1703262308270
919 1703262308314
920 1703262308351
921 1703262308391
922 1703262308431
923 1703262308475
924 1703262308516
925 1703262308556
926 1703262308595
927 1703262308635
928 1703262308676
929 1703262308715
930 1703262308756
931 1703262308797
932 1703262308835
933 1703262308875
934 1703262308915
935 1703262308955
936 1703262308996
937 1703262309041
938 1703262309079
939 1703262309119
940 1703262309161
941 1703262309199
942 1703262309239
943 1703262309279
944 1703262309319
945 1703262309360
946 1703262309400
947 1703262309439
948 1703262309479
949 1703262309522
950 1703262309563
951 1703262309603
952 1703262309644
953 1703262309686
954 1703262309723
955 1703262309763
956 1703262309803
957 1703262309844
958 1703262309884
959 1703262309923
960 1703262309963
961 1703262310005
962 1703262310044
963 1703262310083
964 1703262310127
965 1703262310170
966 1703262310209
967 1703262310249
968 1703262310287
969 1703262310330
970 1703262310371
971 1703262310407
972 1703262310447
973 1703262310489
974 1703262310531
975 1703262310570
976 1703262310607
977 1703262310649
978 1703262310693
979 1703262310734
980 1703262310771
981 1703262310812
982 1703262310852
983 1703262310892
984 1703262310935
985 1703262310973
986 1703262311011
987 1703262311051
988 1703262311091
989 1703262311133
990 1703262311173
991 1703262311213
992 1703262311258
993 1703262311299
994 1703262311337
995 1703262311375
996 1703262311418
997 1703262311457
998 1703262311497
999 1703262311535
1000 1703262311576
1001 1703262311616
1002 1703262311656
1003 1703262311696
1004 1703262311736
1005 1703262311777
1006 1703262311822
1007 1703262311860
1008 1703262311901
1009 1703262311941
1010 1703262311980
1011 1703262312021
1012 1703262312059
1013 1703262312100
1014 1703262312139
1015 1703262312180
1016 1703262312219
1017 1703262312260
1018 1703262312300
1019 1703262312343
1020 1703262312383
1021 1703262312425
