1 1706971145281
2 1706971145360
3 1706971145388
4 1706971145424
5 1706971145448
6 1706971145480
7 1706971145512
8 1706971145548
9 1706971145580
10 1706971145616
11 1706971145653
12 1706971145681
13 1706971145721
14 1706971145749
15 1706971145785
16 1706971145822
17 1706971145852
18 1706971145889
19 1706971145918
20 1706971145954
21 1706971145988
22 1706971146020
23 1706971146084
24 1706971146144
25 1706971146205
26 1706971146265
27 1706971146328
28 1706971146381
29 1706971146446
30 1706971146504
31 1706971146570
32 1706971146628
33 1706971146689
34 1706971146748
35 1706971146808
36 1706971146869
37 1706971146929
38 1706971146989
39 1706971147050
40 1706971147114
41 1706971147172
42 1706971147232
43 1706971147288
44 1706971147348
45 1706971147410
46 1706971147475
47 1706971147529
48 1706971147590
49 1706971147653
50 1706971147718
51 1706971147773
52 1706971147832
53 1706971147891
54 1706971147952
55 1706971148011
56 1706971148072
57 1706971148135
58 1706971148198
59 1706971148255
60 1706971148315
61 1706971148378
62 1706971148436
63 1706971148495
64 1706971148558
65 1706971148616
66 1706971148682
67 1706971148739
68 1706971148802
69 1706971148859
70 1706971148922
71 1706971148979
72 1706971149042
73 1706971149100
74 1706971149163
75 1706971149226
76 1706971149283
77 1706971149346
78 1706971149404
79 1706971149467
80 1706971149524
81 1706971149584
82 1706971149647
83 1706971149708
84 1706971149768
85 1706971149830
86 1706971149888
87 1706971149951
88 1706971150009
89 1706971150068
90 1706971150128
91 1706971150189
92 1706971150252
93 1706971150314
94 1706971150374
95 1706971150434
96 1706971150492
97 1706971150552
98 1706971150615
99 1706971150674
100 1706971150739
101 1706971150796
102 1706971150858
103 1706971150918
104 1706971150976
105 1706971151039
106 1706971151096
107 1706971151158
108 1706971151218
109 1706971151280
110 1706971151342
111 1706971151402
112 1706971151462
113 1706971151522
114 1706971151582
115 1706971151642
116 1706971151700
117 1706971151765
118 1706971151826
119 1706971151886
120 1706971151946
121 1706971152006
122 1706971152067
123 1706971152127
124 1706971152184
125 1706971152244
126 1706971152311
127 1706971152368
128 1706971152429
129 1706971152488
130 1706971152550
131 1706971152608
132 1706971152670
133 1706971152729
134 1706971152789
135 1706971152855
136 1706971152912
137 1706971152973
138 1706971153034
139 1706971153095
140 1706971153154
141 1706971153212
142 1706971153274
143 1706971153338
144 1706971153399
145 1706971153456
146 1706971153518
147 1706971153578
148 1706971153636
149 1706971153697
150 1706971153758
151 1706971153818
152 1706971153883
153 1706971153942
154 1706971154002
155 1706971154062
156 1706971154122
157 1706971154182
158 1706971154242
159 1706971154302
160 1706971154362
161 1706971154426
162 1706971154485
163 1706971154546
164 1706971154606
165 1706971154666
166 1706971154726
167 1706971154787
168 1706971154846
169 1706971154909
170 1706971154970
171 1706971155030
172 1706971155090
173 1706971155151
174 1706971155209
175 1706971155269
176 1706971155328
177 1706971155388
178 1706971155455
179 1706971155512
180 1706971155572
181 1706971155632
182 1706971155694
183 1706971155752
184 1706971155812
185 1706971155874
186 1706971155936
187 1706971155998
188 1706971156056
189 1706971156116
190 1706971156177
191 1706971156236
192 1706971156296
193 1706971156356
194 1706971156416
195 1706971156483
196 1706971156540
197 1706971156600
198 1706971156662
199 1706971156720
200 1706971156780
201 1706971156840
202 1706971156902
203 1706971156960
204 1706971157024
205 1706971157084
206 1706971157147
207 1706971157204
208 1706971157264
209 1706971157326
210 1706971157384
211 1706971157447
212 1706971157507
213 1706971157568
214 1706971157630
215 1706971157688
216 1706971157748
217 1706971157810
218 1706971157868
219 1706971157931
220 1706971157988
221 1706971158053
222 1706971158114
223 1706971158173
224 1706971158232
225 1706971158293
226 1706971158352
227 1706971158415
228 1706971158472
229 1706971158532
230 1706971158599
231 1706971158657
232 1706971158716
233 1706971158779
234 1706971158836
235 1706971158898
236 1706971158956
237 1706971159016
238 1706971159082
239 1706971159140
240 1706971159200
241 1706971159260
242 1706971159321
243 1706971159381
244 1706971159440
245 1706971159502
246 1706971159561
247 1706971159626
248 1706971159684
249 1706971159747
250 1706971159805
251 1706971159867
252 1706971159924
253 1706971159986
254 1706971160045
255 1706971160108
256 1706971160169
257 1706971160228
258 1706971160291
259 1706971160348
260 1706971160410
261 1706971160469
262 1706971160529
263 1706971160589
264 1706971160652
265 1706971160712
266 1706971160775
267 1706971160833
268 1706971160892
269 1706971160953
270 1706971161015
271 1706971161072
272 1706971161133
273 1706971161198
274 1706971161258
275 1706971161318
276 1706971161376
277 1706971161436
278 1706971161499
279 1706971161556
280 1706971161617
281 1706971161681
282 1706971161743
283 1706971161800
284 1706971161861
285 1706971161921
286 1706971161982
287 1706971162041
288 1706971162101
289 1706971162163
290 1706971162224
291 1706971162287
292 1706971162345
293 1706971162404
294 1706971162465
295 1706971162526
296 1706971162587
297 1706971162644
298 1706971162708
299 1706971162771
300 1706971162828
301 1706971162891
302 1706971162950
303 1706971163008
304 1706971163072
305 1706971163129
306 1706971163189
307 1706971163254
308 1706971163314
309 1706971163374
310 1706971163434
311 1706971163493
312 1706971163553
313 1706971163615
314 1706971163672
315 1706971163734
316 1706971163798
317 1706971163858
318 1706971163917
319 1706971163977
320 1706971164038
321 1706971164097
322 1706971164157
323 1706971164217
324 1706971164284
325 1706971164342
326 1706971164403
327 1706971164461
328 1706971164522
329 1706971164582
330 1706971164640
331 1706971164700
332 1706971164762
333 1706971164827
334 1706971164885
335 1706971164946
336 1706971165006
337 1706971165065
338 1706971165124
339 1706971165187
340 1706971165244
341 1706971165311
342 1706971165369
343 1706971165429
344 1706971165489
345 1706971165550
346 1706971165609
347 1706971165670
348 1706971165729
349 1706971165790
350 1706971165854
351 1706971165913
352 1706971165974
353 1706971166032
354 1706971166094
355 1706971166152
356 1706971166214
357 1706971166274
358 1706971166332
359 1706971166398
360 1706971166459
361 1706971166517
362 1706971166578
363 1706971166637
364 1706971166698
365 1706971166756
366 1706971166815
367 1706971166882
368 1706971166943
369 1706971167003
370 1706971167062
371 1706971167121
372 1706971167181
373 1706971167243
374 1706971167302
375 1706971167360
376 1706971167427
377 1706971167486
378 1706971167546
379 1706971167604
380 1706971167667
381 1706971167726
382 1706971167784
383 1706971167845
384 1706971167909
385 1706971167971
386 1706971168030
387 1706971168089
388 1706971168151
389 1706971168210
390 1706971168270
391 1706971168330
392 1706971168390
393 1706971168455
394 1706971168514
395 1706971168572
396 1706971168633
397 1706971168694
398 1706971168752
399 1706971168815
400 1706971168872
401 1706971168934
402 1706971168998
403 1706971169058
404 1706971169117
405 1706971169179
406 1706971169238
407 1706971169296
408 1706971169358
409 1706971169418
410 1706971169482
411 1706971169541
412 1706971169601
413 1706971169663
414 1706971169723
415 1706971169784
416 1706971169841
417 1706971169902
418 1706971169962
419 1706971170026
420 1706971170086
421 1706971170146
422 1706971170206
423 1706971170266
424 1706971170326
425 1706971170384
426 1706971170445
427 1706971170511
428 1706971170570
429 1706971170628
430 1706971170690
431 1706971170750
432 1706971170809
433 1706971170871
434 1706971170928
435 1706971170989
436 1706971171054
437 1706971171114
438 1706971171174
439 1706971171234
440 1706971171293
441 1706971171355
442 1706971171414
443 1706971171472
444 1706971171532
445 1706971171599
446 1706971171659
447 1706971171717
448 1706971171777
449 1706971171838
450 1706971171898
451 1706971171957
452 1706971172018
453 1706971172083
454 1706971172142
455 1706971172200
456 1706971172261
457 1706971172322
458 1706971172381
459 1706971172441
460 1706971172500
461 1706971172561
462 1706971172624
463 1706971172686
464 1706971172744
465 1706971172807
466 1706971172866
467 1706971172925
468 1706971172986
469 1706971173045
470 1706971173108
471 1706971173171
472 1706971173229
473 1706971173291
474 1706971173349
475 1706971173409
476 1706971173469
477 1706971173531
478 1706971173588
479 1706971173655
480 1706971173714
481 1706971173772
482 1706971173835
483 1706971173894
484 1706971173953
485 1706971174015
486 1706971174073
487 1706971174132
488 1706971174199
489 1706971174258
490 1706971174319
491 1706971174378
492 1706971174439
493 1706971174498
494 1706971174559
495 1706971174619
496 1706971174683
497 1706971174741
498 1706971174801
499 1706971174863
500 1706971174920
501 1706971174983
502 1706971175040
503 1706971175101
504 1706971175160
505 1706971175228
506 1706971175284
507 1706971175344
508 1706971175404
509 1706971175467
510 1706971175524
511 1706971175585
512 1706971175646
513 1706971175704
514 1706971175771
515 1706971175828
516 1706971175891
517 1706971175951
518 1706971176008
519 1706971176071
520 1706971176128
521 1706971176191
522 1706971176253
523 1706971176315
524 1706971176372
525 1706971176435
526 1706971176495
527 1706971176555
528 1706971176613
529 1706971176675
530 1706971176732
531 1706971176796
532 1706971176860
533 1706971176917
534 1706971176978
535 1706971177037
536 1706971177099
537 1706971177156
538 1706971177216
539 1706971177284
540 1706971177341
541 1706971177403
542 1706971177462
543 1706971177520
544 1706971177580
545 1706971177643
546 1706971177703
547 1706971177760
548 1706971177824
549 1706971177887
550 1706971177947
551 1706971178005
552 1706971178064
553 1706971178127
554 1706971178184
555 1706971178247
556 1706971178309
557 1706971178369
558 1706971178431
559 1706971178488
560 1706971178551
561 1706971178608
562 1706971178671
563 1706971178729
564 1706971178790
565 1706971178853
566 1706971178915
567 1706971178973
568 1706971179035
569 1706971179092
570 1706971179154
571 1706971179215
572 1706971179272
573 1706971179335
574 1706971179398
575 1706971179457
576 1706971179517
577 1706971179578
578 1706971179638
579 1706971179697
580 1706971179757
581 1706971179817
582 1706971179883
583 1706971179941
584 1706971180003
585 1706971180060
586 1706971180123
587 1706971180181
588 1706971180241
589 1706971180303
590 1706971180361
591 1706971180426
592 1706971180486
593 1706971180546
594 1706971180606
595 1706971180666
596 1706971180726
597 1706971180785
598 1706971180847
599 1706971180906
600 1706971180971
601 1706971181028
602 1706971181091
603 1706971181150
604 1706971181208
605 1706971181270
606 1706971181328
607 1706971181391
608 1706971181453
609 1706971181514
610 1706971181574
611 1706971181633
612 1706971181695
613 1706971181753
614 1706971181815
615 1706971181872
616 1706971181935
617 1706971181996
618 1706971182059
619 1706971182118
620 1706971182176
621 1706971182239
622 1706971182297
623 1706971182359
624 1706971182418
625 1706971182481
626 1706971182541
627 1706971182603
628 1706971182662
629 1706971182722
630 1706971182783
631 1706971182842
632 1706971182903
633 1706971182960
634 1706971183027
635 1706971183084
636 1706971183146
637 1706971183206
638 1706971183266
639 1706971183327
640 1706971183386
641 1706971183444
642 1706971183506
643 1706971183570
644 1706971183628
645 1706971183691
646 1706971183750
647 1706971183811
648 1706971183871
649 1706971183928
650 1706971183991
651 1706971184053
652 1706971184114
653 1706971184173
654 1706971184233
655 1706971184293
656 1706971184352
657 1706971184415
658 1706971184473
659 1706971184535
660 1706971184596
661 1706971184659
662 1706971184716
663 1706971184779
664 1706971184838
665 1706971184896
666 1706971184959
667 1706971185017
668 1706971185081
669 1706971185141
670 1706971185202
671 1706971185263
672 1706971185320
673 1706971185383
674 1706971185441
675 1706971185503
676 1706971185562
677 1706971185625
678 1706971185687
679 1706971185746
680 1706971185804
681 1706971185867
682 1706971185925
683 1706971185987
684 1706971186044
685 1706971186107
686 1706971186170
687 1706971186230
688 1706971186290
689 1706971186349
690 1706971186411
691 1706971186471
692 1706971186530
693 1706971186589
694 1706971186655
695 1706971186715
696 1706971186775
697 1706971186835
698 1706971186894
699 1706971186955
700 1706971187014
701 1706971187074
702 1706971187133
703 1706971187198
704 1706971187257
705 1706971187316
706 1706971187379
707 1706971187438
708 1706971187497
709 1706971187556
710 1706971187618
711 1706971187677
712 1706971187743
713 1706971187800
714 1706971187863
715 1706971187921
716 1706971187983
717 1706971188040
718 1706971188103
719 1706971188162
720 1706971188224
721 1706971188287
722 1706971188345
723 1706971188406
724 1706971188466
725 1706971188525
726 1706971188586
727 1706971188646
728 1706971188710
729 1706971188769
730 1706971188829
731 1706971188890
732 1706971188949
733 1706971189011
734 1706971189068
735 1706971189131
736 1706971189189
737 1706971189255
738 1706971189313
739 1706971189374
740 1706971189434
741 1706971189492
742 1706971189555
743 1706971189613
744 1706971189675
745 1706971189732
746 1706971189799
747 1706971189857
748 1706971189918
749 1706971189977
750 1706971190038
751 1706971190097
752 1706971190158
753 1706971190216
754 1706971190279
755 1706971190341
756 1706971190404
757 1706971190461
758 1706971190523
759 1706971190581
760 1706971190640
761 1706971190700
762 1706971190760
763 1706971190827
764 1706971190886
765 1706971190946
766 1706971191006
767 1706971191066
768 1706971191127
769 1706971191187
770 1706971191244
771 1706971191305
772 1706971191370
773 1706971191431
774 1706971191490
775 1706971191549
776 1706971191609
777 1706971191670
778 1706971191730
779 1706971191789
780 1706971191854
781 1706971191915
782 1706971191973
783 1706971192035
784 1706971192093
785 1706971192153
786 1706971192215
787 1706971192273
788 1706971192334
789 1706971192398
790 1706971192457
791 1706971192519
792 1706971192576
793 1706971192636
794 1706971192698
795 1706971192758
796 1706971192818
797 1706971192876
798 1706971192943
799 1706971193001
800 1706971193062
801 1706971193123
802 1706971193180
803 1706971193243
804 1706971193301
805 1706971193363
806 1706971193425
807 1706971193485
808 1706971193547
809 1706971193605
810 1706971193666
811 1706971193724
812 1706971193787
813 1706971193845
814 1706971193906
815 1706971193970
816 1706971194028
817 1706971194091
818 1706971194149
819 1706971194209
820 1706971194271
821 1706971194328
822 1706971194391
823 1706971194454
824 1706971194514
825 1706971194575
826 1706971194633
827 1706971194694
828 1706971194754
829 1706971194814
830 1706971194874
831 1706971194934
832 1706971194999
833 1706971195059
834 1706971195116
835 1706971195178
836 1706971195237
837 1706971195299
838 1706971195358
839 1706971195417
840 1706971195478
841 1706971195542
842 1706971195602
843 1706971195662
844 1706971195723
845 1706971195781
846 1706971195841
847 1706971195903
848 1706971195963
849 1706971196025
850 1706971196087
851 1706971196144
852 1706971196207
853 1706971196267
854 1706971196327
855 1706971196384
856 1706971196447
857 1706971196505
858 1706971196568
859 1706971196631
860 1706971196689
861 1706971196751
862 1706971196808
863 1706971196871
864 1706971196929
865 1706971196991
866 1706971197052
867 1706971197113
868 1706971197174
869 1706971197233
870 1706971197294
871 1706971197352
872 1706971197415
873 1706971197473
874 1706971197533
875 1706971197599
876 1706971197656
877 1706971197719
878 1706971197777
879 1706971197837
880 1706971197897
881 1706971197957
882 1706971198018
883 1706971198077
884 1706971198143
885 1706971198200
886 1706971198263
887 1706971198320
888 1706971198383
889 1706971198441
890 1706971198501
891 1706971198563
892 1706971198625
893 1706971198687
894 1706971198744
895 1706971198805
896 1706971198865
897 1706971198926
898 1706971198986
899 1706971199045
900 1706971199107
901 1706971199169
902 1706971199230
903 1706971199290
904 1706971199350
905 1706971199410
906 1706971199470
907 1706971199530
908 1706971199589
909 1706971199655
910 1706971199715
911 1706971199775
912 1706971199835
913 1706971199894
914 1706971199955
915 1706971200013
916 1706971200073
917 1706971200136
918 1706971200198
919 1706971200259
920 1706971200319
921 1706971200379
922 1706971200438
923 1706971200498
924 1706971200558
925 1706971200619
926 1706971200678
927 1706971200741
928 1706971200804
929 1706971200862
930 1706971200920
931 1706971200983
932 1706971201042
933 1706971201101
934 1706971201161
935 1706971201227
936 1706971201285
937 1706971201345
938 1706971201405
939 1706971201465
940 1706971201527
941 1706971201584
942 1706971201646
943 1706971201704
944 1706971201771
945 1706971201829
946 1706971201888
947 1706971201951
948 1706971202009
949 1706971202071
950 1706971202128
951 1706971202191
952 1706971202249
953 1706971202315
954 1706971202373
955 1706971202435
956 1706971202493
957 1706971202555
958 1706971202613
959 1706971202674
960 1706971202734
961 1706971202798
962 1706971202856
963 1706971202918
964 1706971202978
965 1706971203037
966 1706971203098
967 1706971203159
968 1706971203216
969 1706971203279
970 1706971203343
971 1706971203401
972 1706971203463
973 1706971203523
974 1706971203583
975 1706971203640
976 1706971203703
977 1706971203761
978 1706971203826
979 1706971203886
980 1706971203946
981 1706971204006
982 1706971204066
983 1706971204126
984 1706971204186
985 1706971204246
986 1706971204307
987 1706971204369
988 1706971204431
989 1706971204489
990 1706971204549
991 1706971204609
992 1706971204671
993 1706971204728
994 1706971204790
995 1706971204854
996 1706971204914
997 1706971204976
998 1706971205036
999 1706971205094
1000 1706971205153
1001 1706971205214
1002 1706971205272
1003 1706971205333
1004 1706971205399
1005 1706971205457
1006 1706971205517
1007 1706971205579
1008 1706971205636
1009 1706971205699
1010 1706971205757
1011 1706971205816
1012 1706971205879
1013 1706971205943
1014 1706971206001
1015 1706971206062
1016 1706971206122
1017 1706971206182
1018 1706971206242
1019 1706971206302
1020 1706971206362
1021 1706971206427
1022 1706971206487
1023 1706971206545
1024 1706971206606
1025 1706971206667
1026 1706971206726
1027 1706971206785
1028 1706971206847
1029 1706971206907
1030 1706971206969
1031 1706971207028
1032 1706971207091
1033 1706971207151
1034 1706971207211
1035 1706971207271
1036 1706971207331
1037 1706971207391
1038 1706971207449
1039 1706971207513
1040 1706971207573
1041 1706971207635
1042 1706971207694
1043 1706971207753
1044 1706971207812
1045 1706971207874
1046 1706971207935
1047 1706971207997
1048 1706971208056
1049 1706971208119
1050 1706971208178
1051 1706971208239
1052 1706971208298
1053 1706971208357
1054 1706971208418
1055 1706971208478
1056 1706971208542
1057 1706971208602
1058 1706971208663
1059 1706971208723
1060 1706971208783
1061 1706971208843
1062 1706971208903
1063 1706971208963
1064 1706971209027
1065 1706971209085
1066 1706971209146
1067 1706971209207
1068 1706971209265
1069 1706971209324
1070 1706971209387
1071 1706971209445
1072 1706971209505
1073 1706971209571
1074 1706971209628
1075 1706971209691
1076 1706971209751
1077 1706971209808
1078 1706971209871
1079 1706971209930
1080 1706971209988
1081 1706971210055
1082 1706971210115
1083 1706971210173
1084 1706971210233
1085 1706971210294
1086 1706971210355
1087 1706971210413
1088 1706971210473
1089 1706971210534
1090 1706971210599
1091 1706971210659
1092 1706971210717
1093 1706971210778
1094 1706971210837
1095 1706971210898
1096 1706971210959
1097 1706971211017
1098 1706971211078
1099 1706971211142
1100 1706971211202
1101 1706971211262
1102 1706971211323
1103 1706971211384
1104 1706971211443
1105 1706971211500
1106 1706971211563
1107 1706971211627
1108 1706971211687
1109 1706971211745
1110 1706971211807
1111 1706971211866
1112 1706971211927
1113 1706971211985
1114 1706971212047
1115 1706971212106
1116 1706971212171
1117 1706971212231
1118 1706971212291
1119 1706971212349
1120 1706971212411
1121 1706971212471
1122 1706971212531
1123 1706971212589
1124 1706971212649
1125 1706971212715
1126 1706971212773
1127 1706971212835
1128 1706971212895
1129 1706971212953
1130 1706971213015
1131 1706971213075
1132 1706971213134
1133 1706971213197
1134 1706971213258
1135 1706971213318
1136 1706971213378
1137 1706971213438
1138 1706971213498
1139 1706971213558
1140 1706971213618
1141 1706971213678
1142 1706971213743
1143 1706971213803
1144 1706971213861
1145 1706971213920
1146 1706971213980
1147 1706971214041
1148 1706971214103
1149 1706971214162
1150 1706971214227
1151 1706971214287
1152 1706971214347
1153 1706971214407
1154 1706971214467
1155 1706971214527
1156 1706971214585
1157 1706971214647
1158 1706971214706
1159 1706971214769
1160 1706971214828
1161 1706971214891
1162 1706971214949
1163 1706971215011
1164 1706971215068
1165 1706971215131
1166 1706971215188
1167 1706971215255
1168 1706971215312
1169 1706971215374
1170 1706971215435
1171 1706971215493
1172 1706971215554
1173 1706971215613
1174 1706971215675
1175 1706971215735
1176 1706971215796
1177 1706971215858
1178 1706971215917
1179 1706971215979
1180 1706971216038
1181 1706971216097
1182 1706971216159
1183 1706971216219
1184 1706971216279
1185 1706971216343
1186 1706971216403
1187 1706971216463
1188 1706971216522
1189 1706971216583
1190 1706971216643
1191 1706971216701
1192 1706971216761
1193 1706971216827
1194 1706971216885
1195 1706971216946
1196 1706971217004
1197 1706971217065
1198 1706971217125
1199 1706971217186
1200 1706971217244
1201 1706971217307
1202 1706971217368
1203 1706971217431
1204 1706971217489
1205 1706971217551
1206 1706971217611
1207 1706971217669
1208 1706971217729
1209 1706971217788
1210 1706971217851
1211 1706971217913
1212 1706971217974
1213 1706971218033
1214 1706971218095
1215 1706971218155
1216 1706971218212
1217 1706971218274
1218 1706971218333
1219 1706971218399
1220 1706971218457
1221 1706971218517
1222 1706971218576
1223 1706971218639
1224 1706971218699
1225 1706971218756
1226 1706971218819
1227 1706971218877
1228 1706971218943
1229 1706971219001
1230 1706971219063
1231 1706971219121
1232 1706971219183
1233 1706971219241
1234 1706971219303
1235 1706971219361
1236 1706971219421
1237 1706971219487
1238 1706971219545
1239 1706971219608
1240 1706971219665
1241 1706971219726
1242 1706971219787
1243 1706971219846
1244 1706971219905
1245 1706971219971
1246 1706971220031
1247 1706971220089
1248 1706971220150
1249 1706971220209
1250 1706971220271
1251 1706971220330
1252 1706971220390
1253 1706971220450
1254 1706971220515
1255 1706971220573
1256 1706971220634
1257 1706971220694
1258 1706971220754
1259 1706971220815
1260 1706971220874
1261 1706971220932
1262 1706971221001
1263 1706971221059
1264 1706971221119
1265 1706971221179
1266 1706971221239
1267 1706971221300
1268 1706971221359
1269 1706971221419
1270 1706971221479
1271 1706971221543
1272 1706971221604
1273 1706971221661
1274 1706971221724
1275 1706971221783
1276 1706971221840
1277 1706971221902
1278 1706971221962
1279 1706971222021
1280 1706971222087
1281 1706971222144
1282 1706971222207
1283 1706971222265
1284 1706971222324
1285 1706971222387
1286 1706971222444
1287 1706971222507
1288 1706971222569
1289 1706971222629
1290 1706971222691
1291 1706971222749
1292 1706971222808
1293 1706971222868
1294 1706971222931
1295 1706971222988
1296 1706971223052
1297 1706971223112
1298 1706971223175
1299 1706971223232
1300 1706971223293
1301 1706971223353
1302 1706971223412
1303 1706971223475
1304 1706971223533
1305 1706971223599
1306 1706971223658
1307 1706971223717
1308 1706971223779
1309 1706971223839
1310 1706971223899
1311 1706971223957
1312 1706971224019
1313 1706971224079
1314 1706971224143
1315 1706971224203
1316 1706971224261
1317 1706971224324
1318 1706971224381
1319 1706971224441
1320 1706971224503
1321 1706971224563
1322 1706971224623
1323 1706971224685
1324 1706971224746
1325 1706971224807
1326 1706971224868
1327 1706971224925
1328 1706971224985
1329 1706971225046
1330 1706971225106
1331 1706971225170
1332 1706971225230
1333 1706971225290
1334 1706971225350
1335 1706971225410
1336 1706971225470
1337 1706971225530
1338 1706971225588
1339 1706971225649
1340 1706971225715
1341 1706971225773
1342 1706971225833
1343 1706971225893
1344 1706971225955
1345 1706971226012
1346 1706971226072
1347 1706971226133
1348 1706971226196
1349 1706971226259
1350 1706971226316
1351 1706971226379
1352 1706971226437
1353 1706971226497
1354 1706971226556
1355 1706971226617
1356 1706971226677
1357 1706971226743
1358 1706971226800
1359 1706971226860
1360 1706971226923
1361 1706971226980
1362 1706971227040
1363 1706971227103
1364 1706971227160
1365 1706971227223
1366 1706971227286
1367 1706971227345
1368 1706971227407
1369 1706971227464
1370 1706971227524
1371 1706971227585
1372 1706971227646
1373 1706971227705
1374 1706971227768
1375 1706971227831
1376 1706971227888
1377 1706971227951
1378 1706971228008
1379 1706971228068
1380 1706971228131
1381 1706971228189
1382 1706971228249
1383 1706971228313
1384 1706971228375
1385 1706971228433
1386 1706971228492
1387 1706971228555
1388 1706971228613
1389 1706971228675
1390 1706971228733
1391 1706971228797
1392 1706971228860
1393 1706971228917
1394 1706971228977
1395 1706971229038
1396 1706971229098
1397 1706971229159
1398 1706971229218
1399 1706971229276
1400 1706971229344
1401 1706971229401
1402 1706971229460
1403 1706971229522
1404 1706971229583
1405 1706971229640
1406 1706971229701
1407 1706971229760
1408 1706971229820
1409 1706971229887
1410 1706971229945
1411 1706971230004
1412 1706971230068
1413 1706971230127
1414 1706971230187
1415 1706971230247
1416 1706971230307
1417 1706971230371
1418 1706971230431
1419 1706971230489
1420 1706971230551
1421 1706971230609
1422 1706971230669
1423 1706971230731
1424 1706971230789
1425 1706971230851
1426 1706971230913
1427 1706971230973
1428 1706971231035
1429 1706971231093
1430 1706971231155
1431 1706971231212
1432 1706971231275
1433 1706971231333
1434 1706971231397
1435 1706971231459
1436 1706971231517
1437 1706971231579
1438 1706971231637
1439 1706971231699
1440 1706971231757
1441 1706971231819
1442 1706971231877
1443 1706971231943
1444 1706971232003
1445 1706971232061
1446 1706971232122
1447 1706971232182
1448 1706971232242
1449 1706971232302
1450 1706971232361
1451 1706971232421
1452 1706971232487
1453 1706971232545
1454 1706971232605
1455 1706971232667
1456 1706971232724
1457 1706971232787
1458 1706971232847
1459 1706971232905
1460 1706971232971
1461 1706971233031
1462 1706971233089
1463 1706971233149
1464 1706971233211
1465 1706971233269
1466 1706971233329
1467 1706971233391
1468 1706971233449
1469 1706971233514
1470 1706971233573
1471 1706971233634
1472 1706971233694
1473 1706971233755
1474 1706971233813
1475 1706971233874
1476 1706971233933
1477 1706971233999
1478 1706971234056
1479 1706971234119
1480 1706971234177
1481 1706971234239
1482 1706971234296
1483 1706971234359
1484 1706971234417
1485 1706971234479
1486 1706971234541
1487 1706971234601
1488 1706971234663
1489 1706971234721
1490 1706971234780
1491 1706971234843
1492 1706971234900
1493 1706971234963
1494 1706971235021
1495 1706971235086
1496 1706971235147
1497 1706971235205
1498 1706971235264
1499 1706971235326
1500 1706971235386
1501 1706971235446
1502 1706971235505
1503 1706971235571
1504 1706971235630
1505 1706971235690
1506 1706971235749
1507 1706971235809
1508 1706971235871
1509 1706971235932
1510 1706971235991
1511 1706971236049
1512 1706971236116
1513 1706971236175
1514 1706971236233
1515 1706971236292
1516 1706971236356
1517 1706971236415
1518 1706971236472
1519 1706971236535
1520 1706971236599
1521 1706971236657
1522 1706971236717
1523 1706971236777
1524 1706971236838
1525 1706971236898
1526 1706971236956
1527 1706971237019
1528 1706971237077
1529 1706971237142
1530 1706971237202
1531 1706971237263
1532 1706971237323
1533 1706971237381
1534 1706971237443
1535 1706971237501
1536 1706971237563
1537 1706971237634
1538 1706971237684
1539 1706971237744
1540 1706971237805
1541 1706971237869
1542 1706971237927
1543 1706971237987
1544 1706971238045
1545 1706971238105
1546 1706971238171
1547 1706971238231
1548 1706971238289
1549 1706971238351
1550 1706971238411
1551 1706971238471
1552 1706971238529
1553 1706971238589
1554 1706971238651
1555 1706971238714
1556 1706971238773
1557 1706971238835
1558 1706971238893
1559 1706971238955
1560 1706971239013
1561 1706971239074
1562 1706971239134
1563 1706971239193
1564 1706971239257
1565 1706971239317
1566 1706971239378
1567 1706971239437
1568 1706971239499
1569 1706971239556
1570 1706971239619
1571 1706971239677
1572 1706971239744
1573 1706971239801
1574 1706971239863
1575 1706971239923
1576 1706971239981
1577 1706971240043
1578 1706971240103
1579 1706971240163
1580 1706971240220
1581 1706971240288
1582 1706971240347
1583 1706971240405
1584 1706971240465
1585 1706971240527
1586 1706971240585
1587 1706971240645
1588 1706971240705
1589 1706971240769
1590 1706971240831
1591 1706971240889
1592 1706971240949
1593 1706971241011
1594 1706971241069
1595 1706971241131
1596 1706971241191
1597 1706971241251
1598 1706971241315
1599 1706971241375
1600 1706971241435
1601 1706971241495
1602 1706971241555
1603 1706971241613
1604 1706971241673
1605 1706971241733
1606 1706971241794
1607 1706971241859
1608 1706971241917
1609 1706971241978
1610 1706971242039
1611 1706971242098
1612 1706971242156
1613 1706971242219
1614 1706971242277
1615 1706971242344
1616 1706971242401
1617 1706971242463
1618 1706971242523
1619 1706971242581
1620 1706971242643
1621 1706971242701
1622 1706971242763
1623 1706971242822
1624 1706971242885
1625 1706971242947
1626 1706971243005
1627 1706971243067
1628 1706971243125
1629 1706971243186
1630 1706971243245
1631 1706971243305
1632 1706971243371
1633 1706971243429
1634 1706971243491
1635 1706971243549
1636 1706971243609
1637 1706971243671
1638 1706971243729
1639 1706971243791
1640 1706971243851
1641 1706971243913
1642 1706971243976
1643 1706971244034
1644 1706971244093
1645 1706971244156
1646 1706971244215
1647 1706971244276
1648 1706971244334
1649 1706971244393
1650 1706971244459
1651 1706971244517
1652 1706971244577
1653 1706971244637
1654 1706971244700
1655 1706971244757
1656 1706971244819
1657 1706971244877
1658 1706971244944
1659 1706971245001
1660 1706971245061
1661 1706971245122
1662 1706971245184
1663 1706971245241
1664 1706971245303
1665 1706971245361
1666 1706971245423
1667 1706971245485
1668 1706971245547
1669 1706971245605
1670 1706971245666
1671 1706971245725
1672 1706971245785
1673 1706971245847
1674 1706971245905
1675 1706971245971
1676 1706971246029
1677 1706971246091
1678 1706971246149
1679 1706971246211
1680 1706971246268
1681 1706971246331
1682 1706971246389
1683 1706971246451
1684 1706971246514
1685 1706971246573
1686 1706971246636
1687 1706971246694
1688 1706971246753
1689 1706971246813
1690 1706971246876
1691 1706971246933
1692 1706971246993
1693 1706971247059
1694 1706971247117
1695 1706971247179
1696 1706971247237
1697 1706971247297
1698 1706971247360
1699 1706971247417
1700 1706971247477
1701 1706971247544
1702 1706971247601
1703 1706971247664
1704 1706971247721
1705 1706971247780
1706 1706971247843
1707 1706971247900
1708 1706971247961
1709 1706971248022
1710 1706971248085
1711 1706971248145
1712 1706971248205
1713 1706971248266
1714 1706971248324
1715 1706971248388
1716 1706971248446
1717 1706971248505
1718 1706971248571
1719 1706971248629
1720 1706971248691
1721 1706971248748
1722 1706971248811
1723 1706971248872
1724 1706971248930
1725 1706971248989
1726 1706971249051
1727 1706971249115
1728 1706971249176
1729 1706971249235
1730 1706971249293
1731 1706971249355
1732 1706971249413
1733 1706971249475
1734 1706971249534
1735 1706971249595
1736 1706971249659
1737 1706971249717
1738 1706971249780
1739 1706971249837
1740 1706971249897
