1 1702819106256
2 1702819106339
3 1702819106363
4 1702819106394
5 1702819106423
6 1702819106455
7 1702819106491
8 1702819106523
9 1702819106571
10 1702819106641
11 1702819106692
12 1702819106755
13 1702819106812
14 1702819106878
15 1702819106938
16 1702819106998
17 1702819107062
18 1702819107122
19 1702819107183
20 1702819107242
21 1702819107298
22 1702819107362
23 1702819107420
24 1702819107479
25 1702819107538
26 1702819107606
27 1702819107666
28 1702819107726
29 1702819107787
30 1702819107846
31 1702819107903
32 1702819107969
33 1702819108029
34 1702819108090
35 1702819108152
36 1702819108210
37 1702819108270
38 1702819108333
39 1702819108391
40 1702819108447
41 1702819108509
42 1702819108577
43 1702819108627
44 1702819108687
45 1702819108756
46 1702819108816
47 1702819108874
48 1702819108927
49 1702819108992
50 1702819109060
51 1702819109125
52 1702819109173
53 1702819109229
54 1702819109290
55 1702819109350
56 1702819109410
57 1702819109481
58 1702819109538
59 1702819109594
60 1702819109660
61 1702819109724
62 1702819109774
63 1702819109834
64 1702819109896
65 1702819109959
66 1702819110019
67 1702819110077
68 1702819110138
69 1702819110203
70 1702819110264
71 1702819110321
72 1702819110378
73 1702819110439
74 1702819110504
75 1702819110570
76 1702819110622
77 1702819110682
78 1702819110743
79 1702819110803
80 1702819110863
81 1702819110927
82 1702819110986
83 1702819111049
84 1702819111107
85 1702819111170
86 1702819111232
87 1702819111293
88 1702819111346
89 1702819111412
90 1702819111471
91 1702819111529
92 1702819111590
93 1702819111652
94 1702819111714
95 1702819111777
96 1702819111830
97 1702819111891
98 1702819111955
99 1702819112019
100 1702819112074
101 1702819112135
102 1702819112198
103 1702819112260
104 1702819112315
105 1702819112375
106 1702819112440
107 1702819112501
108 1702819112555
109 1702819112622
110 1702819112686
111 1702819112738
112 1702819112803
113 1702819112864
114 1702819112923
115 1702819112985
116 1702819113039
117 1702819113103
118 1702819113168
119 1702819113229
120 1702819113282
121 1702819113345
122 1702819113407
123 1702819113468
124 1702819113523
125 1702819113586
126 1702819113652
127 1702819113714
128 1702819113766
129 1702819113827
130 1702819113886
131 1702819113952
132 1702819114013
133 1702819114071
134 1702819114131
135 1702819114192
136 1702819114255
137 1702819114315
138 1702819114375
139 1702819114437
140 1702819114490
141 1702819114554
142 1702819114616
143 1702819114681
144 1702819114734
145 1702819114796
146 1702819114859
147 1702819114921
148 1702819114974
149 1702819115040
150 1702819115100
151 1702819115162
152 1702819115223
153 1702819115278
154 1702819115338
155 1702819115399
156 1702819115462
157 1702819115522
158 1702819115585
159 1702819115638
160 1702819115697
161 1702819115768
162 1702819115826
163 1702819115888
164 1702819115945
165 1702819116003
166 1702819116063
167 1702819116128
168 1702819116188
169 1702819116251
170 1702819116311
171 1702819116375
172 1702819116426
173 1702819116488
174 1702819116552
175 1702819116613
176 1702819116666
177 1702819116732
178 1702819116797
179 1702819116851
180 1702819116915
181 1702819116976
182 1702819117033
183 1702819117095
184 1702819117152
185 1702819117214
186 1702819117275
187 1702819117340
188 1702819117399
189 1702819117461
190 1702819117520
191 1702819117578
192 1702819117635
193 1702819117701
194 1702819117761
195 1702819117817
196 1702819117879
197 1702819117940
198 1702819118000
199 1702819118059
200 1702819118122
201 1702819118183
202 1702819118238
203 1702819118299
204 1702819118367
205 1702819118426
206 1702819118487
207 1702819118547
208 1702819118608
209 1702819118668
210 1702819118728
211 1702819118783
212 1702819118846
213 1702819118913
214 1702819118977
215 1702819119027
216 1702819119092
217 1702819119153
218 1702819119207
219 1702819119273
220 1702819119328
221 1702819119395
222 1702819119455
223 1702819119515
224 1702819119570
225 1702819119632
226 1702819119695
227 1702819119757
228 1702819119811
229 1702819119872
230 1702819119939
231 1702819120000
232 1702819120054
233 1702819120120
234 1702819120197
235 1702819120238
236 1702819120294
237 1702819120359
238 1702819120424
239 1702819120477
240 1702819120543
241 1702819120604
242 1702819120659
243 1702819120718
244 1702819120778
245 1702819120844
246 1702819120905
247 1702819120962
248 1702819121027
249 1702819121088
250 1702819121143
251 1702819121203
252 1702819121268
253 1702819121325
254 1702819121383
255 1702819121446
256 1702819121508
257 1702819121571
258 1702819121632
259 1702819121693
260 1702819121746
261 1702819121809
262 1702819121871
263 1702819121932
264 1702819121990
265 1702819122055
266 1702819122115
267 1702819122176
268 1702819122231
269 1702819122293
270 1702819122356
271 1702819122413
272 1702819122470
273 1702819122538
274 1702819122599
275 1702819122659
276 1702819122715
277 1702819122776
278 1702819122839
279 1702819122901
280 1702819122954
281 1702819123019
282 1702819123083
283 1702819123144
284 1702819123199
285 1702819123260
286 1702819123324
287 1702819123387
288 1702819123439
289 1702819123501
290 1702819123573
291 1702819123628
292 1702819123683
293 1702819123741
294 1702819123801
295 1702819123865
296 1702819123927
297 1702819124009
298 1702819124045
299 1702819124110
300 1702819124170
301 1702819124231
302 1702819124290
303 1702819124346
304 1702819124408
305 1702819124470
306 1702819124531
307 1702819124589
308 1702819124656
309 1702819124713
310 1702819124779
311 1702819124836
312 1702819124898
313 1702819124956
314 1702819125016
315 1702819125076
316 1702819125137
317 1702819125199
318 1702819125256
319 1702819125314
320 1702819125379
321 1702819125439
322 1702819125501
323 1702819125557
324 1702819125621
325 1702819125681
326 1702819125740
327 1702819125801
328 1702819125864
329 1702819125923
330 1702819125982
331 1702819126037
332 1702819126098
333 1702819126167
334 1702819126225
335 1702819126286
336 1702819126342
337 1702819126412
338 1702819126468
339 1702819126521
340 1702819126586
341 1702819126651
342 1702819126711
343 1702819126771
344 1702819126830
345 1702819126886
346 1702819126946
347 1702819127006
348 1702819127067
349 1702819127132
350 1702819127195
351 1702819127250
352 1702819127311
353 1702819127374
354 1702819127438
355 1702819127490
356 1702819127556
357 1702819127615
358 1702819127673
359 1702819127737
360 1702819127796
361 1702819127856
362 1702819127916
363 1702819127977
364 1702819128037
365 1702819128099
366 1702819128159
367 1702819128218
368 1702819128282
369 1702819128342
370 1702819128403
371 1702819128458
372 1702819128521
373 1702819128582
374 1702819128645
375 1702819128699
376 1702819128760
377 1702819128820
378 1702819128881
379 1702819128947
380 1702819129007
381 1702819129066
382 1702819129127
383 1702819129182
384 1702819129247
385 1702819129310
386 1702819129371
387 1702819129427
388 1702819129484
389 1702819129547
390 1702819129611
391 1702819129671
392 1702819129731
393 1702819129794
394 1702819129854
395 1702819129909
396 1702819129972
397 1702819130034
398 1702819130094
399 1702819130151
400 1702819130214
401 1702819130274
402 1702819130338
403 1702819130395
404 1702819130455
405 1702819130518
406 1702819130579
407 1702819130636
408 1702819130698
409 1702819130759
410 1702819130819
411 1702819130876
412 1702819130936
413 1702819130996
414 1702819131057
415 1702819131117
416 1702819131177
417 1702819131237
418 1702819131297
419 1702819131360
420 1702819131420
421 1702819131480
422 1702819131540
423 1702819131600
424 1702819131660
425 1702819131721
426 1702819131780
427 1702819131840
428 1702819131904
429 1702819131964
430 1702819132025
431 1702819132085
432 1702819132144
433 1702819132204
434 1702819132264
435 1702819132324
436 1702819132388
437 1702819132448
438 1702819132508
439 1702819132568
440 1702819132629
441 1702819132689
442 1702819132748
443 1702819132808
444 1702819132868
445 1702819132932
446 1702819132992
447 1702819133052
448 1702819133112
449 1702819133172
450 1702819133232
451 1702819133292
452 1702819133352
453 1702819133416
454 1702819133476
455 1702819133539
456 1702819133599
457 1702819133660
458 1702819133719
459 1702819133778
460 1702819133838
461 1702819133900
462 1702819133964
463 1702819134024
464 1702819134083
465 1702819134145
466 1702819134204
467 1702819134264
468 1702819134324
469 1702819134384
470 1702819134444
471 1702819134508
472 1702819134568
473 1702819134628
474 1702819134688
475 1702819134749
476 1702819134809
477 1702819134870
478 1702819134931
479 1702819134990
480 1702819135053
481 1702819135113
482 1702819135174
483 1702819135233
484 1702819135293
485 1702819135353
486 1702819135413
487 1702819135473
488 1702819135536
489 1702819135597
490 1702819135657
491 1702819135717
492 1702819135777
493 1702819135836
494 1702819135897
495 1702819135957
496 1702819136021
497 1702819136081
498 1702819136139
499 1702819136199
500 1702819136259
501 1702819136322
502 1702819136381
503 1702819136442
504 1702819136498
505 1702819136561
506 1702819136624
507 1702819136686
508 1702819136745
509 1702819136806
510 1702819136865
511 1702819136927
512 1702819136985
513 1702819137046
514 1702819137109
515 1702819137170
516 1702819137228
517 1702819137289
518 1702819137349
519 1702819137405
520 1702819137464
521 1702819137524
522 1702819137591
523 1702819137652
524 1702819137712
525 1702819137773
526 1702819137833
527 1702819137890
528 1702819137949
529 1702819138014
530 1702819138075
531 1702819138135
532 1702819138198
533 1702819138269
534 1702819138320
535 1702819138373
536 1702819138437
537 1702819138499
538 1702819138560
539 1702819138616
540 1702819138679
541 1702819138745
542 1702819138802
543 1702819138857
544 1702819138917
545 1702819138978
546 1702819139043
547 1702819139104
548 1702819139161
549 1702819139220
550 1702819139285
551 1702819139347
552 1702819139409
553 1702819139461
554 1702819139522
555 1702819139586
556 1702819139649
557 1702819139706
558 1702819139766
559 1702819139828
560 1702819139889
561 1702819139947
562 1702819140007
563 1702819140071
564 1702819140131
565 1702819140189
566 1702819140251
567 1702819140319
568 1702819140376
569 1702819140430
570 1702819140492
571 1702819140553
572 1702819140616
573 1702819140670
574 1702819140738
575 1702819140798
576 1702819140857
577 1702819140913
578 1702819140975
579 1702819141038
580 1702819141099
581 1702819141154
582 1702819141217
583 1702819141281
584 1702819141342
585 1702819141398
586 1702819141459
587 1702819141523
588 1702819141582
589 1702819141638
590 1702819141698
591 1702819141766
592 1702819141826
593 1702819141881
594 1702819141943
595 1702819142006
596 1702819142067
597 1702819142122
598 1702819142183
599 1702819142244
600 1702819142308
601 1702819142368
602 1702819142428
603 1702819142489
604 1702819142550
605 1702819142605
606 1702819142669
607 1702819142731
608 1702819142794
609 1702819142848
610 1702819142909
611 1702819142974
612 1702819143037
613 1702819143089
614 1702819143151
615 1702819143213
616 1702819143276
617 1702819143332
618 1702819143394
619 1702819143458
620 1702819143520
621 1702819143572
622 1702819143633
623 1702819143698
624 1702819143759
625 1702819143814
626 1702819143879
627 1702819143953
628 1702819143997
629 1702819144056
630 1702819144122
631 1702819144185
632 1702819144243
633 1702819144297
634 1702819144364
635 1702819144425
636 1702819144486
637 1702819144541
638 1702819144602
639 1702819144663
640 1702819144720
641 1702819144780
642 1702819144841
643 1702819144911
644 1702819144970
645 1702819145025
646 1702819145084
647 1702819145144
648 1702819145205
649 1702819145267
650 1702819145325
651 1702819145387
652 1702819145448
653 1702819145509
654 1702819145574
655 1702819145629
656 1702819145687
657 1702819145748
658 1702819145813
659 1702819145875
660 1702819145932
661 1702819145991
662 1702819146052
663 1702819146114
664 1702819146174
665 1702819146234
666 1702819146296
667 1702819146359
668 1702819146413
669 1702819146475
670 1702819146536
671 1702819146599
672 1702819146658
673 1702819146716
674 1702819146778
675 1702819146842
676 1702819146899
677 1702819146960
678 1702819147023
679 1702819147086
680 1702819147142
681 1702819147200
682 1702819147265
683 1702819147326
684 1702819147381
685 1702819147440
686 1702819147509
687 1702819147570
688 1702819147625
689 1702819147684
690 1702819147750
691 1702819147813
692 1702819147867
693 1702819147925
694 1702819147992
695 1702819148054
696 1702819148110
697 1702819148169
698 1702819148233
699 1702819148294
700 1702819148351
701 1702819148409
702 1702819148473
703 1702819148537
704 1702819148592
705 1702819148654
706 1702819148718
707 1702819148778
708 1702819148833
709 1702819148894
710 1702819148957
711 1702819149018
712 1702819149077
713 1702819149136
714 1702819149200
715 1702819149262
716 1702819149322
717 1702819149376
718 1702819149438
719 1702819149499
720 1702819149562
721 1702819149623
722 1702819149685
723 1702819149746
724 1702819149800
725 1702819149861
726 1702819149926
727 1702819149985
728 1702819150041
729 1702819150105
730 1702819150170
731 1702819150244
732 1702819150284
733 1702819150346
734 1702819150410
735 1702819150482
736 1702819150531
737 1702819150587
738 1702819150647
739 1702819150713
740 1702819150774
741 1702819150829
742 1702819150890
743 1702819150952
744 1702819151012
745 1702819151068
746 1702819151133
747 1702819151195
748 1702819151255
749 1702819151316
750 1702819151375
751 1702819151435
752 1702819151496
753 1702819151556
754 1702819151618
755 1702819151681
756 1702819151742
757 1702819151797
758 1702819151859
759 1702819151921
760 1702819151979
761 1702819152038
762 1702819152101
763 1702819152164
764 1702819152220
765 1702819152280
766 1702819152345
767 1702819152406
768 1702819152461
769 1702819152525
770 1702819152584
771 1702819152647
772 1702819152703
773 1702819152765
774 1702819152829
775 1702819152891
776 1702819152946
777 1702819153004
778 1702819153070
779 1702819153130
780 1702819153188
781 1702819153247
782 1702819153313
783 1702819153374
784 1702819153435
785 1702819153488
786 1702819153554
787 1702819153613
788 1702819153670
789 1702819153731
790 1702819153797
791 1702819153858
792 1702819153913
793 1702819153972
794 1702819154032
795 1702819154098
796 1702819154157
797 1702819154220
798 1702819154275
799 1702819154336
800 1702819154401
801 1702819154462
802 1702819154522
803 1702819154576
804 1702819154640
805 1702819154701
806 1702819154774
807 1702819154820
808 1702819154881
809 1702819154946
810 1702819155006
811 1702819155060
812 1702819155123
813 1702819155186
814 1702819155244
815 1702819155303
816 1702819155366
817 1702819155439
818 1702819155493
819 1702819155544
820 1702819155605
821 1702819155668
822 1702819155730
823 1702819155784
824 1702819155849
825 1702819155912
826 1702819155983
827 1702819156028
828 1702819156088
829 1702819156154
830 1702819156217
831 1702819156268
832 1702819156332
833 1702819156397
834 1702819156461
835 1702819156512
836 1702819156572
837 1702819156638
838 1702819156705
839 1702819156753
840 1702819156812
841 1702819156884
842 1702819156943
843 1702819156996
844 1702819157056
845 1702819157116
846 1702819157176
847 1702819157240
848 1702819157301
849 1702819157364
850 1702819157429
851 1702819157479
852 1702819157546
853 1702819157605
854 1702819157672
855 1702819157720
856 1702819157780
857 1702819157845
858 1702819157909
859 1702819157964
860 1702819158023
861 1702819158091
862 1702819158151
863 1702819158206
864 1702819158263
865 1702819158325
866 1702819158390
867 1702819158451
868 1702819158507
869 1702819158569
870 1702819158632
871 1702819158688
872 1702819158748
873 1702819158811
874 1702819158875
875 1702819158934
876 1702819158997
877 1702819159056
878 1702819159111
879 1702819159172
880 1702819159237
881 1702819159298
882 1702819159354
883 1702819159411
884 1702819159475
885 1702819159542
886 1702819159602
887 1702819159659
888 1702819159715
889 1702819159776
890 1702819159837
891 1702819159896
892 1702819159962
893 1702819160025
894 1702819160087
895 1702819160139
896 1702819160205
897 1702819160264
898 1702819160322
899 1702819160379
900 1702819160441
901 1702819160509
902 1702819160569
903 1702819160623
904 1702819160683
905 1702819160749
906 1702819160812
907 1702819160865
908 1702819160924
909 1702819160987
910 1702819161053
911 1702819161108
912 1702819161167
913 1702819161232
914 1702819161294
915 1702819161349
916 1702819161408
917 1702819161473
918 1702819161538
919 1702819161592
920 1702819161653
921 1702819161715
922 1702819161779
923 1702819161833
924 1702819161894
925 1702819161955
926 1702819162015
927 1702819162077
928 1702819162136
929 1702819162196
930 1702819162257
931 1702819162318
932 1702819162378
933 1702819162442
934 1702819162498
935 1702819162559
936 1702819162620
937 1702819162693
938 1702819162746
939 1702819162799
940 1702819162860
941 1702819162925
942 1702819162986
943 1702819163040
944 1702819163105
945 1702819163169
946 1702819163232
947 1702819163283
948 1702819163345
949 1702819163409
950 1702819163477
951 1702819163524
952 1702819163584
953 1702819163652
954 1702819163714
955 1702819163769
956 1702819163827
957 1702819163889
958 1702819163954
959 1702819164009
960 1702819164068
961 1702819164143
962 1702819164191
963 1702819164252
964 1702819164317
965 1702819164376
966 1702819164440
967 1702819164491
968 1702819164552
969 1702819164617
970 1702819164682
971 1702819164736
972 1702819164795
973 1702819164863
974 1702819164927
975 1702819164976
976 1702819165037
977 1702819165101
978 1702819165173
979 1702819165219
980 1702819165280
981 1702819165345
982 1702819165409
983 1702819165460
984 1702819165520
985 1702819165584
986 1702819165646
987 1702819165703
988 1702819165763
989 1702819165829
990 1702819165904
991 1702819165943
992 1702819166004
993 1702819166069
994 1702819166130
995 1702819166190
996 1702819166246
997 1702819166309
998 1702819166374
999 1702819166430
1000 1702819166487
1001 1702819166551
1002 1702819166614
1003 1702819166673
1004 1702819166731
1005 1702819166797
1006 1702819166857
1007 1702819166912
1008 1702819166971
1009 1702819167037
1010 1702819167097
1011 1702819167152
1012 1702819167211
1013 1702819167279
1014 1702819167341
1015 1702819167395
1016 1702819167455
1017 1702819167520
1018 1702819167582
1019 1702819167636
1020 1702819167695
1021 1702819167760
1022 1702819167825
1023 1702819167880
1024 1702819167939
1025 1702819168004
1026 1702819168066
1027 1702819168120
1028 1702819168180
1029 1702819168245
1030 1702819168318
1031 1702819168365
1032 1702819168424
1033 1702819168488
1034 1702819168550
1035 1702819168605
1036 1702819168664
1037 1702819168728
1038 1702819168790
1039 1702819168847
1040 1702819168908
1041 1702819168971
1042 1702819169034
1043 1702819169088
1044 1702819169147
1045 1702819169207
1046 1702819169273
1047 1702819169337
1048 1702819169392
1049 1702819169450
1050 1702819169515
1051 1702819169576
1052 1702819169639
1053 1702819169691
1054 1702819169752
1055 1702819169816
1056 1702819169881
1057 1702819169935
1058 1702819169996
1059 1702819170061
1060 1702819170123
1061 1702819170176
1062 1702819170234
1063 1702819170295
1064 1702819170360
1065 1702819170424
1066 1702819170481
1067 1702819170542
1068 1702819170601
1069 1702819170661
1070 1702819170721
1071 1702819170783
1072 1702819170844
1073 1702819170903
1074 1702819170964
1075 1702819171027
1076 1702819171090
1077 1702819171145
1078 1702819171205
1079 1702819171267
1080 1702819171327
1081 1702819171384
1082 1702819171448
1083 1702819171512
1084 1702819171573
1085 1702819171628
1086 1702819171689
1087 1702819171752
1088 1702819171814
1089 1702819171867
1090 1702819171932
1091 1702819171996
1092 1702819172057
1093 1702819172112
1094 1702819172174
1095 1702819172236
1096 1702819172296
1097 1702819172351
1098 1702819172413
1099 1702819172482
1100 1702819172545
1101 1702819172594
1102 1702819172654
1103 1702819172716
1104 1702819172779
1105 1702819172838
1106 1702819172899
1107 1702819172958
1108 1702819173021
1109 1702819173078
1110 1702819173143
1111 1702819173212
1112 1702819173263
1113 1702819173319
1114 1702819173382
1115 1702819173443
1116 1702819173509
1117 1702819173562
1118 1702819173624
1119 1702819173688
1120 1702819173750
1121 1702819173803
1122 1702819173864
1123 1702819173928
1124 1702819173990
1125 1702819174047
1126 1702819174111
1127 1702819174172
1128 1702819174233
1129 1702819174287
1130 1702819174349
1131 1702819174413
1132 1702819174473
1133 1702819174531
1134 1702819174594
1135 1702819174655
1136 1702819174724
1137 1702819174771
1138 1702819174832
1139 1702819174898
1140 1702819174958
1141 1702819175011
1142 1702819175077
1143 1702819175140
1144 1702819175211
1145 1702819175255
1146 1702819175316
1147 1702819175389
1148 1702819175445
1149 1702819175496
1150 1702819175557
1151 1702819175624
1152 1702819175692
1153 1702819175738
1154 1702819175800
1155 1702819175863
1156 1702819175925
1157 1702819175980
1158 1702819176040
1159 1702819176108
1160 1702819176173
1161 1702819176223
1162 1702819176288
1163 1702819176348
1164 1702819176412
1165 1702819176463
1166 1702819176524
1167 1702819176589
1168 1702819176656
1169 1702819176707
1170 1702819176769
1171 1702819176832
1172 1702819176894
1173 1702819176947
1174 1702819177008
1175 1702819177071
1176 1702819177139
1177 1702819177191
1178 1702819177250
1179 1702819177313
1180 1702819177377
1181 1702819177432
1182 1702819177492
1183 1702819177556
1184 1702819177617
1185 1702819177675
1186 1702819177736
1187 1702819177800
1188 1702819177862
1189 1702819177915
1190 1702819177974
1191 1702819178039
1192 1702819178101
1193 1702819178157
1194 1702819178220
1195 1702819178283
1196 1702819178345
1197 1702819178400
1198 1702819178460
1199 1702819178523
1200 1702819178585
1201 1702819178640
1202 1702819178704
1203 1702819178775
1204 1702819178829
1205 1702819178882
1206 1702819178943
1207 1702819179008
1208 1702819179070
1209 1702819179123
1210 1702819179188
1211 1702819179252
1212 1702819179311
1213 1702819179366
1214 1702819179428
1215 1702819179492
1216 1702819179553
1217 1702819179607
1218 1702819179666
1219 1702819179732
1220 1702819179793
1221 1702819179850
1222 1702819179917
1223 1702819179991
1224 1702819180031
1225 1702819180090
1226 1702819180151
1227 1702819180215
1228 1702819180281
1229 1702819180334
1230 1702819180393
1231 1702819180455
1232 1702819180518
1233 1702819180576
1234 1702819180636
1235 1702819180696
1236 1702819180756
1237 1702819180819
1238 1702819180882
1239 1702819180945
1240 1702819180999
1241 1702819181058
1242 1702819181120
1243 1702819181184
1244 1702819181246
1245 1702819181301
1246 1702819181362
1247 1702819181427
1248 1702819181489
1249 1702819181543
1250 1702819181602
1251 1702819181663
1252 1702819181724
1253 1702819181784
1254 1702819181849
1255 1702819181910
1256 1702819181969
1257 1702819182029
1258 1702819182090
1259 1702819182150
1260 1702819182212
1261 1702819182266
1262 1702819182328
1263 1702819182395
1264 1702819182459
1265 1702819182511
1266 1702819182570
1267 1702819182635
1268 1702819182704
1269 1702819182752
1270 1702819182810
1271 1702819182879
1272 1702819182945
1273 1702819182995
1274 1702819183055
1275 1702819183120
1276 1702819183187
1277 1702819183236
1278 1702819183294
1279 1702819183360
1280 1702819183425
1281 1702819183479
1282 1702819183538
1283 1702819183602
1284 1702819183666
1285 1702819183724
1286 1702819183778
1287 1702819183839
1288 1702819183911
1289 1702819183963
1290 1702819184022
1291 1702819184088
1292 1702819184149
1293 1702819184203
1294 1702819184261
1295 1702819184322
1296 1702819184387
1297 1702819184466
1298 1702819184506
1299 1702819184565
1300 1702819184630
1301 1702819184692
1302 1702819184749
1303 1702819184806
1304 1702819184867
1305 1702819184932
1306 1702819184997
1307 1702819185049
1308 1702819185110
1309 1702819185176
1310 1702819185237
1311 1702819185292
1312 1702819185350
1313 1702819185415
1314 1702819185486
1315 1702819185535
1316 1702819185593
1317 1702819185657
1318 1702819185722
1319 1702819185774
1320 1702819185834
1321 1702819185898
1322 1702819185961
1323 1702819186018
1324 1702819186077
1325 1702819186140
1326 1702819186212
1327 1702819186260
1328 1702819186318
1329 1702819186380
1330 1702819186456
1331 1702819186502
1332 1702819186561
1333 1702819186624
1334 1702819186688
1335 1702819186744
1336 1702819186802
1337 1702819186865
1338 1702819186929
1339 1702819186984
1340 1702819187046
1341 1702819187112
1342 1702819187179
1343 1702819187228
1344 1702819187286
1345 1702819187351
1346 1702819187413
1347 1702819187467
1348 1702819187526
1349 1702819187595
1350 1702819187657
1351 1702819187711
1352 1702819187770
1353 1702819187836
1354 1702819187907
1355 1702819187951
1356 1702819188016
1357 1702819188079
1358 1702819188136
1359 1702819188193
1360 1702819188257
1361 1702819188319
1362 1702819188381
1363 1702819188434
1364 1702819188496
1365 1702819188560
1366 1702819188629
1367 1702819188678
1368 1702819188739
1369 1702819188803
1370 1702819188864
1371 1702819188919
1372 1702819188980
1373 1702819189046
1374 1702819189108
1375 1702819189164
1376 1702819189224
1377 1702819189288
1378 1702819189350
1379 1702819189403
1380 1702819189463
1381 1702819189526
1382 1702819189589
1383 1702819189648
1384 1702819189707
1385 1702819189770
1386 1702819189832
1387 1702819189887
1388 1702819189947
1389 1702819190011
1390 1702819190073
1391 1702819190127
1392 1702819190189
1393 1702819190255
1394 1702819190316
1395 1702819190370
1396 1702819190430
1397 1702819190494
1398 1702819190556
1399 1702819190611
1400 1702819190674
1401 1702819190739
1402 1702819190800
1403 1702819190855
1404 1702819190915
1405 1702819190978
1406 1702819191041
1407 1702819191094
1408 1702819191154
1409 1702819191222
1410 1702819191290
1411 1702819191338
1412 1702819191398
1413 1702819191460
1414 1702819191525
1415 1702819191579
1416 1702819191640
1417 1702819191705
1418 1702819191765
1419 1702819191824
1420 1702819191885
1421 1702819191946
1422 1702819192005
1423 1702819192066
1424 1702819192125
1425 1702819192186
1426 1702819192248
1427 1702819192308
1428 1702819192369
1429 1702819192429
1430 1702819192489
1431 1702819192549
1432 1702819192611
1433 1702819192672
1434 1702819192728
1435 1702819192790
1436 1702819192855
1437 1702819192916
1438 1702819192975
1439 1702819193030
1440 1702819193094
1441 1702819193160
1442 1702819193218
1443 1702819193274
1444 1702819193337
1445 1702819193399
1446 1702819193458
1447 1702819193514
1448 1702819193577
1449 1702819193644
1450 1702819193711
1451 1702819193756
1452 1702819193817
1453 1702819193881
1454 1702819193947
1455 1702819193999
1456 1702819194059
1457 1702819194124
1458 1702819194186
1459 1702819194239
1460 1702819194301
1461 1702819194367
1462 1702819194428
1463 1702819194483
1464 1702819194542
1465 1702819194609
1466 1702819194676
1467 1702819194723
1468 1702819194783
1469 1702819194852
1470 1702819194912
1471 1702819194966
1472 1702819195029
1473 1702819195092
1474 1702819195157
1475 1702819195206
1476 1702819195266
1477 1702819195332
1478 1702819195396
1479 1702819195450
1480 1702819195509
1481 1702819195571
1482 1702819195629
1483 1702819195695
1484 1702819195756
1485 1702819195814
1486 1702819195878
1487 1702819195935
1488 1702819195995
1489 1702819196059
1490 1702819196120
1491 1702819196175
1492 1702819196237
1493 1702819196299
1494 1702819196360
1495 1702819196418
1496 1702819196479
1497 1702819196542
1498 1702819196603
1499 1702819196659
1500 1702819196721
1501 1702819196782
1502 1702819196844
1503 1702819196899
1504 1702819196961
1505 1702819197030
1506 1702819197089
1507 1702819197142
1508 1702819197201
1509 1702819197263
1510 1702819197327
1511 1702819197393
1512 1702819197445
1513 1702819197505
1514 1702819197570
1515 1702819197631
1516 1702819197691
1517 1702819197751
1518 1702819197807
1519 1702819197866
1520 1702819197930
1521 1702819197994
1522 1702819198056
1523 1702819198109
1524 1702819198175
1525 1702819198235
1526 1702819198295
1527 1702819198350
1528 1702819198414
1529 1702819198479
1530 1702819198537
1531 1702819198593
1532 1702819198659
1533 1702819198720
1534 1702819198779
1535 1702819198833
1536 1702819198895
1537 1702819198959
1538 1702819199029
1539 1702819199077
1540 1702819199141
1541 1702819199202
1542 1702819199260
1543 1702819199317
1544 1702819199378
1545 1702819199443
1546 1702819199502
1547 1702819199577
1548 1702819199621
1549 1702819199682
1550 1702819199747
1551 1702819199807
1552 1702819199871
1553 1702819199922
1554 1702819199982
1555 1702819200051
1556 1702819200114
1557 1702819200165
1558 1702819200226
1559 1702819200292
1560 1702819200352
1561 1702819200406
1562 1702819200466
1563 1702819200532
1564 1702819200595
1565 1702819200649
1566 1702819200709
1567 1702819200775
1568 1702819200836
1569 1702819200891
1570 1702819200949
1571 1702819201012
1572 1702819201079
1573 1702819201134
1574 1702819201198
1575 1702819201259
1576 1702819201320
1577 1702819201373
1578 1702819201434
1579 1702819201499
1580 1702819201560
1581 1702819201617
1582 1702819201676
1583 1702819201740
1584 1702819201803
1585 1702819201862
1586 1702819201917
1587 1702819201978
1588 1702819202041
1589 1702819202099
1590 1702819202161
1591 1702819202225
1592 1702819202288
1593 1702819202342
1594 1702819202401
1595 1702819202463
1596 1702819202528
1597 1702819202583
1598 1702819202644
1599 1702819202708
1600 1702819202780
1601 1702819202828
1602 1702819202885
1603 1702819202946
1604 1702819203008
1605 1702819203066
1606 1702819203126
1607 1702819203205
1608 1702819203250
1609 1702819203309
1610 1702819203372
1611 1702819203440
1612 1702819203499
1613 1702819203552
1614 1702819203614
1615 1702819203676
1616 1702819203736
1617 1702819203793
1618 1702819203857
1619 1702819203919
1620 1702819203984
1621 1702819204034
1622 1702819204095
1623 1702819204159
1624 1702819204223
1625 1702819204277
1626 1702819204338
1627 1702819204403
1628 1702819204464
1629 1702819204517
1630 1702819204582
1631 1702819204643
1632 1702819204704
1633 1702819204761
1634 1702819204826
1635 1702819204886
1636 1702819204948
1637 1702819205001
1638 1702819205063
1639 1702819205126
1640 1702819205188
1641 1702819205246
1642 1702819205308
1643 1702819205370
1644 1702819205431
1645 1702819205485
1646 1702819205547
1647 1702819205610
1648 1702819205676
1649 1702819205725
1650 1702819205790
1651 1702819205860
1652 1702819205917
1653 1702819205970
1654 1702819206031
1655 1702819206095
1656 1702819206156
1657 1702819206211
1658 1702819206274
1659 1702819206338
1660 1702819206399
1661 1702819206454
1662 1702819206517
1663 1702819206578
1664 1702819206641
1665 1702819206695
1666 1702819206754
1667 1702819206822
1668 1702819206883
1669 1702819206937
1670 1702819207000
1671 1702819207063
1672 1702819207124
1673 1702819207179
1674 1702819207239
1675 1702819207302
1676 1702819207366
1677 1702819207421
1678 1702819207483
1679 1702819207546
1680 1702819207607
1681 1702819207662
1682 1702819207723
1683 1702819207787
1684 1702819207850
1685 1702819207905
1686 1702819207966
1687 1702819208031
1688 1702819208090
1689 1702819208147
1690 1702819208206
1691 1702819208271
1692 1702819208331
1693 1702819208391
1694 1702819208451
1695 1702819208517
1696 1702819208575
1697 1702819208630
1698 1702819208692
1699 1702819208753
1700 1702819208815
1701 1702819208873
1702 1702819208937
1703 1702819208998
1704 1702819209057
1705 1702819209114
1706 1702819209175
1707 1702819209236
1708 1702819209294
1709 1702819209353
1710 1702819209420
1711 1702819209482
1712 1702819209543
1713 1702819209597
1714 1702819209661
1715 1702819209721
1716 1702819209782
1717 1702819209839
1718 1702819209901
1719 1702819209966
1720 1702819210027
1721 1702819210081
1722 1702819210146
1723 1702819210206
1724 1702819210267
1725 1702819210321
1726 1702819210383
1727 1702819210450
1728 1702819210511
1729 1702819210564
1730 1702819210624
1731 1702819210691
1732 1702819210750
1733 1702819210806
1734 1702819210866
1735 1702819210931
1736 1702819210995
1737 1702819211049
1738 1702819211110
1739 1702819211174
1740 1702819211235
1741 1702819211290
1742 1702819211352
1743 1702819211414
1744 1702819211480
1745 1702819211532
1746 1702819211597
1747 1702819211658
1748 1702819211719
1749 1702819211773
1750 1702819211838
1751 1702819211899
1752 1702819211958
1753 1702819212017
1754 1702819212081
1755 1702819212140
1756 1702819212203
1757 1702819212258
1758 1702819212320
1759 1702819212382
1760 1702819212443
1761 1702819212497
1762 1702819212565
1763 1702819212626
1764 1702819212698
1765 1702819212742
1766 1702819212805
1767 1702819212865
1768 1702819212928
1769 1702819212982
1770 1702819213047
1771 1702819213109
1772 1702819213171
1773 1702819213225
1774 1702819213288
1775 1702819213350
1776 1702819213409
1777 1702819213466
1778 1702819213528
1779 1702819213593
1780 1702819213652
1781 1702819213709
1782 1702819213772
1783 1702819213833
1784 1702819213895
1785 1702819213949
1786 1702819214010
1787 1702819214075
1788 1702819214139
1789 1702819214194
1790 1702819214256
1791 1702819214317
1792 1702819214379
1793 1702819214433
1794 1702819214496
1795 1702819214555
1796 1702819214622
1797 1702819214684
1798 1702819214737
1799 1702819214797
1800 1702819214862
1801 1702819214925
1802 1702819214984
1803 1702819215037
1804 1702819215099
1805 1702819215166
1806 1702819215227
1807 1702819215281
1808 1702819215342
1809 1702819215407
1810 1702819215467
1811 1702819215521
1812 1702819215584
1813 1702819215650
1814 1702819215711
1815 1702819215764
1816 1702819215827
1817 1702819215889
1818 1702819215950
1819 1702819216006
1820 1702819216066
1821 1702819216130
1822 1702819216195
1823 1702819216248
1824 1702819216308
1825 1702819216370
1826 1702819216434
1827 1702819216491
1828 1702819216553
1829 1702819216613
1830 1702819216709
1831 1702819216732
1832 1702819216791
1833 1702819216852
1834 1702819216912
1835 1702819216978
1836 1702819217038
1837 1702819217098
1838 1702819217159
1839 1702819217216
1840 1702819217281
1841 1702819217341
1842 1702819217406
1843 1702819217462
1844 1702819217521
1845 1702819217581
1846 1702819217636
1847 1702819217696
1848 1702819217766
1849 1702819217825
1850 1702819217887
1851 1702819217940
1852 1702819218004
1853 1702819218065
1854 1702819218126
1855 1702819218181
1856 1702819218246
1857 1702819218310
1858 1702819218371
1859 1702819218425
1860 1702819218487
1861 1702819218549
1862 1702819218611
1863 1702819218666
1864 1702819218728
1865 1702819218793
1866 1702819218854
1867 1702819218910
1868 1702819218970
1869 1702819219034
1870 1702819219094
1871 1702819219151
1872 1702819219210
1873 1702819219274
1874 1702819219337
1875 1702819219393
1876 1702819219454
1877 1702819219517
1878 1702819219577
1879 1702819219633
1880 1702819219694
1881 1702819219758
1882 1702819219821
1883 1702819219877
1884 1702819219937
1885 1702819220001
1886 1702819220061
1887 1702819220119
1888 1702819220179
1889 1702819220241
1890 1702819220301
1891 1702819220365
1892 1702819220426
1893 1702819220485
1894 1702819220541
1895 1702819220601
1896 1702819220665
1897 1702819220726
1898 1702819220786
1899 1702819220844
1900 1702819220909
1901 1702819220969
1902 1702819221031
1903 1702819221085
1904 1702819221148
1905 1702819221210
1906 1702819221269
1907 1702819221325
1908 1702819221393
1909 1702819221454
1910 1702819221513
1911 1702819221569
1912 1702819221632
1913 1702819221694
1914 1702819221755
1915 1702819221809
1916 1702819221874
1917 1702819221939
1918 1702819221998
1919 1702819222052
1920 1702819222117
1921 1702819222178
1922 1702819222239
1923 1702819222292
1924 1702819222354
1925 1702819222422
1926 1702819222481
1927 1702819222536
1928 1702819222600
1929 1702819222661
1930 1702819222721
1931 1702819222777
1932 1702819222841
1933 1702819222902
1934 1702819222962
1935 1702819223020
1936 1702819223085
1937 1702819223145
1938 1702819223211
1939 1702819223261
1940 1702819223324
1941 1702819223387
1942 1702819223447
1943 1702819223508
1944 1702819223568
1945 1702819223631
1946 1702819223692
1947 1702819223744
1948 1702819223807
1949 1702819223869
1950 1702819223931
1951 1702819223988
1952 1702819224050
1953 1702819224113
1954 1702819224175
1955 1702819224229
1956 1702819224291
1957 1702819224354
1958 1702819224415
1959 1702819224468
1960 1702819224537
1961 1702819224596
1962 1702819224678
1963 1702819224712
1964 1702819224772
1965 1702819224837
1966 1702819224898
1967 1702819224954
1968 1702819225019
1969 1702819225081
1970 1702819225142
1971 1702819225197
1972 1702819225258
1973 1702819225320
1974 1702819225381
1975 1702819225436
1976 1702819225497
1977 1702819225566
1978 1702819225626
1979 1702819225683
1980 1702819225742
1981 1702819225806
1982 1702819225868
1983 1702819225921
1984 1702819225982
1985 1702819226046
1986 1702819226110
1987 1702819226164
1988 1702819226226
1989 1702819226290
1990 1702819226351
1991 1702819226405
1992 1702819226465
1993 1702819226529
1994 1702819226594
1995 1702819226649
1996 1702819226709
1997 1702819226770
1998 1702819226831
1999 1702819226889
2000 1702819226953
2001 1702819227014
2002 1702819227074
2003 1702819227132
2004 1702819227194
2005 1702819227256
2006 1702819227320
2007 1702819227372
2008 1702819227433
2009 1702819227498
2010 1702819227559
2011 1702819227621
2012 1702819227676
2013 1702819227740
2014 1702819227803
2015 1702819227857
2016 1702819227919
2017 1702819227982
2018 1702819228044
2019 1702819228096
2020 1702819228160
2021 1702819228223
2022 1702819228302
2023 1702819228340
2024 1702819228399
2025 1702819228470
2026 1702819228524
2027 1702819228580
2028 1702819228639
2029 1702819228703
2030 1702819228774
2031 1702819228825
2032 1702819228883
2033 1702819228944
2034 1702819229004
2035 1702819229064
2036 1702819229128
2037 1702819229200
2038 1702819229248
2039 1702819229306
2040 1702819229368
2041 1702819229433
2042 1702819229504
2043 1702819229551
2044 1702819229607
2045 1702819229667
2046 1702819229738
2047 1702819229809
2048 1702819229851
2049 1702819229911
2050 1702819229973
2051 1702819230036
2052 1702819230099
2053 1702819230152
2054 1702819230215
2055 1702819230280
2056 1702819230345
2057 1702819230397
2058 1702819230455
2059 1702819230517
2060 1702819230582
2061 1702819230637
2062 1702819230696
2063 1702819230765
2064 1702819230825
2065 1702819230880
2066 1702819230940
2067 1702819231003
2068 1702819231067
2069 1702819231121
2070 1702819231179
2071 1702819231244
2072 1702819231310
2073 1702819231365
2074 1702819231425
2075 1702819231486
2076 1702819231547
2077 1702819231607
2078 1702819231667
2079 1702819231733
2080 1702819231787
2081 1702819231847
2082 1702819231910
2083 1702819231973
2084 1702819232034
2085 1702819232088
2086 1702819232148
2087 1702819232212
2088 1702819232274
2089 1702819232332
2090 1702819232391
2091 1702819232453
2092 1702819232519
2093 1702819232573
2094 1702819232631
2095 1702819232692
2096 1702819232753
2097 1702819232816
2098 1702819232878
2099 1702819232941
2100 1702819232996
2101 1702819233055
2102 1702819233116
2103 1702819233182
2104 1702819233242
2105 1702819233296
2106 1702819233359
2107 1702819233421
2108 1702819233485
2109 1702819233543
2110 1702819233599
2111 1702819233660
2112 1702819233721
2113 1702819233781
2114 1702819233842
2115 1702819233906
2116 1702819233966
2117 1702819234023
2118 1702819234084
2119 1702819234149
2120 1702819234210
2121 1702819234265
2122 1702819234323
2123 1702819234389
2124 1702819234453
2125 1702819234510
2126 1702819234567
2127 1702819234630
2128 1702819234694
2129 1702819234749
2130 1702819234807
2131 1702819234869
2132 1702819234940
2133 1702819234991
2134 1702819235051
2135 1702819235116
2136 1702819235190
2137 1702819235232
2138 1702819235291
2139 1702819235357
2140 1702819235423
2141 1702819235475
2142 1702819235534
2143 1702819235596
2144 1702819235658
2145 1702819235719
2146 1702819235781
2147 1702819235841
2148 1702819235902
2149 1702819235959
2150 1702819236021
2151 1702819236084
2152 1702819236146
2153 1702819236200
2154 1702819236261
2155 1702819236325
2156 1702819236386
2157 1702819236440
2158 1702819236504
2159 1702819236568
2160 1702819236629
2161 1702819236684
2162 1702819236748
2163 1702819236808
2164 1702819236870
2165 1702819236923
2166 1702819236988
2167 1702819237058
2168 1702819237114
2169 1702819237169
2170 1702819237228
2171 1702819237293
2172 1702819237354
2173 1702819237408
2174 1702819237469
2175 1702819237537
2176 1702819237598
2177 1702819237652
2178 1702819237711
2179 1702819237777
2180 1702819237845
2181 1702819237893
2182 1702819237951
2183 1702819238014
2184 1702819238080
2185 1702819238137
2186 1702819238197
2187 1702819238258
2188 1702819238320
2189 1702819238380
2190 1702819238440
2191 1702819238500
2192 1702819238564
2193 1702819238619
2194 1702819238684
2195 1702819238745
2196 1702819238809
2197 1702819238859
2198 1702819238919
2199 1702819238985
2200 1702819239046
2201 1702819239103
2202 1702819239168
2203 1702819239229
2204 1702819239297
2205 1702819239343
2206 1702819239403
2207 1702819239464
2208 1702819239528
2209 1702819239587
2210 1702819239647
2211 1702819239712
2212 1702819239774
2213 1702819239828
2214 1702819239886
2215 1702819239947
2216 1702819240008
2217 1702819240069
2218 1702819240137
2219 1702819240198
2220 1702819240251
2221 1702819240310
2222 1702819240372
2223 1702819240437
2224 1702819240498
2225 1702819240552
2226 1702819240611
2227 1702819240676
2228 1702819240741
2229 1702819240796
2230 1702819240859
2231 1702819240918
2232 1702819240978
2233 1702819241035
2234 1702819241101
2235 1702819241164
2236 1702819241225
2237 1702819241279
2238 1702819241339
2239 1702819241419
2240 1702819241470
2241 1702819241520
2242 1702819241579
2243 1702819241640
2244 1702819241709
2245 1702819241763
2246 1702819241823
2247 1702819241888
2248 1702819241950
2249 1702819242005
2250 1702819242063
2251 1702819242126
2252 1702819242196
2253 1702819242247
2254 1702819242307
2255 1702819242372
2256 1702819242434
2257 1702819242488
2258 1702819242547
2259 1702819242610
2260 1702819242671
2261 1702819242731
2262 1702819242794
2263 1702819242856
2264 1702819242923
2265 1702819242971
2266 1702819243032
2267 1702819243097
2268 1702819243163
2269 1702819243211
2270 1702819243275
2271 1702819243340
2272 1702819243411
2273 1702819243455
2274 1702819243515
2275 1702819243581
2276 1702819243641
2277 1702819243696
2278 1702819243759
2279 1702819243825
2280 1702819243886
2281 1702819243940
2282 1702819243998
2283 1702819244060
2284 1702819244124
2285 1702819244182
2286 1702819244239
2287 1702819244321
2288 1702819244368
2289 1702819244425
2290 1702819244483
2291 1702819244547
2292 1702819244608
2293 1702819244667
2294 1702819244722
2295 1702819244787
2296 1702819244853
2297 1702819244934
2298 1702819244972
2299 1702819245027
2300 1702819245089
2301 1702819245153
2302 1702819245214
2303 1702819245267
2304 1702819245332
2305 1702819245396
2306 1702819245457
2307 1702819245512
2308 1702819245573
2309 1702819245637
2310 1702819245703
2311 1702819245751
2312 1702819245811
2313 1702819245891
2314 1702819245964
2315 1702819245995
2316 1702819246055
2317 1702819246121
2318 1702819246185
2319 1702819246236
2320 1702819246295
2321 1702819246362
2322 1702819246435
2323 1702819246478
2324 1702819246539
2325 1702819246603
2326 1702819246669
2327 1702819246719
2328 1702819246779
2329 1702819246845
2330 1702819246909
2331 1702819246963
2332 1702819247023
2333 1702819247088
2334 1702819247149
2335 1702819247204
2336 1702819247265
2337 1702819247328
2338 1702819247393
2339 1702819247447
2340 1702819247508
2341 1702819247573
2342 1702819247634
2343 1702819247687
2344 1702819247748
2345 1702819247813
2346 1702819247874
2347 1702819247932
2348 1702819247992
2349 1702819248054
2350 1702819248118
2351 1702819248172
2352 1702819248233
2353 1702819248297
2354 1702819248357
2355 1702819248413
2356 1702819248478
2357 1702819248539
2358 1702819248597
2359 1702819248658
2360 1702819248719
2361 1702819248779
2362 1702819248840
2363 1702819248899
2364 1702819248963
2365 1702819249023
2366 1702819249082
2367 1702819249140
2368 1702819249200
2369 1702819249264
2370 1702819249327
2371 1702819249380
2372 1702819249440
2373 1702819249508
2374 1702819249569
2375 1702819249624
2376 1702819249682
2377 1702819249743
2378 1702819249808
2379 1702819249868
2380 1702819249928
2381 1702819249992
2382 1702819250048
2383 1702819250106
2384 1702819250173
2385 1702819250232
2386 1702819250294
2387 1702819250348
2388 1702819250413
2389 1702819250473
2390 1702819250532
2391 1702819250591
2392 1702819250656
2393 1702819250715
2394 1702819250777
2395 1702819250831
2396 1702819250897
2397 1702819250956
2398 1702819251021
2399 1702819251074
2400 1702819251135
2401 1702819251198
2402 1702819251258
2403 1702819251316
2404 1702819251380
2405 1702819251439
2406 1702819251499
2407 1702819251559
2408 1702819251623
2409 1702819251685
2410 1702819251745
2411 1702819251799
2412 1702819251863
2413 1702819251924
2414 1702819251984
2415 1702819252039
2416 1702819252108
2417 1702819252169
2418 1702819252228
2419 1702819252282
2420 1702819252345
2421 1702819252409
2422 1702819252470
2423 1702819252523
2424 1702819252590
2425 1702819252652
2426 1702819252714
2427 1702819252767
2428 1702819252828
2429 1702819252892
2430 1702819252958
2431 1702819253007
2432 1702819253066
2433 1702819253133
2434 1702819253201
2435 1702819253255
2436 1702819253315
2437 1702819253376
2438 1702819253441
2439 1702819253490
2440 1702819253554
2441 1702819253616
2442 1702819253684
2443 1702819253734
2444 1702819253799
2445 1702819253859
2446 1702819253927
2447 1702819253975
2448 1702819254039
2449 1702819254099
2450 1702819254164
2451 1702819254218
2452 1702819254282
2453 1702819254344
2454 1702819254406
2455 1702819254459
2456 1702819254522
2457 1702819254584
2458 1702819254645
2459 1702819254703
2460 1702819254764
2461 1702819254826
2462 1702819254888
2463 1702819254943
2464 1702819255006
2465 1702819255068
2466 1702819255130
2467 1702819255183
2468 1702819255251
2469 1702819255310
2470 1702819255370
2471 1702819255427
2472 1702819255491
2473 1702819255551
2474 1702819255613
2475 1702819255666
2476 1702819255735
2477 1702819255794
2478 1702819255856
2479 1702819255911
2480 1702819255971
2481 1702819256036
2482 1702819256099
2483 1702819256151
2484 1702819256210
2485 1702819256279
2486 1702819256340
2487 1702819256396
2488 1702819256453
2489 1702819256514
2490 1702819256575
2491 1702819256639
2492 1702819256701
2493 1702819256759
2494 1702819256817
2495 1702819256884
2496 1702819256944
2497 1702819257004
2498 1702819257064
2499 1702819257118
2500 1702819257179
2501 1702819257244
2502 1702819257308
2503 1702819257362
2504 1702819257422
2505 1702819257485
2506 1702819257549
2507 1702819257605
2508 1702819257662
2509 1702819257727
2510 1702819257789
2511 1702819257846
2512 1702819257906
2513 1702819257970
2514 1702819258037
2515 1702819258088
2516 1702819258145
2517 1702819258212
2518 1702819258273
2519 1702819258329
2520 1702819258390
2521 1702819258453
2522 1702819258517
2523 1702819258571
2524 1702819258630
2525 1702819258692
2526 1702819258757
2527 1702819258811
2528 1702819258874
2529 1702819258937
2530 1702819259000
2531 1702819259055
2532 1702819259114
2533 1702819259176
2534 1702819259238
2535 1702819259295
2536 1702819259357
2537 1702819259418
2538 1702819259479
2539 1702819259539
2540 1702819259599
2541 1702819259660
2542 1702819259720
2543 1702819259783
2544 1702819259837
2545 1702819259902
2546 1702819259965
2547 1702819260041
2548 1702819260083
2549 1702819260141
2550 1702819260202
2551 1702819260268
2552 1702819260329
2553 1702819260383
2554 1702819260445
2555 1702819260507
2556 1702819260572
2557 1702819260633
2558 1702819260686
2559 1702819260747
2560 1702819260807
2561 1702819260867
2562 1702819260934
2563 1702819260995
2564 1702819261056
2565 1702819261110
2566 1702819261173
2567 1702819261236
2568 1702819261297
2569 1702819261350
2570 1702819261410
2571 1702819261479
2572 1702819261540
2573 1702819261594
2574 1702819261656
2575 1702819261717
2576 1702819261777
2577 1702819261837
2578 1702819261897
2579 1702819261963
2580 1702819262024
2581 1702819262078
2582 1702819262139
2583 1702819262203
2584 1702819262265
2585 1702819262319
2586 1702819262382
2587 1702819262443
2588 1702819262508
2589 1702819262561
2590 1702819262621
2591 1702819262682
2592 1702819262745
2593 1702819262807
2594 1702819262863
2595 1702819262925
2596 1702819262984
2597 1702819263048
2598 1702819263111
2599 1702819263171
2600 1702819263231
2601 1702819263286
2602 1702819263348
2603 1702819263412
2604 1702819263474
2605 1702819263530
2606 1702819263592
2607 1702819263655
2608 1702819263716
2609 1702819263770
2610 1702819263831
2611 1702819263896
2612 1702819263958
2613 1702819264011
2614 1702819264074
2615 1702819264139
2616 1702819264200
2617 1702819264255
2618 1702819264316
2619 1702819264379
2620 1702819264444
2621 1702819264495
2622 1702819264561
2623 1702819264623
2624 1702819264693
2625 1702819264738
2626 1702819264801
2627 1702819264863
2628 1702819264926
2629 1702819264979
2630 1702819265041
2631 1702819265105
2632 1702819265177
2633 1702819265221
2634 1702819265282
2635 1702819265348
2636 1702819265417
2637 1702819265463
2638 1702819265523
2639 1702819265587
2640 1702819265651
2641 1702819265707
2642 1702819265767
2643 1702819265830
2644 1702819265892
2645 1702819265946
2646 1702819266006
2647 1702819266071
2648 1702819266135
2649 1702819266190
2650 1702819266249
2651 1702819266314
2652 1702819266380
2653 1702819266432
2654 1702819266492
2655 1702819266554
2656 1702819266616
2657 1702819266674
2658 1702819266739
2659 1702819266799
2660 1702819266858
2661 1702819266914
2662 1702819266979
2663 1702819267038
2664 1702819267099
2665 1702819267155
2666 1702819267219
2667 1702819267281
2668 1702819267344
2669 1702819267399
2670 1702819267460
2671 1702819267524
2672 1702819267584
2673 1702819267640
2674 1702819267703
2675 1702819267767
2676 1702819267827
2677 1702819267882
2678 1702819267942
2679 1702819268008
2680 1702819268068
2681 1702819268124
2682 1702819268186
2683 1702819268249
2684 1702819268308
2685 1702819268368
2686 1702819268430
2687 1702819268490
2688 1702819268550
2689 1702819268607
2690 1702819268668
2691 1702819268735
2692 1702819268797
2693 1702819268850
2694 1702819268913
2695 1702819268974
2696 1702819269035
2697 1702819269090
2698 1702819269152
2699 1702819269216
2700 1702819269278
2701 1702819269334
2702 1702819269395
2703 1702819269458
2704 1702819269519
2705 1702819269574
2706 1702819269639
2707 1702819269700
2708 1702819269760
2709 1702819269817
2710 1702819269878
2711 1702819269942
2712 1702819270004
2713 1702819270058
2714 1702819270121
2715 1702819270184
2716 1702819270245
2717 1702819270301
2718 1702819270366
2719 1702819270428
2720 1702819270488
2721 1702819270542
2722 1702819270605
2723 1702819270668
2724 1702819270728
2725 1702819270782
2726 1702819270850
2727 1702819270911
2728 1702819270970
2729 1702819271025
2730 1702819271088
2731 1702819271151
2732 1702819271212
2733 1702819271266
2734 1702819271332
2735 1702819271395
2736 1702819271457
2737 1702819271510
2738 1702819271573
2739 1702819271636
2740 1702819271696
2741 1702819271750
2742 1702819271812
2743 1702819271879
2744 1702819271940
2745 1702819271993
2746 1702819272055
2747 1702819272120
2748 1702819272199
2749 1702819272233
2750 1702819272298
2751 1702819272357
2752 1702819272423
2753 1702819272478
2754 1702819272543
2755 1702819272603
2756 1702819272658
2757 1702819272724
2758 1702819272784
2759 1702819272843
2760 1702819272909
2761 1702819272961
2762 1702819273026
2763 1702819273087
2764 1702819273142
2765 1702819273202
2766 1702819273262
2767 1702819273327
2768 1702819273404
2769 1702819273445
2770 1702819273505
2771 1702819273573
2772 1702819273641
2773 1702819273686
2774 1702819273753
2775 1702819273807
2776 1702819273865
2777 1702819273935
2778 1702819273994
2779 1702819274049
2780 1702819274114
2781 1702819274176
2782 1702819274235
2783 1702819274293
2784 1702819274354
2785 1702819274410
2786 1702819274478
