1 1707046923836
2 1707046923959
3 1707046924016
4 1707046924071
5 1707046924124
6 1707046924183
7 1707046924237
8 1707046924295
9 1707046924349
10 1707046924403
11 1707046924464
12 1707046924523
13 1707046924580
14 1707046924637
15 1707046924697
16 1707046924757
17 1707046924818
18 1707046924875
19 1707046924934
20 1707046924991
21 1707046925049
22 1707046925107
23 1707046925167
24 1707046925225
25 1707046925281
26 1707046925339
27 1707046925396
28 1707046925454
29 1707046925512
30 1707046925570
31 1707046925627
32 1707046925684
33 1707046925742
34 1707046925800
35 1707046925858
36 1707046925916
37 1707046925975
38 1707046926035
39 1707046926094
40 1707046926152
41 1707046926209
42 1707046926267
43 1707046926321
44 1707046926374
45 1707046926427
46 1707046926485
47 1707046926537
48 1707046926594
49 1707046926653
50 1707046926707
51 1707046926766
52 1707046926824
53 1707046926879
54 1707046926935
55 1707046926990
56 1707046927044
57 1707046927099
58 1707046927156
59 1707046927211
60 1707046927267
61 1707046927323
62 1707046927377
63 1707046927436
64 1707046927495
65 1707046927549
66 1707046927603
67 1707046927658
68 1707046927714
69 1707046927770
70 1707046927824
71 1707046927879
72 1707046927939
73 1707046927994
74 1707046928048
75 1707046928102
76 1707046928156
77 1707046928210
78 1707046928266
79 1707046928322
80 1707046928380
81 1707046928435
82 1707046928492
83 1707046928548
84 1707046928604
85 1707046928656
86 1707046928711
87 1707046928766
88 1707046928821
89 1707046928875
90 1707046928930
91 1707046928985
92 1707046929041
93 1707046929094
94 1707046929150
95 1707046929207
96 1707046929265
97 1707046929318
98 1707046929372
99 1707046929425
100 1707046929480
101 1707046929535
102 1707046929592
103 1707046929650
104 1707046929706
105 1707046929761
106 1707046929816
107 1707046929874
108 1707046929928
109 1707046929984
110 1707046930038
111 1707046930094
112 1707046930149
113 1707046930204
114 1707046930263
115 1707046930321
116 1707046930378
117 1707046930433
118 1707046930490
119 1707046930546
120 1707046930602
121 1707046930660
122 1707046930719
123 1707046930774
124 1707046930830
125 1707046930882
126 1707046930937
127 1707046930994
128 1707046931050
129 1707046931106
130 1707046931163
131 1707046931221
132 1707046931276
133 1707046931333
134 1707046931388
135 1707046931443
136 1707046931500
137 1707046931559
138 1707046931615
139 1707046931674
140 1707046931729
141 1707046931783
142 1707046931838
143 1707046931895
144 1707046931952
145 1707046932008
146 1707046932065
147 1707046932122
148 1707046932178
149 1707046932237
150 1707046932294
151 1707046932350
152 1707046932409
153 1707046932464
154 1707046932521
155 1707046932576
156 1707046932634
157 1707046932691
158 1707046932743
159 1707046932798
160 1707046932856
161 1707046932912
162 1707046932967
163 1707046933022
164 1707046933082
165 1707046933138
166 1707046933195
167 1707046933252
168 1707046933305
169 1707046933360
170 1707046933416
171 1707046933470
172 1707046933526
173 1707046933585
174 1707046933640
175 1707046933695
176 1707046933751
177 1707046933807
178 1707046933861
179 1707046933916
180 1707046933972
181 1707046934026
182 1707046934079
183 1707046934135
184 1707046934192
185 1707046934247
186 1707046934305
187 1707046934362
188 1707046934419
189 1707046934475
190 1707046934530
191 1707046934588
192 1707046934647
193 1707046934703
194 1707046934757
195 1707046934810
196 1707046934866
197 1707046934922
198 1707046934976
199 1707046935033
200 1707046935089
201 1707046935145
202 1707046935200
203 1707046935256
204 1707046935311
205 1707046935367
206 1707046935423
207 1707046935481
208 1707046935538
209 1707046935595
210 1707046935651
211 1707046935707
212 1707046935763
213 1707046935819
214 1707046935875
215 1707046935930
216 1707046935988
217 1707046936045
218 1707046936104
219 1707046936162
220 1707046936217
221 1707046936268
222 1707046936324
223 1707046936380
224 1707046936435
225 1707046936489
226 1707046936544
227 1707046936603
228 1707046936659
229 1707046936714
230 1707046936768
231 1707046936823
232 1707046936878
233 1707046936933
234 1707046936991
235 1707046937047
236 1707046937102
237 1707046937158
238 1707046937214
239 1707046937269
240 1707046937326
241 1707046937382
242 1707046937438
243 1707046937496
244 1707046937551
245 1707046937606
246 1707046937663
247 1707046937717
248 1707046937775
249 1707046937831
250 1707046937886
251 1707046937942
252 1707046937997
253 1707046938051
254 1707046938106
255 1707046938164
256 1707046938219
257 1707046938274
258 1707046938329
259 1707046938385
260 1707046938440
261 1707046938496
262 1707046938551
263 1707046938607
264 1707046938667
265 1707046938724
266 1707046938779
267 1707046938835
268 1707046938891
269 1707046938945
270 1707046939001
271 1707046939058
272 1707046939114
273 1707046939170
274 1707046939225
275 1707046939280
276 1707046939335
277 1707046939390
278 1707046939446
279 1707046939502
280 1707046939559
281 1707046939614
282 1707046939669
283 1707046939726
284 1707046939782
285 1707046939840
286 1707046939893
287 1707046939945
288 1707046939998
289 1707046940050
290 1707046940102
291 1707046940154
292 1707046940210
293 1707046940266
294 1707046940318
295 1707046940372
296 1707046940427
297 1707046940487
298 1707046940540
299 1707046940592
300 1707046940647
301 1707046940702
302 1707046940757
303 1707046940813
304 1707046940869
305 1707046940921
306 1707046940973
307 1707046941025
308 1707046941079
309 1707046941136
310 1707046941193
311 1707046941249
312 1707046941304
313 1707046941359
314 1707046941415
315 1707046941470
316 1707046941525
317 1707046941580
318 1707046941635
319 1707046941692
320 1707046941747
321 1707046941803
322 1707046941858
323 1707046941914
324 1707046941970
325 1707046942026
326 1707046942082
327 1707046942140
328 1707046942199
329 1707046942255
330 1707046942311
331 1707046942366
332 1707046942421
333 1707046942477
334 1707046942532
335 1707046942588
336 1707046942644
337 1707046942701
338 1707046942756
339 1707046942811
340 1707046942866
341 1707046942922
342 1707046942977
343 1707046943033
344 1707046943088
345 1707046943143
346 1707046943200
347 1707046943256
348 1707046943312
349 1707046943367
350 1707046943422
351 1707046943477
352 1707046943530
353 1707046943586
354 1707046943641
355 1707046943697
356 1707046943752
357 1707046943809
358 1707046943867
359 1707046943924
360 1707046943980
361 1707046944035
362 1707046944091
363 1707046944146
364 1707046944199
365 1707046944252
366 1707046944303
367 1707046944355
368 1707046944407
369 1707046944459
370 1707046944514
371 1707046944569
372 1707046944623
373 1707046944677
374 1707046944732
375 1707046944786
376 1707046944840
377 1707046944895
378 1707046944950
379 1707046945004
380 1707046945059
381 1707046945112
382 1707046945169
383 1707046945226
384 1707046945282
385 1707046945336
386 1707046945393
387 1707046945451
388 1707046945506
389 1707046945562
390 1707046945617
391 1707046945674
392 1707046945729
393 1707046945785
394 1707046945841
395 1707046945898
396 1707046945959
397 1707046946016
398 1707046946073
399 1707046946126
400 1707046946182
401 1707046946240
402 1707046946295
403 1707046946348
404 1707046946402
405 1707046946457
406 1707046946513
407 1707046946569
408 1707046946626
409 1707046946680
410 1707046946736
411 1707046946792
412 1707046946846
413 1707046946903
414 1707046946959
415 1707046947014
416 1707046947069
417 1707046947131
418 1707046947187
419 1707046947244
420 1707046947302
421 1707046947354
422 1707046947409
423 1707046947465
424 1707046947522
425 1707046947578
426 1707046947635
427 1707046947689
428 1707046947744
429 1707046947799
430 1707046947854
431 1707046947908
432 1707046947964
433 1707046948020
434 1707046948074
435 1707046948127
436 1707046948179
437 1707046948234
438 1707046948295
439 1707046948355
440 1707046948411
441 1707046948468
442 1707046948521
443 1707046948573
444 1707046948625
445 1707046948677
446 1707046948729
447 1707046948781
448 1707046948833
449 1707046948887
450 1707046948946
451 1707046948998
452 1707046949050
453 1707046949104
454 1707046949158
455 1707046949211
456 1707046949267
457 1707046949321
458 1707046949377
459 1707046949430
460 1707046949483
461 1707046949538
462 1707046949595
463 1707046949649
464 1707046949704
465 1707046949759
466 1707046949815
467 1707046949870
468 1707046949924
469 1707046949980
470 1707046950037
471 1707046950093
472 1707046950147
473 1707046950200
474 1707046950252
475 1707046950308
476 1707046950365
477 1707046950419
478 1707046950476
479 1707046950532
480 1707046950588
481 1707046950643
482 1707046950697
483 1707046950754
484 1707046950810
485 1707046950866
486 1707046950921
487 1707046950976
488 1707046951029
489 1707046951084
490 1707046951140
491 1707046951197
492 1707046951250
493 1707046951302
494 1707046951355
495 1707046951409
496 1707046951465
497 1707046951523
498 1707046951578
499 1707046951633
500 1707046951689
501 1707046951745
502 1707046951801
503 1707046951861
504 1707046951913
505 1707046951966
506 1707046952021
507 1707046952076
508 1707046952132
509 1707046952186
510 1707046952242
511 1707046952298
512 1707046952354
513 1707046952409
514 1707046952463
515 1707046952519
516 1707046952576
517 1707046952632
518 1707046952687
519 1707046952744
520 1707046952798
521 1707046952849
522 1707046952901
523 1707046952953
524 1707046953007
525 1707046953059
526 1707046953111
527 1707046953165
528 1707046953221
529 1707046953277
530 1707046953335
531 1707046953388
532 1707046953441
533 1707046953495
534 1707046953549
535 1707046953604
536 1707046953658
537 1707046953712
538 1707046953767
539 1707046953822
540 1707046953876
541 1707046953930
542 1707046953988
543 1707046954046
544 1707046954099
545 1707046954152
546 1707046954208
547 1707046954263
548 1707046954319
549 1707046954373
550 1707046954429
551 1707046954487
552 1707046954545
553 1707046954601
554 1707046954656
555 1707046954711
556 1707046954768
557 1707046954824
558 1707046954879
559 1707046954935
560 1707046954991
561 1707046955046
562 1707046955102
563 1707046955157
564 1707046955212
565 1707046955266
566 1707046955321
567 1707046955376
568 1707046955433
569 1707046955489
570 1707046955547
571 1707046955602
572 1707046955657
573 1707046955713
574 1707046955768
575 1707046955823
576 1707046955878
577 1707046955933
578 1707046955989
579 1707046956045
580 1707046956106
581 1707046956161
582 1707046956218
583 1707046956271
584 1707046956324
585 1707046956376
586 1707046956429
587 1707046956483
588 1707046956539
589 1707046956592
590 1707046956645
591 1707046956699
592 1707046956756
593 1707046956811
594 1707046956866
595 1707046956921
596 1707046956976
597 1707046957030
598 1707046957086
599 1707046957140
600 1707046957196
601 1707046957251
602 1707046957305
603 1707046957360
604 1707046957419
605 1707046957478
606 1707046957531
607 1707046957588
608 1707046957646
609 1707046957701
610 1707046957756
611 1707046957813
612 1707046957870
613 1707046957925
614 1707046957980
615 1707046958034
616 1707046958089
617 1707046958143
618 1707046958197
619 1707046958252
620 1707046958310
621 1707046958366
622 1707046958423
623 1707046958479
624 1707046958534
625 1707046958589
626 1707046958644
627 1707046958700
628 1707046958755
629 1707046958810
630 1707046958866
631 1707046958923
632 1707046958980
633 1707046959033
634 1707046959088
635 1707046959144
636 1707046959200
637 1707046959256
638 1707046959312
639 1707046959369
640 1707046959431
641 1707046959487
642 1707046959542
643 1707046959597
644 1707046959653
645 1707046959710
646 1707046959765
647 1707046959821
648 1707046959877
649 1707046959934
650 1707046959989
651 1707046960044
652 1707046960100
653 1707046960157
654 1707046960212
655 1707046960268
656 1707046960324
657 1707046960381
658 1707046960437
659 1707046960492
660 1707046960548
661 1707046960603
662 1707046960660
663 1707046960716
664 1707046960771
665 1707046960826
666 1707046960882
667 1707046960937
668 1707046960993
669 1707046961048
670 1707046961104
671 1707046961160
672 1707046961213
673 1707046961268
674 1707046961322
675 1707046961379
676 1707046961436
677 1707046961491
678 1707046961544
679 1707046961600
680 1707046961656
681 1707046961712
682 1707046961768
683 1707046961823
684 1707046961880
685 1707046961935
686 1707046961991
687 1707046962050
688 1707046962106
689 1707046962161
690 1707046962217
691 1707046962273
692 1707046962329
693 1707046962386
694 1707046962442
695 1707046962496
696 1707046962550
697 1707046962606
698 1707046962662
699 1707046962718
700 1707046962774
701 1707046962829
702 1707046962885
703 1707046962940
704 1707046962995
705 1707046963051
706 1707046963108
707 1707046963164
708 1707046963221
709 1707046963276
710 1707046963332
711 1707046963388
712 1707046963445
713 1707046963500
714 1707046963553
715 1707046963606
716 1707046963661
717 1707046963717
718 1707046963772
719 1707046963827
720 1707046963882
721 1707046963937
722 1707046963993
723 1707046964050
724 1707046964106
725 1707046964164
726 1707046964219
727 1707046964274
728 1707046964329
729 1707046964385
730 1707046964440
731 1707046964497
732 1707046964554
733 1707046964609
734 1707046964665
735 1707046964721
736 1707046964776
737 1707046964830
738 1707046964886
739 1707046964941
740 1707046964997
741 1707046965054
742 1707046965109
743 1707046965165
744 1707046965221
745 1707046965278
746 1707046965338
747 1707046965394
748 1707046965449
749 1707046965504
750 1707046965559
751 1707046965616
752 1707046965676
753 1707046965731
754 1707046965788
755 1707046965843
756 1707046965900
757 1707046965960
758 1707046966016
759 1707046966071
760 1707046966127
761 1707046966182
762 1707046966237
763 1707046966294
764 1707046966349
765 1707046966403
766 1707046966459
767 1707046966515
768 1707046966570
769 1707046966626
770 1707046966682
771 1707046966737
772 1707046966793
773 1707046966849
774 1707046966905
775 1707046966962
776 1707046967017
777 1707046967072
778 1707046967128
779 1707046967184
780 1707046967239
781 1707046967295
782 1707046967348
783 1707046967402
784 1707046967458
785 1707046967513
786 1707046967568
787 1707046967623
788 1707046967678
789 1707046967732
790 1707046967786
791 1707046967842
792 1707046967900
793 1707046967955
794 1707046968007
795 1707046968060
796 1707046968116
797 1707046968172
798 1707046968225
799 1707046968278
800 1707046968333
801 1707046968390
802 1707046968446
803 1707046968502
804 1707046968557
805 1707046968614
806 1707046968667
807 1707046968720
808 1707046968774
809 1707046968830
810 1707046968887
811 1707046968942
812 1707046968998
813 1707046969054
814 1707046969111
815 1707046969167
816 1707046969223
817 1707046969279
818 1707046969334
819 1707046969390
820 1707046969443
821 1707046969499
822 1707046969559
823 1707046969614
824 1707046969670
825 1707046969726
826 1707046969780
827 1707046969835
828 1707046969891
829 1707046969947
830 1707046970003
831 1707046970059
832 1707046970114
833 1707046970171
834 1707046970229
835 1707046970284
836 1707046970340
837 1707046970395
838 1707046970452
839 1707046970508
840 1707046970565
841 1707046970622
842 1707046970678
843 1707046970733
844 1707046970789
845 1707046970844
846 1707046970901
847 1707046970956
848 1707046971011
849 1707046971067
850 1707046971122
851 1707046971178
852 1707046971234
853 1707046971290
854 1707046971345
855 1707046971400
856 1707046971455
857 1707046971510
858 1707046971566
859 1707046971621
860 1707046971676
861 1707046971732
862 1707046971786
863 1707046971841
864 1707046971896
865 1707046971952
866 1707046972008
867 1707046972064
868 1707046972122
869 1707046972177
870 1707046972233
871 1707046972286
872 1707046972340
873 1707046972394
874 1707046972450
875 1707046972505
876 1707046972560
877 1707046972616
878 1707046972671
879 1707046972727
880 1707046972783
881 1707046972838
882 1707046972892
883 1707046972949
884 1707046973005
885 1707046973060
886 1707046973115
887 1707046973170
888 1707046973226
889 1707046973282
890 1707046973340
891 1707046973395
892 1707046973451
893 1707046973506
894 1707046973562
895 1707046973617
896 1707046973674
897 1707046973731
898 1707046973790
899 1707046973846
900 1707046973901
901 1707046973956
902 1707046974013
903 1707046974069
904 1707046974126
905 1707046974182
906 1707046974237
907 1707046974294
908 1707046974348
909 1707046974403
910 1707046974460
911 1707046974518
912 1707046974575
913 1707046974629
914 1707046974685
915 1707046974742
916 1707046974795
917 1707046974848
918 1707046974903
919 1707046974958
920 1707046975013
921 1707046975070
922 1707046975127
923 1707046975181
924 1707046975238
925 1707046975293
926 1707046975350
927 1707046975403
928 1707046975458
929 1707046975513
930 1707046975570
931 1707046975626
932 1707046975681
933 1707046975737
934 1707046975793
935 1707046975845
936 1707046975898
937 1707046975953
938 1707046976010
939 1707046976066
940 1707046976121
941 1707046976177
942 1707046976232
943 1707046976289
944 1707046976342
945 1707046976396
946 1707046976454
947 1707046976511
948 1707046976567
949 1707046976624
950 1707046976680
951 1707046976736
952 1707046976791
953 1707046976846
954 1707046976901
955 1707046976957
956 1707046977013
957 1707046977069
958 1707046977125
959 1707046977181
960 1707046977237
961 1707046977292
962 1707046977349
963 1707046977405
964 1707046977461
965 1707046977518
966 1707046977575
967 1707046977629
968 1707046977685
969 1707046977741
970 1707046977795
971 1707046977848
972 1707046977901
973 1707046977957
974 1707046978015
975 1707046978071
976 1707046978127
977 1707046978183
978 1707046978238
979 1707046978293
980 1707046978349
981 1707046978404
982 1707046978460
983 1707046978516
984 1707046978574
985 1707046978630
986 1707046978686
987 1707046978740
988 1707046978794
989 1707046978848
990 1707046978902
991 1707046978957
992 1707046979011
993 1707046979066
994 1707046979121
995 1707046979176
996 1707046979232
997 1707046979289
998 1707046979346
999 1707046979400
1000 1707046979456
1001 1707046979511
1002 1707046979567
1003 1707046979621
1004 1707046979675
1005 1707046979729
1006 1707046979784
1007 1707046979838
1008 1707046979895
1009 1707046979949
1010 1707046980006
1011 1707046980061
1012 1707046980116
1013 1707046980172
1014 1707046980226
1015 1707046980281
1016 1707046980335
1017 1707046980390
1018 1707046980444
1019 1707046980502
1020 1707046980557
1021 1707046980612
1022 1707046980667
1023 1707046980721
1024 1707046980776
1025 1707046980830
1026 1707046980887
1027 1707046980941
1028 1707046980995
1029 1707046981051
1030 1707046981105
1031 1707046981160
1032 1707046981214
1033 1707046981268
1034 1707046981324
1035 1707046981378
1036 1707046981432
1037 1707046981487
1038 1707046981543
1039 1707046981599
1040 1707046981653
1041 1707046981707
1042 1707046981761
1043 1707046981815
1044 1707046981868
1045 1707046981920
1046 1707046981974
1047 1707046982030
1048 1707046982083
1049 1707046982136
1050 1707046982190
1051 1707046982245
1052 1707046982303
1053 1707046982357
1054 1707046982412
1055 1707046982468
1056 1707046982524
1057 1707046982578
1058 1707046982632
1059 1707046982687
1060 1707046982744
1061 1707046982796
1062 1707046982851
1063 1707046982908
1064 1707046982963
1065 1707046983019
1066 1707046983076
1067 1707046983132
1068 1707046983186
1069 1707046983240
1070 1707046983296
1071 1707046983352
1072 1707046983406
1073 1707046983462
1074 1707046983518
1075 1707046983575
1076 1707046983631
1077 1707046983684
1078 1707046983736
1079 1707046983792
1080 1707046983847
1081 1707046983903
1082 1707046983958
1083 1707046984017
1084 1707046984071
1085 1707046984126
1086 1707046984183
1087 1707046984238
1088 1707046984296
1089 1707046984351
1090 1707046984407
1091 1707046984463
1092 1707046984523
1093 1707046984576
1094 1707046984631
1095 1707046984688
1096 1707046984743
1097 1707046984798
1098 1707046984853
1099 1707046984908
1100 1707046984964
1101 1707046985020
1102 1707046985076
1103 1707046985133
1104 1707046985188
1105 1707046985240
1106 1707046985293
1107 1707046985349
1108 1707046985404
1109 1707046985459
1110 1707046985515
1111 1707046985571
1112 1707046985627
1113 1707046985683
1114 1707046985738
1115 1707046985793
1116 1707046985850
1117 1707046985907
1118 1707046985963
1119 1707046986018
1120 1707046986073
1121 1707046986129
1122 1707046986184
1123 1707046986240
1124 1707046986297
1125 1707046986352
1126 1707046986408
1127 1707046986464
1128 1707046986520
1129 1707046986575
1130 1707046986631
1131 1707046986686
1132 1707046986741
1133 1707046986797
1134 1707046986852
1135 1707046986907
1136 1707046986964
1137 1707046987018
1138 1707046987071
1139 1707046987127
1140 1707046987184
1141 1707046987238
1142 1707046987294
1143 1707046987349
1144 1707046987407
1145 1707046987460
1146 1707046987514
1147 1707046987569
1148 1707046987625
1149 1707046987681
1150 1707046987736
1151 1707046987792
1152 1707046987849
1153 1707046987904
1154 1707046987961
1155 1707046988018
1156 1707046988075
1157 1707046988127
1158 1707046988183
1159 1707046988239
1160 1707046988294
1161 1707046988350
1162 1707046988406
1163 1707046988462
1164 1707046988519
1165 1707046988575
1166 1707046988629
1167 1707046988685
1168 1707046988741
1169 1707046988798
1170 1707046988854
1171 1707046988909
1172 1707046988966
1173 1707046989021
1174 1707046989075
1175 1707046989131
1176 1707046989186
1177 1707046989241
1178 1707046989298
1179 1707046989354
1180 1707046989409
1181 1707046989464
1182 1707046989520
1183 1707046989575
1184 1707046989630
1185 1707046989685
1186 1707046989741
1187 1707046989797
1188 1707046989853
1189 1707046989909
1190 1707046989965
1191 1707046990020
1192 1707046990076
1193 1707046990131
1194 1707046990186
1195 1707046990243
1196 1707046990301
1197 1707046990357
1198 1707046990412
1199 1707046990467
1200 1707046990522
1201 1707046990575
1202 1707046990628
1203 1707046990681
1204 1707046990734
1205 1707046990788
1206 1707046990844
1207 1707046990901
1208 1707046990958
1209 1707046991011
1210 1707046991067
1211 1707046991123
1212 1707046991180
1213 1707046991235
1214 1707046991292
1215 1707046991349
1216 1707046991406
1217 1707046991460
1218 1707046991513
1219 1707046991569
1220 1707046991626
1221 1707046991681
1222 1707046991738
1223 1707046991795
1224 1707046991852
1225 1707046991906
1226 1707046991959
1227 1707046992015
1228 1707046992071
1229 1707046992129
1230 1707046992184
1231 1707046992242
1232 1707046992298
1233 1707046992353
1234 1707046992409
1235 1707046992465
1236 1707046992520
1237 1707046992575
1238 1707046992630
1239 1707046992685
1240 1707046992742
1241 1707046992798
1242 1707046992854
1243 1707046992909
1244 1707046992965
1245 1707046993021
1246 1707046993079
1247 1707046993132
1248 1707046993186
1249 1707046993240
1250 1707046993295
1251 1707046993352
1252 1707046993407
1253 1707046993464
1254 1707046993519
1255 1707046993574
1256 1707046993629
1257 1707046993686
1258 1707046993742
1259 1707046993796
1260 1707046993852
1261 1707046993905
1262 1707046993960
1263 1707046994017
1264 1707046994075
1265 1707046994128
1266 1707046994183
1267 1707046994237
1268 1707046994292
1269 1707046994348
1270 1707046994403
1271 1707046994459
1272 1707046994517
1273 1707046994576
1274 1707046994630
1275 1707046994685
1276 1707046994741
1277 1707046994797
1278 1707046994853
1279 1707046994909
1280 1707046994966
1281 1707046995019
1282 1707046995074
1283 1707046995130
1284 1707046995185
1285 1707046995240
1286 1707046995296
1287 1707046995351
1288 1707046995407
1289 1707046995463
1290 1707046995518
1291 1707046995573
1292 1707046995628
1293 1707046995684
1294 1707046995738
1295 1707046995790
1296 1707046995846
1297 1707046995903
1298 1707046995962
1299 1707046996018
1300 1707046996073
1301 1707046996130
1302 1707046996188
1303 1707046996242
1304 1707046996296
1305 1707046996350
1306 1707046996404
1307 1707046996459
1308 1707046996514
1309 1707046996568
1310 1707046996623
1311 1707046996679
1312 1707046996734
1313 1707046996789
1314 1707046996844
1315 1707046996899
1316 1707046996953
1317 1707046997007
1318 1707046997062
1319 1707046997117
1320 1707046997172
1321 1707046997226
1322 1707046997280
1323 1707046997333
1324 1707046997389
1325 1707046997444
1326 1707046997501
1327 1707046997558
1328 1707046997614
1329 1707046997671
1330 1707046997728
1331 1707046997783
1332 1707046997839
1333 1707046997895
1334 1707046997950
1335 1707046998006
1336 1707046998061
1337 1707046998117
1338 1707046998172
1339 1707046998228
1340 1707046998283
1341 1707046998338
1342 1707046998394
1343 1707046998449
1344 1707046998504
1345 1707046998559
1346 1707046998615
1347 1707046998670
1348 1707046998728
1349 1707046998783
1350 1707046998838
1351 1707046998893
1352 1707046998948
1353 1707046999005
1354 1707046999061
1355 1707046999118
1356 1707046999176
1357 1707046999233
1358 1707046999287
1359 1707046999340
1360 1707046999395
1361 1707046999450
1362 1707046999508
1363 1707046999563
1364 1707046999618
1365 1707046999674
1366 1707046999729
1367 1707046999782
1368 1707046999836
1369 1707046999890
1370 1707046999945
1371 1707046999999
1372 1707047000054
1373 1707047000108
1374 1707047000163
1375 1707047000218
1376 1707047000271
1377 1707047000323
1378 1707047000376
1379 1707047000429
1380 1707047000485
1381 1707047000542
1382 1707047000598
1383 1707047000652
1384 1707047000705
1385 1707047000759
1386 1707047000813
1387 1707047000868
1388 1707047000923
1389 1707047000980
1390 1707047001036
1391 1707047001093
1392 1707047001151
1393 1707047001206
1394 1707047001261
1395 1707047001316
1396 1707047001369
1397 1707047001425
1398 1707047001480
1399 1707047001536
1400 1707047001594
1401 1707047001646
1402 1707047001700
1403 1707047001753
1404 1707047001808
1405 1707047001862
1406 1707047001917
1407 1707047001972
1408 1707047002026
1409 1707047002080
1410 1707047002134
1411 1707047002188
1412 1707047002243
1413 1707047002300
1414 1707047002357
1415 1707047002412
1416 1707047002467
1417 1707047002520
1418 1707047002573
1419 1707047002626
1420 1707047002680
1421 1707047002735
1422 1707047002790
1423 1707047002845
1424 1707047002902
1425 1707047002959
1426 1707047003016
1427 1707047003070
1428 1707047003126
1429 1707047003181
1430 1707047003237
1431 1707047003290
1432 1707047003344
1433 1707047003399
1434 1707047003454
1435 1707047003510
1436 1707047003564
1437 1707047003620
1438 1707047003676
1439 1707047003729
1440 1707047003782
1441 1707047003838
1442 1707047003894
1443 1707047003950
1444 1707047004005
1445 1707047004061
1446 1707047004118
1447 1707047004172
1448 1707047004225
1449 1707047004279
1450 1707047004333
1451 1707047004388
1452 1707047004440
1453 1707047004492
1454 1707047004544
1455 1707047004596
1456 1707047004647
1457 1707047004699
1458 1707047004752
1459 1707047004805
1460 1707047004860
1461 1707047004914
1462 1707047004966
1463 1707047005021
1464 1707047005078
1465 1707047005132
1466 1707047005188
1467 1707047005243
1468 1707047005298
1469 1707047005354
1470 1707047005411
1471 1707047005468
1472 1707047005521
1473 1707047005573
1474 1707047005628
1475 1707047005685
1476 1707047005741
1477 1707047005796
1478 1707047005853
1479 1707047005907
1480 1707047005960
1481 1707047006016
1482 1707047006070
1483 1707047006123
1484 1707047006177
1485 1707047006233
1486 1707047006290
1487 1707047006345
1488 1707047006399
1489 1707047006451
1490 1707047006506
1491 1707047006561
1492 1707047006617
1493 1707047006673
1494 1707047006729
1495 1707047006785
1496 1707047006841
1497 1707047006898
1498 1707047006952
1499 1707047007006
1500 1707047007060
1501 1707047007115
1502 1707047007170
1503 1707047007223
1504 1707047007277
1505 1707047007333
1506 1707047007387
1507 1707047007441
1508 1707047007497
1509 1707047007553
1510 1707047007607
1511 1707047007661
1512 1707047007715
1513 1707047007768
1514 1707047007821
1515 1707047007877
1516 1707047007934
1517 1707047007991
1518 1707047008046
1519 1707047008102
1520 1707047008157
1521 1707047008213
1522 1707047008268
1523 1707047008324
1524 1707047008380
1525 1707047008437
1526 1707047008492
1527 1707047008549
1528 1707047008608
1529 1707047008660
1530 1707047008713
1531 1707047008768
1532 1707047008823
1533 1707047008881
1534 1707047008936
1535 1707047008991
1536 1707047009048
1537 1707047009109
1538 1707047009162
1539 1707047009215
1540 1707047009270
1541 1707047009325
1542 1707047009381
1543 1707047009437
1544 1707047009491
1545 1707047009546
1546 1707047009602
1547 1707047009657
1548 1707047009710
1549 1707047009763
1550 1707047009818
1551 1707047009873
1552 1707047009932
1553 1707047009987
1554 1707047010043
1555 1707047010097
1556 1707047010152
1557 1707047010204
1558 1707047010258
1559 1707047010312
1560 1707047010365
1561 1707047010418
1562 1707047010470
1563 1707047010525
1564 1707047010580
1565 1707047010636
1566 1707047010693
1567 1707047010748
1568 1707047010803
1569 1707047010859
1570 1707047010915
1571 1707047010971
1572 1707047011027
1573 1707047011081
1574 1707047011136
1575 1707047011192
1576 1707047011248
1577 1707047011304
1578 1707047011359
1579 1707047011415
1580 1707047011471
1581 1707047011527
1582 1707047011582
1583 1707047011638
1584 1707047011693
1585 1707047011748
1586 1707047011804
1587 1707047011860
1588 1707047011915
1589 1707047011970
1590 1707047012025
1591 1707047012081
1592 1707047012135
1593 1707047012190
1594 1707047012245
1595 1707047012301
1596 1707047012356
1597 1707047012411
1598 1707047012467
1599 1707047012522
1600 1707047012577
1601 1707047012632
1602 1707047012688
1603 1707047012743
1604 1707047012798
1605 1707047012855
1606 1707047012911
1607 1707047012966
1608 1707047013023
1609 1707047013077
1610 1707047013131
1611 1707047013185
1612 1707047013240
1613 1707047013296
1614 1707047013351
1615 1707047013406
1616 1707047013460
1617 1707047013515
1618 1707047013571
1619 1707047013626
1620 1707047013683
1621 1707047013735
1622 1707047013788
1623 1707047013843
1624 1707047013898
1625 1707047013955
1626 1707047014010
1627 1707047014066
1628 1707047014121
1629 1707047014176
1630 1707047014232
1631 1707047014288
1632 1707047014344
1633 1707047014405
1634 1707047014460
1635 1707047014516
1636 1707047014573
1637 1707047014627
1638 1707047014681
1639 1707047014738
1640 1707047014804
1641 1707047014862
1642 1707047014914
1643 1707047014970
1644 1707047015030
1645 1707047015086
1646 1707047015142
1647 1707047015197
1648 1707047015253
1649 1707047015309
1650 1707047015363
1651 1707047015417
1652 1707047015472
1653 1707047015527
1654 1707047015581
1655 1707047015635
1656 1707047015695
1657 1707047015752
1658 1707047015805
1659 1707047015860
1660 1707047015915
1661 1707047015971
1662 1707047016025
1663 1707047016080
1664 1707047016136
1665 1707047016190
1666 1707047016245
1667 1707047016302
1668 1707047016357
1669 1707047016414
1670 1707047016470
1671 1707047016527
1672 1707047016583
1673 1707047016639
1674 1707047016695
1675 1707047016751
1676 1707047016808
1677 1707047016861
1678 1707047016913
1679 1707047016967
1680 1707047017022
1681 1707047017076
1682 1707047017132
1683 1707047017187
1684 1707047017242
1685 1707047017297
1686 1707047017354
1687 1707047017409
1688 1707047017465
1689 1707047017520
1690 1707047017576
1691 1707047017633
1692 1707047017688
1693 1707047017743
1694 1707047017797
1695 1707047017853
1696 1707047017908
1697 1707047017963
1698 1707047018018
1699 1707047018082
1700 1707047018137
1701 1707047018192
1702 1707047018247
1703 1707047018302
1704 1707047018358
1705 1707047018414
1706 1707047018469
1707 1707047018525
1708 1707047018584
1709 1707047018639
1710 1707047018695
1711 1707047018751
1712 1707047018806
1713 1707047018861
1714 1707047018915
1715 1707047018970
1716 1707047019025
1717 1707047019081
1718 1707047019137
1719 1707047019194
1720 1707047019252
1721 1707047019306
1722 1707047019363
1723 1707047019420
1724 1707047019475
1725 1707047019529
1726 1707047019583
1727 1707047019639
1728 1707047019695
1729 1707047019751
1730 1707047019805
1731 1707047019860
1732 1707047019915
1733 1707047019969
1734 1707047020025
1735 1707047020080
1736 1707047020135
1737 1707047020190
1738 1707047020245
1739 1707047020300
1740 1707047020354
1741 1707047020409
1742 1707047020464
1743 1707047020518
1744 1707047020575
1745 1707047020631
1746 1707047020686
1747 1707047020741
1748 1707047020795
1749 1707047020850
1750 1707047020906
1751 1707047020959
1752 1707047021012
1753 1707047021066
1754 1707047021121
1755 1707047021177
1756 1707047021232
1757 1707047021288
1758 1707047021342
1759 1707047021399
1760 1707047021459
1761 1707047021512
1762 1707047021568
1763 1707047021623
1764 1707047021681
1765 1707047021735
1766 1707047021788
1767 1707047021843
1768 1707047021904
1769 1707047021958
1770 1707047022014
1771 1707047022071
1772 1707047022125
1773 1707047022179
1774 1707047022236
1775 1707047022294
1776 1707047022352
1777 1707047022408
1778 1707047022463
1779 1707047022516
1780 1707047022569
1781 1707047022622
1782 1707047022677
1783 1707047022732
1784 1707047022789
1785 1707047022845
1786 1707047022900
1787 1707047022955
1788 1707047023010
1789 1707047023065
1790 1707047023119
1791 1707047023174
1792 1707047023230
1793 1707047023286
1794 1707047023339
1795 1707047023392
1796 1707047023447
1797 1707047023503
1798 1707047023556
1799 1707047023609
1800 1707047023665
1801 1707047023720
1802 1707047023775
1803 1707047023830
1804 1707047023887
1805 1707047023942
1806 1707047023995
1807 1707047024050
1808 1707047024105
1809 1707047024161
1810 1707047024216
1811 1707047024271
1812 1707047024326
1813 1707047024381
1814 1707047024438
1815 1707047024494
1816 1707047024549
1817 1707047024604
1818 1707047024662
1819 1707047024716
1820 1707047024771
1821 1707047024827
1822 1707047024886
1823 1707047024941
1824 1707047024998
1825 1707047025053
1826 1707047025107
1827 1707047025162
1828 1707047025220
1829 1707047025275
1830 1707047025331
1831 1707047025387
1832 1707047025441
1833 1707047025497
1834 1707047025553
1835 1707047025607
1836 1707047025660
1837 1707047025716
1838 1707047025773
1839 1707047025828
1840 1707047025885
1841 1707047025941
1842 1707047025996
1843 1707047026051
1844 1707047026108
1845 1707047026164
1846 1707047026221
1847 1707047026276
1848 1707047026330
1849 1707047026386
1850 1707047026441
1851 1707047026497
1852 1707047026552
1853 1707047026607
1854 1707047026662
1855 1707047026715
1856 1707047026770
1857 1707047026826
1858 1707047026881
1859 1707047026936
1860 1707047026991
1861 1707047027043
1862 1707047027095
1863 1707047027147
1864 1707047027204
1865 1707047027260
1866 1707047027315
1867 1707047027371
1868 1707047027430
1869 1707047027486
1870 1707047027542
1871 1707047027596
1872 1707047027651
1873 1707047027706
1874 1707047027760
1875 1707047027815
1876 1707047027870
1877 1707047027925
1878 1707047027981
1879 1707047028036
1880 1707047028090
1881 1707047028145
1882 1707047028198
1883 1707047028252
1884 1707047028305
1885 1707047028360
1886 1707047028415
1887 1707047028469
1888 1707047028523
1889 1707047028577
1890 1707047028635
1891 1707047028691
1892 1707047028746
1893 1707047028803
1894 1707047028857
1895 1707047028910
1896 1707047028965
1897 1707047029020
1898 1707047029075
1899 1707047029131
1900 1707047029186
1901 1707047029241
1902 1707047029298
1903 1707047029351
1904 1707047029404
1905 1707047029457
1906 1707047029510
1907 1707047029564
1908 1707047029620
1909 1707047029674
1910 1707047029730
1911 1707047029784
1912 1707047029837
1913 1707047029891
1914 1707047029945
1915 1707047029999
1916 1707047030055
1917 1707047030109
1918 1707047030168
1919 1707047030221
1920 1707047030274
1921 1707047030329
1922 1707047030384
1923 1707047030438
1924 1707047030492
1925 1707047030547
1926 1707047030602
1927 1707047030656
1928 1707047030710
1929 1707047030765
1930 1707047030822
1931 1707047030880
1932 1707047030937
1933 1707047030990
1934 1707047031043
1935 1707047031099
1936 1707047031155
1937 1707047031211
1938 1707047031267
1939 1707047031323
1940 1707047031381
1941 1707047031437
1942 1707047031493
1943 1707047031547
1944 1707047031601
1945 1707047031657
1946 1707047031714
1947 1707047031768
1948 1707047031824
1949 1707047031879
1950 1707047031935
1951 1707047031990
1952 1707047032046
1953 1707047032102
1954 1707047032157
1955 1707047032212
1956 1707047032268
1957 1707047032323
1958 1707047032378
1959 1707047032435
1960 1707047032490
1961 1707047032546
1962 1707047032602
1963 1707047032657
1964 1707047032711
1965 1707047032766
1966 1707047032824
1967 1707047032880
1968 1707047032937
1969 1707047032993
1970 1707047033051
1971 1707047033104
1972 1707047033158
1973 1707047033214
1974 1707047033268
1975 1707047033324
1976 1707047033380
1977 1707047033436
1978 1707047033505
1979 1707047033562
1980 1707047033615
1981 1707047033668
1982 1707047033720
1983 1707047033775
1984 1707047033830
1985 1707047033885
1986 1707047033943
1987 1707047033998
1988 1707047034054
1989 1707047034110
1990 1707047034165
1991 1707047034218
1992 1707047034273
1993 1707047034330
1994 1707047034386
1995 1707047034443
1996 1707047034499
1997 1707047034554
1998 1707047034610
1999 1707047034665
2000 1707047034720
2001 1707047034776
2002 1707047034831
2003 1707047034887
2004 1707047034940
2005 1707047034993
2006 1707047035049
2007 1707047035105
2008 1707047035161
2009 1707047035218
2010 1707047035274
2011 1707047035329
2012 1707047035384
2013 1707047035439
2014 1707047035498
2015 1707047035556
2016 1707047035612
2017 1707047035667
2018 1707047035722
2019 1707047035775
2020 1707047035830
2021 1707047035884
2022 1707047035938
2023 1707047035992
2024 1707047036048
2025 1707047036104
2026 1707047036160
2027 1707047036218
2028 1707047036274
2029 1707047036329
2030 1707047036385
2031 1707047036439
2032 1707047036492
2033 1707047036548
2034 1707047036605
2035 1707047036660
2036 1707047036715
2037 1707047036771
2038 1707047036827
2039 1707047036883
2040 1707047036938
2041 1707047036993
2042 1707047037049
2043 1707047037108
2044 1707047037162
2045 1707047037214
2046 1707047037269
2047 1707047037326
2048 1707047037383
2049 1707047037438
2050 1707047037493
2051 1707047037548
2052 1707047037603
2053 1707047037658
2054 1707047037713
2055 1707047037768
2056 1707047037822
2057 1707047037879
2058 1707047037934
2059 1707047037989
2060 1707047038043
2061 1707047038095
2062 1707047038148
2063 1707047038202
2064 1707047038256
2065 1707047038311
2066 1707047038365
2067 1707047038420
2068 1707047038476
2069 1707047038530
2070 1707047038585
2071 1707047038638
2072 1707047038692
2073 1707047038746
2074 1707047038800
2075 1707047038855
2076 1707047038908
2077 1707047038961
2078 1707047039013
2079 1707047039067
2080 1707047039124
2081 1707047039177
2082 1707047039230
2083 1707047039288
2084 1707047039347
2085 1707047039402
2086 1707047039456
2087 1707047039509
2088 1707047039563
2089 1707047039616
2090 1707047039671
2091 1707047039725
2092 1707047039780
2093 1707047039834
2094 1707047039889
2095 1707047039944
2096 1707047039998
2097 1707047040052
2098 1707047040107
2099 1707047040162
2100 1707047040217
2101 1707047040270
2102 1707047040324
2103 1707047040382
2104 1707047040436
2105 1707047040490
2106 1707047040545
2107 1707047040601
2108 1707047040656
2109 1707047040709
2110 1707047040763
2111 1707047040815
2112 1707047040869
2113 1707047040923
2114 1707047040978
2115 1707047041032
2116 1707047041087
2117 1707047041140
2118 1707047041192
2119 1707047041245
2120 1707047041297
2121 1707047041352
2122 1707047041408
2123 1707047041463
2124 1707047041518
2125 1707047041574
2126 1707047041629
2127 1707047041686
2128 1707047041741
2129 1707047041796
2130 1707047041852
2131 1707047041906
2132 1707047041965
2133 1707047042019
2134 1707047042071
2135 1707047042127
2136 1707047042184
2137 1707047042240
2138 1707047042296
2139 1707047042351
2140 1707047042406
2141 1707047042463
2142 1707047042521
2143 1707047042577
2144 1707047042633
2145 1707047042689
2146 1707047042746
2147 1707047042803
2148 1707047042860
2149 1707047042915
2150 1707047042975
2151 1707047043035
2152 1707047043095
2153 1707047043154
2154 1707047043220
2155 1707047043279
2156 1707047043339
2157 1707047043399
2158 1707047043459
2159 1707047043519
2160 1707047043579
2161 1707047043639
2162 1707047043703
2163 1707047043763
2164 1707047043823
2165 1707047043883
2166 1707047043943
2167 1707047044003
2168 1707047044063
2169 1707047044123
2170 1707047044183
2171 1707047044247
2172 1707047044307
2173 1707047044367
2174 1707047044427
2175 1707047044487
2176 1707047044547
2177 1707047044607
2178 1707047044667
2179 1707047044729
2180 1707047044789
2181 1707047044851
2182 1707047044909
2183 1707047044970
2184 1707047045030
2185 1707047045090
2186 1707047045149
2187 1707047045211
2188 1707047045276
2189 1707047045334
2190 1707047045393
2191 1707047045455
2192 1707047045514
2193 1707047045573
2194 1707047045635
2195 1707047045696
2196 1707047045754
2197 1707047045819
2198 1707047045879
2199 1707047045939
2200 1707047045997
2201 1707047046059
2202 1707047046119
2203 1707047046177
2204 1707047046237
2205 1707047046301
2206 1707047046363
2207 1707047046422
2208 1707047046481
2209 1707047046542
2210 1707047046603
2211 1707047046663
2212 1707047046722
2213 1707047046782
2214 1707047046848
2215 1707047046907
2216 1707047046965
2217 1707047047027
2218 1707047047087
2219 1707047047147
2220 1707047047205
2221 1707047047267
2222 1707047047331
2223 1707047047388
2224 1707047047451
2225 1707047047511
2226 1707047047571
2227 1707047047631
2228 1707047047690
2229 1707047047749
2230 1707047047811
2231 1707047047875
2232 1707047047933
2233 1707047047993
2234 1707047048056
2235 1707047048113
2236 1707047048174
2237 1707047048235
2238 1707047048295
2239 1707047048355
2240 1707047048417
2241 1707047048479
2242 1707047048539
2243 1707047048599
2244 1707047048659
2245 1707047048719
2246 1707047048779
2247 1707047048839
2248 1707047048903
2249 1707047048963
2250 1707047049022
2251 1707047049081
2252 1707047049141
2253 1707047049203
2254 1707047049261
2255 1707047049321
2256 1707047049384
2257 1707047049447
2258 1707047049507
2259 1707047049565
2260 1707047049625
2261 1707047049688
2262 1707047049747
2263 1707047049807
2264 1707047049865
2265 1707047049931
2266 1707047049991
2267 1707047050051
2268 1707047050109
2269 1707047050171
2270 1707047050232
2271 1707047050291
2272 1707047050351
2273 1707047050411
2274 1707047050475
2275 1707047050535
2276 1707047050595
2277 1707047050655
2278 1707047050715
2279 1707047050773
2280 1707047050834
2281 1707047050894
2282 1707047050955
2283 1707047051019
2284 1707047051079
2285 1707047051140
2286 1707047051199
2287 1707047051259
2288 1707047051316
2289 1707047051377
2290 1707047051440
2291 1707047051503
2292 1707047051563
2293 1707047051623
2294 1707047051681
2295 1707047051742
2296 1707047051804
2297 1707047051864
2298 1707047051933
2299 1707047051988
2300 1707047052047
2301 1707047052107
2302 1707047052168
2303 1707047052227
2304 1707047052287
2305 1707047052348
2306 1707047052405
2307 1707047052465
2308 1707047052531
2309 1707047052591
2310 1707047052652
2311 1707047052712
2312 1707047052772
2313 1707047052831
2314 1707047052891
2315 1707047052949
2316 1707047053011
2317 1707047053075
2318 1707047053136
2319 1707047053193
2320 1707047053255
2321 1707047053315
2322 1707047053375
2323 1707047053433
2324 1707047053497
2325 1707047053555
2326 1707047053619
2327 1707047053679
2328 1707047053737
2329 1707047053798
2330 1707047053859
2331 1707047053918
2332 1707047053978
2333 1707047054039
2334 1707047054102
2335 1707047054161
2336 1707047054224
2337 1707047054283
2338 1707047054343
2339 1707047054403
2340 1707047054461
2341 1707047054521
2342 1707047054583
2343 1707047054648
2344 1707047054707
2345 1707047054767
2346 1707047054827
2347 1707047054887
2348 1707047054947
2349 1707047055007
2350 1707047055068
2351 1707047055129
2352 1707047055191
2353 1707047055252
2354 1707047055311
2355 1707047055371
2356 1707047055431
2357 1707047055492
2358 1707047055551
2359 1707047055610
2360 1707047055675
2361 1707047055735
2362 1707047055796
2363 1707047055855
2364 1707047055915
2365 1707047055975
2366 1707047056035
2367 1707047056093
2368 1707047056154
2369 1707047056220
2370 1707047056279
2371 1707047056339
2372 1707047056399
2373 1707047056459
2374 1707047056520
2375 1707047056577
2376 1707047056640
2377 1707047056704
2378 1707047056764
2379 1707047056822
2380 1707047056880
2381 1707047056942
2382 1707047057002
2383 1707047057062
2384 1707047057123
2385 1707047057183
2386 1707047057247
2387 1707047057308
2388 1707047057367
2389 1707047057427
2390 1707047057487
2391 1707047057546
2392 1707047057606
2393 1707047057668
2394 1707047057727
2395 1707047057791
2396 1707047057852
2397 1707047057911
2398 1707047057971
2399 1707047058029
2400 1707047058091
2401 1707047058151
2402 1707047058211
2403 1707047058273
2404 1707047058335
2405 1707047058395
2406 1707047058458
2407 1707047058514
2408 1707047058573
2409 1707047058638
2410 1707047058695
2411 1707047058755
2412 1707047058819
2413 1707047058880
2414 1707047058939
2415 1707047058998
2416 1707047059060
2417 1707047059120
2418 1707047059179
2419 1707047059238
2420 1707047059302
2421 1707047059364
2422 1707047059424
2423 1707047059483
2424 1707047059543
2425 1707047059603
2426 1707047059663
2427 1707047059723
2428 1707047059783
2429 1707047059848
2430 1707047059907
2431 1707047059965
2432 1707047060027
2433 1707047060087
2434 1707047060147
2435 1707047060205
2436 1707047060268
2437 1707047060328
2438 1707047060391
2439 1707047060451
2440 1707047060511
2441 1707047060572
2442 1707047060629
2443 1707047060692
2444 1707047060751
2445 1707047060811
2446 1707047060875
2447 1707047060935
2448 1707047060995
2449 1707047061054
2450 1707047061115
2451 1707047061175
2452 1707047061234
2453 1707047061293
2454 1707047061353
2455 1707047061419
2456 1707047061479
2457 1707047061538
2458 1707047061598
2459 1707047061658
2460 1707047061718
2461 1707047061779
2462 1707047061838
2463 1707047061902
2464 1707047061963
2465 1707047062025
2466 1707047062082
2467 1707047062141
2468 1707047062201
2469 1707047062263
2470 1707047062324
2471 1707047062381
2472 1707047062447
2473 1707047062508
2474 1707047062567
2475 1707047062627
2476 1707047062687
2477 1707047062747
2478 1707047062807
2479 1707047062865
2480 1707047062926
2481 1707047062991
2482 1707047063052
2483 1707047063111
2484 1707047063171
2485 1707047063231
2486 1707047063291
2487 1707047063349
2488 1707047063409
2489 1707047063475
2490 1707047063535
2491 1707047063593
2492 1707047063653
2493 1707047063715
2494 1707047063775
2495 1707047063835
2496 1707047063895
2497 1707047063954
2498 1707047064018
2499 1707047064078
2500 1707047064140
2501 1707047064197
2502 1707047064257
2503 1707047064318
2504 1707047064378
2505 1707047064439
2506 1707047064502
2507 1707047064563
2508 1707047064622
2509 1707047064681
2510 1707047064742
2511 1707047064803
2512 1707047064864
2513 1707047064923
2514 1707047064981
2515 1707047065045
2516 1707047065108
2517 1707047065167
2518 1707047065226
2519 1707047065285
2520 1707047065346
2521 1707047065407
2522 1707047065466
2523 1707047065527
2524 1707047065591
2525 1707047065651
2526 1707047065710
2527 1707047065770
2528 1707047065831
2529 1707047065891
2530 1707047065949
2531 1707047066009
2532 1707047066075
2533 1707047066136
2534 1707047066196
2535 1707047066253
2536 1707047066313
2537 1707047066376
2538 1707047066436
2539 1707047066495
2540 1707047066555
2541 1707047066619
2542 1707047066680
2543 1707047066739
2544 1707047066796
2545 1707047066859
2546 1707047066919
2547 1707047066979
2548 1707047067037
2549 1707047067103
2550 1707047067164
2551 1707047067224
2552 1707047067283
2553 1707047067341
2554 1707047067403
2555 1707047067464
2556 1707047067522
2557 1707047067581
2558 1707047067648
2559 1707047067707
2560 1707047067767
2561 1707047067826
2562 1707047067886
2563 1707047067947
2564 1707047068007
2565 1707047068067
2566 1707047068125
2567 1707047068189
2568 1707047068249
2569 1707047068311
2570 1707047068371
2571 1707047068430
2572 1707047068490
2573 1707047068549
2574 1707047068612
2575 1707047068674
2576 1707047068732
2577 1707047068792
2578 1707047068852
2579 1707047068915
2580 1707047068974
2581 1707047069033
2582 1707047069094
2583 1707047069156
2584 1707047069219
2585 1707047069280
2586 1707047069340
2587 1707047069399
2588 1707047069459
2589 1707047069518
2590 1707047069578
2591 1707047069639
2592 1707047069703
2593 1707047069763
2594 1707047069824
2595 1707047069883
2596 1707047069943
2597 1707047070003
2598 1707047070063
2599 1707047070123
2600 1707047070183
2601 1707047070247
2602 1707047070307
2603 1707047070367
2604 1707047070427
2605 1707047070487
2606 1707047070547
2607 1707047070607
2608 1707047070667
2609 1707047070725
2610 1707047070789
2611 1707047070852
2612 1707047070911
2613 1707047070970
2614 1707047071031
2615 1707047071091
2616 1707047071151
2617 1707047071210
2618 1707047071275
2619 1707047071335
2620 1707047071394
2621 1707047071454
2622 1707047071515
2623 1707047071574
2624 1707047071634
2625 1707047071693
2626 1707047071753
2627 1707047071818
2628 1707047071879
2629 1707047071939
2630 1707047072000
2631 1707047072059
2632 1707047072119
2633 1707047072179
2634 1707047072239
2635 1707047072304
2636 1707047072364
2637 1707047072421
2638 1707047072483
2639 1707047072543
2640 1707047072603
2641 1707047072663
2642 1707047072723
2643 1707047072783
2644 1707047072845
2645 1707047072906
2646 1707047072967
2647 1707047073027
2648 1707047073088
2649 1707047073147
2650 1707047073207
2651 1707047073267
2652 1707047073328
2653 1707047073392
2654 1707047073451
2655 1707047073511
2656 1707047073571
2657 1707047073631
2658 1707047073693
2659 1707047073751
2660 1707047073811
2661 1707047073875
2662 1707047073935
2663 1707047073995
2664 1707047074055
2665 1707047074114
2666 1707047074175
2667 1707047074236
2668 1707047074296
2669 1707047074355
2670 1707047074419
2671 1707047074480
2672 1707047074539
2673 1707047074599
2674 1707047074659
2675 1707047074719
2676 1707047074779
2677 1707047074839
2678 1707047074899
2679 1707047074963
2680 1707047075024
2681 1707047075082
2682 1707047075144
2683 1707047075204
2684 1707047075261
2685 1707047075321
2686 1707047075384
2687 1707047075448
2688 1707047075507
2689 1707047075567
2690 1707047075628
2691 1707047075687
2692 1707047075747
2693 1707047075807
2694 1707047075867
2695 1707047075928
2696 1707047075992
2697 1707047076051
2698 1707047076111
2699 1707047076172
2700 1707047076231
2701 1707047076290
2702 1707047076351
2703 1707047076411
2704 1707047076475
2705 1707047076535
2706 1707047076594
2707 1707047076654
2708 1707047076713
2709 1707047076773
2710 1707047076836
2711 1707047076895
2712 1707047076953
2713 1707047077019
2714 1707047077077
2715 1707047077140
2716 1707047077200
2717 1707047077257
2718 1707047077318
2719 1707047077380
2720 1707047077439
2721 1707047077497
2722 1707047077562
2723 1707047077624
2724 1707047077683
2725 1707047077741
2726 1707047077804
2727 1707047077863
2728 1707047077923
2729 1707047077982
2730 1707047078048
2731 1707047078107
2732 1707047078167
2733 1707047078228
2734 1707047078287
2735 1707047078347
2736 1707047078407
2737 1707047078468
2738 1707047078528
2739 1707047078591
2740 1707047078651
2741 1707047078711
2742 1707047078769
2743 1707047078831
2744 1707047078891
2745 1707047078952
2746 1707047079009
2747 1707047079075
2748 1707047079136
2749 1707047079195
2750 1707047079255
2751 1707047079316
2752 1707047079377
2753 1707047079433
2754 1707047079493
2755 1707047079556
2756 1707047079620
2757 1707047079679
2758 1707047079739
2759 1707047079799
2760 1707047079859
2761 1707047079917
2762 1707047079979
2763 1707047080038
2764 1707047080098
2765 1707047080161
2766 1707047080221
2767 1707047080280
2768 1707047080343
2769 1707047080403
2770 1707047080463
2771 1707047080524
2772 1707047080583
2773 1707047080645
2774 1707047080708
2775 1707047080767
2776 1707047080828
2777 1707047080886
2778 1707047080946
2779 1707047081007
2780 1707047081067
2781 1707047081125
2782 1707047081191
2783 1707047081251
2784 1707047081311
2785 1707047081370
2786 1707047081430
2787 1707047081491
2788 1707047081550
2789 1707047081610
2790 1707047081675
2791 1707047081736
2792 1707047081795
2793 1707047081855
2794 1707047081913
2795 1707047081975
2796 1707047082035
2797 1707047082095
2798 1707047082155
2799 1707047082219
2800 1707047082279
2801 1707047082337
2802 1707047082398
2803 1707047082459
2804 1707047082519
2805 1707047082579
2806 1707047082639
2807 1707047082699
2808 1707047082763
2809 1707047082823
2810 1707047082881
2811 1707047082943
2812 1707047083004
2813 1707047083061
2814 1707047083122
2815 1707047083183
2816 1707047083246
2817 1707047083307
2818 1707047083367
2819 1707047083427
2820 1707047083486
2821 1707047083548
2822 1707047083607
2823 1707047083666
2824 1707047083728
2825 1707047083791
2826 1707047083850
2827 1707047083911
2828 1707047083971
2829 1707047084031
2830 1707047084089
2831 1707047084151
2832 1707047084210
2833 1707047084275
2834 1707047084334
2835 1707047084393
2836 1707047084455
2837 1707047084518
2838 1707047084574
2839 1707047084635
2840 1707047084695
2841 1707047084755
2842 1707047084819
2843 1707047084877
2844 1707047084939
2845 1707047085000
2846 1707047085061
2847 1707047085117
2848 1707047085179
2849 1707047085239
2850 1707047085300
2851 1707047085363
2852 1707047085423
2853 1707047085483
2854 1707047085543
2855 1707047085604
2856 1707047085663
2857 1707047085723
2858 1707047085783
2859 1707047085845
2860 1707047085908
2861 1707047085967
2862 1707047086028
2863 1707047086085
2864 1707047086148
2865 1707047086208
2866 1707047086266
2867 1707047086326
2868 1707047086391
2869 1707047086451
2870 1707047086511
2871 1707047086572
2872 1707047086631
2873 1707047086691
2874 1707047086751
2875 1707047086809
2876 1707047086876
2877 1707047086935
2878 1707047086995
2879 1707047087053
2880 1707047087115
2881 1707047087175
2882 1707047087234
2883 1707047087294
2884 1707047087356
2885 1707047087419
2886 1707047087478
2887 1707047087538
2888 1707047087598
2889 1707047087659
2890 1707047087719
2891 1707047087779
2892 1707047087839
2893 1707047087899
2894 1707047087962
2895 1707047088022
2896 1707047088081
2897 1707047088141
2898 1707047088203
2899 1707047088263
2900 1707047088323
2901 1707047088382
2902 1707047088447
2903 1707047088507
2904 1707047088565
2905 1707047088628
2906 1707047088687
2907 1707047088746
2908 1707047088808
2909 1707047088867
2910 1707047088927
2911 1707047088989
2912 1707047089052
2913 1707047089112
2914 1707047089169
2915 1707047089231
2916 1707047089291
2917 1707047089350
2918 1707047089410
2919 1707047089473
2920 1707047089534
2921 1707047089595
2922 1707047089655
2923 1707047089715
2924 1707047089774
2925 1707047089835
2926 1707047089895
2927 1707047089955
2928 1707047090018
2929 1707047090080
2930 1707047090138
2931 1707047090199
2932 1707047090259
2933 1707047090319
2934 1707047090378
2935 1707047090438
2936 1707047090500
2937 1707047090564
2938 1707047090621
2939 1707047090681
2940 1707047090744
2941 1707047090802
2942 1707047090861
2943 1707047090922
2944 1707047090983
2945 1707047091046
2946 1707047091106
2947 1707047091164
2948 1707047091225
2949 1707047091287
2950 1707047091345
2951 1707047091407
2952 1707047091465
2953 1707047091528
2954 1707047091592
2955 1707047091650
2956 1707047091710
2957 1707047091770
2958 1707047091831
2959 1707047091891
2960 1707047091951
2961 1707047092011
2962 1707047092075
2963 1707047092135
2964 1707047092195
2965 1707047092255
2966 1707047092316
2967 1707047092375
2968 1707047092436
2969 1707047092495
2970 1707047092555
2971 1707047092619
2972 1707047092679
2973 1707047092739
2974 1707047092799
2975 1707047092860
2976 1707047092919
2977 1707047092979
2978 1707047093040
2979 1707047093098
2980 1707047093164
2981 1707047093224
2982 1707047093283
2983 1707047093343
2984 1707047093403
2985 1707047093463
2986 1707047093523
2987 1707047093583
2988 1707047093647
2989 1707047093707
2990 1707047093767
2991 1707047093825
2992 1707047093887
2993 1707047093948
2994 1707047094005
2995 1707047094065
2996 1707047094127
2997 1707047094191
2998 1707047094252
2999 1707047094309
3000 1707047094371
3001 1707047094431
3002 1707047094491
3003 1707047094552
3004 1707047094611
3005 1707047094671
3006 1707047094736
3007 1707047094793
3008 1707047094855
3009 1707047094916
3010 1707047094976
3011 1707047095035
3012 1707047095094
3013 1707047095154
3014 1707047095219
3015 1707047095278
3016 1707047095339
3017 1707047095400
3018 1707047095460
3019 1707047095519
3020 1707047095578
3021 1707047095640
3022 1707047095700
3023 1707047095764
3024 1707047095824
3025 1707047095884
3026 1707047095943
3027 1707047096004
3028 1707047096064
3029 1707047096123
3030 1707047096184
3031 1707047096246
3032 1707047096306
3033 1707047096368
3034 1707047096428
3035 1707047096485
3036 1707047096546
3037 1707047096607
3038 1707047096667
3039 1707047096726
3040 1707047096791
3041 1707047096851
3042 1707047096912
3043 1707047096969
3044 1707047097028
3045 1707047097091
3046 1707047097152
3047 1707047097211
3048 1707047097269
3049 1707047097334
3050 1707047097395
3051 1707047097455
3052 1707047097517
3053 1707047097573
3054 1707047097635
3055 1707047097695
3056 1707047097756
3057 1707047097820
3058 1707047097879
3059 1707047097939
3060 1707047097999
3061 1707047098058
3062 1707047098119
3063 1707047098179
3064 1707047098239
3065 1707047098299
3066 1707047098363
3067 1707047098423
3068 1707047098486
3069 1707047098546
3070 1707047098602
3071 1707047098663
3072 1707047098725
3073 1707047098783
3074 1707047098847
3075 1707047098908
3076 1707047098967
3077 1707047099027
3078 1707047099088
3079 1707047099148
3080 1707047099208
3081 1707047099267
3082 1707047099327
3083 1707047099392
3084 1707047099449
3085 1707047099508
3086 1707047099569
3087 1707047099629
3088 1707047099689
3089 1707047099752
3090 1707047099812
3091 1707047099871
3092 1707047099936
3093 1707047099996
3094 1707047100056
3095 1707047100115
3096 1707047100175
3097 1707047100233
3098 1707047100293
3099 1707047100356
3100 1707047100420
3101 1707047100479
3102 1707047100539
3103 1707047100599
3104 1707047100659
3105 1707047100719
3106 1707047100778
3107 1707047100840
3108 1707047100900
3109 1707047100963
3110 1707047101024
3111 1707047101083
3112 1707047101144
3113 1707047101204
3114 1707047101264
3115 1707047101321
3116 1707047101382
3117 1707047101448
3118 1707047101507
3119 1707047101567
3120 1707047101627
3121 1707047101686
3122 1707047101747
3123 1707047101807
3124 1707047101868
3125 1707047101928
3126 1707047101992
3127 1707047102052
3128 1707047102111
3129 1707047102171
3130 1707047102231
3131 1707047102292
3132 1707047102351
3133 1707047102411
3134 1707047102472
3135 1707047102536
3136 1707047102595
3137 1707047102654
3138 1707047102714
3139 1707047102774
3140 1707047102835
3141 1707047102896
3142 1707047102956
3143 1707047103020
3144 1707047103080
3145 1707047103139
3146 1707047103199
3147 1707047103259
3148 1707047103319
3149 1707047103377
3150 1707047103437
3151 1707047103500
3152 1707047103563
3153 1707047103623
3154 1707047103684
3155 1707047103744
3156 1707047103804
3157 1707047103863
3158 1707047103924
3159 1707047103984
3160 1707047104048
3161 1707047104108
3162 1707047104167
3163 1707047104228
3164 1707047104287
3165 1707047104347
3166 1707047104407
3167 1707047104467
3168 1707047104527
3169 1707047104591
3170 1707047104651
3171 1707047104712
3172 1707047104771
3173 1707047104829
3174 1707047104892
3175 1707047104951
3176 1707047105011
3177 1707047105071
3178 1707047105135
3179 1707047105195
3180 1707047105254
3181 1707047105314
3182 1707047105375
3183 1707047105435
3184 1707047105495
3185 1707047105554
3186 1707047105619
3187 1707047105680
3188 1707047105740
3189 1707047105798
3190 1707047105859
3191 1707047105920
3192 1707047105979
3193 1707047106039
3194 1707047106099
3195 1707047106163
3196 1707047106223
3197 1707047106282
3198 1707047106343
3199 1707047106404
3200 1707047106464
3201 1707047106523
3202 1707047106583
3203 1707047106647
3204 1707047106706
3205 1707047106765
3206 1707047106828
3207 1707047106887
3208 1707047106948
3209 1707047107007
3210 1707047107067
3211 1707047107128
3212 1707047107191
3213 1707047107252
3214 1707047107311
3215 1707047107372
3216 1707047107431
3217 1707047107489
3218 1707047107549
3219 1707047107613
3220 1707047107671
3221 1707047107735
3222 1707047107796
3223 1707047107855
3224 1707047107915
3225 1707047107976
3226 1707047108035
3227 1707047108095
3228 1707047108155
3229 1707047108218
3230 1707047108278
3231 1707047108338
3232 1707047108400
3233 1707047108460
3234 1707047108520
3235 1707047108580
3236 1707047108640
3237 1707047108697
3238 1707047108764
3239 1707047108824
3240 1707047108884
3241 1707047108944
3242 1707047109003
3243 1707047109063
3244 1707047109123
3245 1707047109182
3246 1707047109246
3247 1707047109307
3248 1707047109367
3249 1707047109427
3250 1707047109487
3251 1707047109545
3252 1707047109605
3253 1707047109668
3254 1707047109728
3255 1707047109791
3256 1707047109850
3257 1707047109909
3258 1707047109972
3259 1707047110031
3260 1707047110092
3261 1707047110150
3262 1707047110212
3263 1707047110271
3264 1707047110333
3265 1707047110394
3266 1707047110456
3267 1707047110513
3268 1707047110574
3269 1707047110634
3270 1707047110693
3271 1707047110756
3272 1707047110817
3273 1707047110880
3274 1707047110938
3275 1707047111000
3276 1707047111057
3277 1707047111118
3278 1707047111180
3279 1707047111239
3280 1707047111297
3281 1707047111361
3282 1707047111424
3283 1707047111481
3284 1707047111543
3285 1707047111601
3286 1707047111664
3287 1707047111722
3288 1707047111781
3289 1707047111846
3290 1707047111908
3291 1707047111966
3292 1707047112027
3293 1707047112085
3294 1707047112145
3295 1707047112208
3296 1707047112268
3297 1707047112326
3298 1707047112389
3299 1707047112452
3300 1707047112512
3301 1707047112571
3302 1707047112632
3303 1707047112689
3304 1707047112751
3305 1707047112812
3306 1707047112873
3307 1707047112936
3308 1707047112995
3309 1707047113055
3310 1707047113116
3311 1707047113175
3312 1707047113235
3313 1707047113295
3314 1707047113355
3315 1707047113418
3316 1707047113479
3317 1707047113540
3318 1707047113597
3319 1707047113659
3320 1707047113719
3321 1707047113779
3322 1707047113839
3323 1707047113898
3324 1707047113964
3325 1707047114024
3326 1707047114082
3327 1707047114142
3328 1707047114204
3329 1707047114263
3330 1707047114323
3331 1707047114384
3332 1707047114443
3333 1707047114508
3334 1707047114567
3335 1707047114628
3336 1707047114688
3337 1707047114748
3338 1707047114807
3339 1707047114865
3340 1707047114928
3341 1707047114991
3342 1707047115052
3343 1707047115112
3344 1707047115172
3345 1707047115232
3346 1707047115292
3347 1707047115349
3348 1707047115410
3349 1707047115471
3350 1707047115536
3351 1707047115594
3352 1707047115653
3353 1707047115714
3354 1707047115775
3355 1707047115836
3356 1707047115894
3357 1707047115956
3358 1707047116018
3359 1707047116079
3360 1707047116139
3361 1707047116199
3362 1707047116258
3363 1707047116318
3364 1707047116380
3365 1707047116439
3366 1707047116499
3367 1707047116561
3368 1707047116624
3369 1707047116683
3370 1707047116744
3371 1707047116803
3372 1707047116863
3373 1707047116924
3374 1707047116983
3375 1707047117043
3376 1707047117107
3377 1707047117168
3378 1707047117227
3379 1707047117287
3380 1707047117348
3381 1707047117408
3382 1707047117467
3383 1707047117528
3384 1707047117592
3385 1707047117652
3386 1707047117712
3387 1707047117772
3388 1707047117832
3389 1707047117892
3390 1707047117953
3391 1707047118011
3392 1707047118072
3393 1707047118135
3394 1707047118195
3395 1707047118256
3396 1707047118316
3397 1707047118376
3398 1707047118436
3399 1707047118495
3400 1707047118556
3401 1707047118619
3402 1707047118680
3403 1707047118739
3404 1707047118799
3405 1707047118860
3406 1707047118919
3407 1707047118980
3408 1707047119039
3409 1707047119100
3410 1707047119164
3411 1707047119224
3412 1707047119285
3413 1707047119343
3414 1707047119404
3415 1707047119464
3416 1707047119523
3417 1707047119583
3418 1707047119644
3419 1707047119705
3420 1707047119765
3421 1707047119828
3422 1707047119889
3423 1707047119948
3424 1707047120008
3425 1707047120068
3426 1707047120127
3427 1707047120190
3428 1707047120250
3429 1707047120311
3430 1707047120371
3431 1707047120431
3432 1707047120491
3433 1707047120552
3434 1707047120611
3435 1707047120670
3436 1707047120735
3437 1707047120796
3438 1707047120856
3439 1707047120915
3440 1707047120976
3441 1707047121036
3442 1707047121095
3443 1707047121156
3444 1707047121219
3445 1707047121280
3446 1707047121340
3447 1707047121400
3448 1707047121460
3449 1707047121519
3450 1707047121579
3451 1707047121638
3452 1707047121698
3453 1707047121762
3454 1707047121822
3455 1707047121882
3456 1707047121943
3457 1707047122003
3458 1707047122063
3459 1707047122123
3460 1707047122184
3461 1707047122243
3462 1707047122307
3463 1707047122367
3464 1707047122428
3465 1707047122487
3466 1707047122547
3467 1707047122607
3468 1707047122667
3469 1707047122728
3470 1707047122789
3471 1707047122850
3472 1707047122912
3473 1707047122972
3474 1707047123031
3475 1707047123089
3476 1707047123149
3477 1707047123212
3478 1707047123273
3479 1707047123335
3480 1707047123394
3481 1707047123455
3482 1707047123515
3483 1707047123575
3484 1707047123636
3485 1707047123695
3486 1707047123756
3487 1707047123820
3488 1707047123880
3489 1707047123942
3490 1707047123999
3491 1707047124057
3492 1707047124119
3493 1707047124180
3494 1707047124239
3495 1707047124298
3496 1707047124364
3497 1707047124424
3498 1707047124484
3499 1707047124542
3500 1707047124602
3501 1707047124663
3502 1707047124722
3503 1707047124782
3504 1707047124843
3505 1707047124907
3506 1707047124967
3507 1707047125027
3508 1707047125087
3509 1707047125147
3510 1707047125207
3511 1707047125267
3512 1707047125327
3513 1707047125391
3514 1707047125451
3515 1707047125511
3516 1707047125571
3517 1707047125631
3518 1707047125691
3519 1707047125751
3520 1707047125810
3521 1707047125869
3522 1707047125936
3523 1707047125995
3524 1707047126055
3525 1707047126115
3526 1707047126176
3527 1707047126234
3528 1707047126295
3529 1707047126355
3530 1707047126420
3531 1707047126479
3532 1707047126540
3533 1707047126600
3534 1707047126660
3535 1707047126719
3536 1707047126780
3537 1707047126839
3538 1707047126900
3539 1707047126963
3540 1707047127024
3541 1707047127085
3542 1707047127143
3543 1707047127203
3544 1707047127261
3545 1707047127322
3546 1707047127384
3547 1707047127444
3548 1707047127505
3549 1707047127568
3550 1707047127627
3551 1707047127688
3552 1707047127746
3553 1707047127805
3554 1707047127866
3555 1707047127928
3556 1707047127992
3557 1707047128052
3558 1707047128111
3559 1707047128171
3560 1707047128232
3561 1707047128291
3562 1707047128352
3563 1707047128412
3564 1707047128472
3565 1707047128535
3566 1707047128596
3567 1707047128654
3568 1707047128715
3569 1707047128774
3570 1707047128835
3571 1707047128895
3572 1707047128954
3573 1707047129020
3574 1707047129080
3575 1707047129139
3576 1707047129198
3577 1707047129258
3578 1707047129318
3579 1707047129380
3580 1707047129439
3581 1707047129498
3582 1707047129565
3583 1707047129624
3584 1707047129683
3585 1707047129743
3586 1707047129801
3587 1707047129862
3588 1707047129924
3589 1707047129984
3590 1707047130044
3591 1707047130108
3592 1707047130168
3593 1707047130227
3594 1707047130287
3595 1707047130349
3596 1707047130407
3597 1707047130467
3598 1707047130528
3599 1707047130592
3600 1707047130653
3601 1707047130711
3602 1707047130772
3603 1707047130831
3604 1707047130891
3605 1707047130953
3606 1707047131011
3607 1707047131072
3608 1707047131136
3609 1707047131196
3610 1707047131255
3611 1707047131316
3612 1707047131375
3613 1707047131434
3614 1707047131495
3615 1707047131556
3616 1707047131619
3617 1707047131680
3618 1707047131740
3619 1707047131799
3620 1707047131857
3621 1707047131917
3622 1707047131980
3623 1707047132040
3624 1707047132100
3625 1707047132163
3626 1707047132223
3627 1707047132283
3628 1707047132344
3629 1707047132403
3630 1707047132463
3631 1707047132523
3632 1707047132584
3633 1707047132641
3634 1707047132708
3635 1707047132767
3636 1707047132827
3637 1707047132885
3638 1707047132948
3639 1707047133007
3640 1707047133067
3641 1707047133127
3642 1707047133192
3643 1707047133251
3644 1707047133311
3645 1707047133371
3646 1707047133432
3647 1707047133492
3648 1707047133552
3649 1707047133609
3650 1707047133672
3651 1707047133736
3652 1707047133796
3653 1707047133855
3654 1707047133915
3655 1707047133974
3656 1707047134034
3657 1707047134095
3658 1707047134155
3659 1707047134219
3660 1707047134279
3661 1707047134340
3662 1707047134400
3663 1707047134460
3664 1707047134520
3665 1707047134579
3666 1707047134639
3667 1707047134699
3668 1707047134763
3669 1707047134824
3670 1707047134883
3671 1707047134944
3672 1707047135004
3673 1707047135064
3674 1707047135123
3675 1707047135184
3676 1707047135243
3677 1707047135307
3678 1707047135368
3679 1707047135428
3680 1707047135487
3681 1707047135547
3682 1707047135607
3683 1707047135667
3684 1707047135728
3685 1707047135789
3686 1707047135851
3687 1707047135912
3688 1707047135972
3689 1707047136031
3690 1707047136092
3691 1707047136152
3692 1707047136210
3693 1707047136269
3694 1707047136336
3695 1707047136396
3696 1707047136454
3697 1707047136514
3698 1707047136576
3699 1707047136635
3700 1707047136694
3701 1707047136753
3702 1707047136814
3703 1707047136880
3704 1707047136940
3705 1707047136997
3706 1707047137058
3707 1707047137121
3708 1707047137179
3709 1707047137239
3710 1707047137299
3711 1707047137364
3712 1707047137424
3713 1707047137482
3714 1707047137543
3715 1707047137605
3716 1707047137663
3717 1707047137722
3718 1707047137783
3719 1707047137843
3720 1707047137907
3721 1707047137968
3722 1707047138027
3723 1707047138086
3724 1707047138146
3725 1707047138206
3726 1707047138267
3727 1707047138328
3728 1707047138392
3729 1707047138450
3730 1707047138510
3731 1707047138572
3732 1707047138631
3733 1707047138692
3734 1707047138752
3735 1707047138812
3736 1707047138872
3737 1707047138936
3738 1707047138996
3739 1707047139055
3740 1707047139116
3741 1707047139174
3742 1707047139234
3743 1707047139295
3744 1707047139355
3745 1707047139419
3746 1707047139479
3747 1707047139539
3748 1707047139599
3749 1707047139659
3750 1707047139719
3751 1707047139780
3752 1707047139840
3753 1707047139900
3754 1707047139963
3755 1707047140023
3756 1707047140083
3757 1707047140141
3758 1707047140204
3759 1707047140263
3760 1707047140324
3761 1707047140384
3762 1707047140444
3763 1707047140508
3764 1707047140568
3765 1707047140628
3766 1707047140688
3767 1707047140748
3768 1707047140807
3769 1707047140866
3770 1707047140928
3771 1707047140992
3772 1707047141051
3773 1707047141112
3774 1707047141173
3775 1707047141232
3776 1707047141291
3777 1707047141352
3778 1707047141411
3779 1707047141471
3780 1707047141536
3781 1707047141593
3782 1707047141655
3783 1707047141717
3784 1707047141775
3785 1707047141835
3786 1707047141896
3787 1707047141956
3788 1707047142016
3789 1707047142079
3790 1707047142140
3791 1707047142200
3792 1707047142259
3793 1707047142320
3794 1707047142378
3795 1707047142437
3796 1707047142500
3797 1707047142565
3798 1707047142621
3799 1707047142684
3800 1707047142744
3801 1707047142804
3802 1707047142863
3803 1707047142921
3804 1707047142982
3805 1707047143044
3806 1707047143109
3807 1707047143166
3808 1707047143227
3809 1707047143287
3810 1707047143348
3811 1707047143406
3812 1707047143468
3813 1707047143532
3814 1707047143591
3815 1707047143652
3816 1707047143712
3817 1707047143772
3818 1707047143832
3819 1707047143890
3820 1707047143951
3821 1707047144012
3822 1707047144072
3823 1707047144136
3824 1707047144194
3825 1707047144256
3826 1707047144315
3827 1707047144375
3828 1707047144435
3829 1707047144495
3830 1707047144556
3831 1707047144615
3832 1707047144679
3833 1707047144740
3834 1707047144799
3835 1707047144860
3836 1707047144919
3837 1707047144980
3838 1707047145040
3839 1707047145099
3840 1707047145165
3841 1707047145224
3842 1707047145284
3843 1707047145344
3844 1707047145404
3845 1707047145464
3846 1707047145523
3847 1707047145584
3848 1707047145644
3849 1707047145708
3850 1707047145768
3851 1707047145828
3852 1707047145888
3853 1707047145948
3854 1707047146008
3855 1707047146068
3856 1707047146128
3857 1707047146192
3858 1707047146249
3859 1707047146309
3860 1707047146373
3861 1707047146432
3862 1707047146492
3863 1707047146551
3864 1707047146612
3865 1707047146672
3866 1707047146735
3867 1707047146794
3868 1707047146854
3869 1707047146916
3870 1707047146975
3871 1707047147035
3872 1707047147095
3873 1707047147155
3874 1707047147216
3875 1707047147278
3876 1707047147339
3877 1707047147400
3878 1707047147460
3879 1707047147519
3880 1707047147578
3881 1707047147639
3882 1707047147699
3883 1707047147763
3884 1707047147823
3885 1707047147882
3886 1707047147942
3887 1707047148004
3888 1707047148064
3889 1707047148122
3890 1707047148183
3891 1707047148242
3892 1707047148308
3893 1707047148368
3894 1707047148427
3895 1707047148486
3896 1707047148547
3897 1707047148608
3898 1707047148668
3899 1707047148728
3900 1707047148792
3901 1707047148852
3902 1707047148912
3903 1707047148970
3904 1707047149030
3905 1707047149092
3906 1707047149153
3907 1707047149211
3908 1707047149271
3909 1707047149335
3910 1707047149395
3911 1707047149456
3912 1707047149516
3913 1707047149576
3914 1707047149634
3915 1707047149695
3916 1707047149756
3917 1707047149820
3918 1707047149879
3919 1707047149941
3920 1707047149998
3921 1707047150058
3922 1707047150118
3923 1707047150179
3924 1707047150240
3925 1707047150300
3926 1707047150362
3927 1707047150422
3928 1707047150484
3929 1707047150543
3930 1707047150604
3931 1707047150664
3932 1707047150724
3933 1707047150784
3934 1707047150844
3935 1707047150907
3936 1707047150968
3937 1707047151028
3938 1707047151088
3939 1707047151148
3940 1707047151208
3941 1707047151269
3942 1707047151328
3943 1707047151386
3944 1707047151452
3945 1707047151512
3946 1707047151572
3947 1707047151630
3948 1707047151691
3949 1707047151751
3950 1707047151811
3951 1707047151871
3952 1707047151935
3953 1707047151996
3954 1707047152055
3955 1707047152115
3956 1707047152175
3957 1707047152237
3958 1707047152295
3959 1707047152355
3960 1707047152415
3961 1707047152480
3962 1707047152540
3963 1707047152600
3964 1707047152659
3965 1707047152720
3966 1707047152780
3967 1707047152840
3968 1707047152899
3969 1707047152964
3970 1707047153024
3971 1707047153084
3972 1707047153143
3973 1707047153204
3974 1707047153264
3975 1707047153324
3976 1707047153384
3977 1707047153444
3978 1707047153508
3979 1707047153567
3980 1707047153627
3981 1707047153688
3982 1707047153748
3983 1707047153807
3984 1707047153868
3985 1707047153928
3986 1707047153988
3987 1707047154052
3988 1707047154109
3989 1707047154169
3990 1707047154230
3991 1707047154293
3992 1707047154352
3993 1707047154411
3994 1707047154470
3995 1707047154534
3996 1707047154596
3997 1707047154656
3998 1707047154716
3999 1707047154776
4000 1707047154836
4001 1707047154896
4002 1707047154956
4003 1707047155016
4004 1707047155080
4005 1707047155140
4006 1707047155199
4007 1707047155259
4008 1707047155319
4009 1707047155380
4010 1707047155439
4011 1707047155500
4012 1707047155564
4013 1707047155624
4014 1707047155683
4015 1707047155744
4016 1707047155803
4017 1707047155864
4018 1707047155924
4019 1707047155982
4020 1707047156042
4021 1707047156109
4022 1707047156168
4023 1707047156225
4024 1707047156287
4025 1707047156348
4026 1707047156408
4027 1707047156465
4028 1707047156527
4029 1707047156588
4030 1707047156651
4031 1707047156712
4032 1707047156772
4033 1707047156832
4034 1707047156892
4035 1707047156952
4036 1707047157011
4037 1707047157070
4038 1707047157134
4039 1707047157194
4040 1707047157255
4041 1707047157315
4042 1707047157375
4043 1707047157433
4044 1707047157493
4045 1707047157556
4046 1707047157616
4047 1707047157677
4048 1707047157737
4049 1707047157799
4050 1707047157859
4051 1707047157918
4052 1707047157977
4053 1707047158040
4054 1707047158098
4055 1707047158163
4056 1707047158224
4057 1707047158282
4058 1707047158342
4059 1707047158402
4060 1707047158463
4061 1707047158521
4062 1707047158583
4063 1707047158644
4064 1707047158707
4065 1707047158766
4066 1707047158828
4067 1707047158888
4068 1707047158948
4069 1707047159006
4070 1707047159067
4071 1707047159128
4072 1707047159189
4073 1707047159250
4074 1707047159310
4075 1707047159372
4076 1707047159432
4077 1707047159490
4078 1707047159550
4079 1707047159612
4080 1707047159672
4081 1707047159736
4082 1707047159796
4083 1707047159856
4084 1707047159916
4085 1707047159975
4086 1707047160035
4087 1707047160096
4088 1707047160156
4089 1707047160214
4090 1707047160278
4091 1707047160339
4092 1707047160399
4093 1707047160460
4094 1707047160520
4095 1707047160580
4096 1707047160640
4097 1707047160700
4098 1707047160765
4099 1707047160825
4100 1707047160885
4101 1707047160943
4102 1707047161005
4103 1707047161065
4104 1707047161123
4105 1707047161182
4106 1707047161244
4107 1707047161308
4108 1707047161370
4109 1707047161428
4110 1707047161486
4111 1707047161548
4112 1707047161607
4113 1707047161668
4114 1707047161728
4115 1707047161787
4116 1707047161851
4117 1707047161911
4118 1707047161971
4119 1707047162032
4120 1707047162092
4121 1707047162151
4122 1707047162213
4123 1707047162271
4124 1707047162336
4125 1707047162396
4126 1707047162456
4127 1707047162517
4128 1707047162573
4129 1707047162636
4130 1707047162696
4131 1707047162756
4132 1707047162817
4133 1707047162880
4134 1707047162940
4135 1707047163000
4136 1707047163060
4137 1707047163119
4138 1707047163180
4139 1707047163240
4140 1707047163299
4141 1707047163364
4142 1707047163424
4143 1707047163484
4144 1707047163544
4145 1707047163603
4146 1707047163664
4147 1707047163724
4148 1707047163783
4149 1707047163844
4150 1707047163907
4151 1707047163968
4152 1707047164028
4153 1707047164086
4154 1707047164145
4155 1707047164208
4156 1707047164269
4157 1707047164325
4158 1707047164388
4159 1707047164451
4160 1707047164513
4161 1707047164569
4162 1707047164629
4163 1707047164693
4164 1707047164753
4165 1707047164811
4166 1707047164872
4167 1707047164936
4168 1707047164996
4169 1707047165056
4170 1707047165116
4171 1707047165176
4172 1707047165236
4173 1707047165296
4174 1707047165356
4175 1707047165416
4176 1707047165481
4177 1707047165538
4178 1707047165599
4179 1707047165660
4180 1707047165720
4181 1707047165780
4182 1707047165839
4183 1707047165900
4184 1707047165964
4185 1707047166024
4186 1707047166084
4187 1707047166144
4188 1707047166204
4189 1707047166265
4190 1707047166325
4191 1707047166383
4192 1707047166441
4193 1707047166508
4194 1707047166568
4195 1707047166626
4196 1707047166688
4197 1707047166748
4198 1707047166808
4199 1707047166869
4200 1707047166929
4201 1707047166988
4202 1707047167052
4203 1707047167113
4204 1707047167170
4205 1707047167231
4206 1707047167292
4207 1707047167352
4208 1707047167411
4209 1707047167471
4210 1707047167535
4211 1707047167596
4212 1707047167656
4213 1707047167717
4214 1707047167776
4215 1707047167836
4216 1707047167896
4217 1707047167955
4218 1707047168015
4219 1707047168080
4220 1707047168140
4221 1707047168198
4222 1707047168260
4223 1707047168319
4224 1707047168380
4225 1707047168439
4226 1707047168498
4227 1707047168563
4228 1707047168623
4229 1707047168684
4230 1707047168744
4231 1707047168804
4232 1707047168864
4233 1707047168924
4234 1707047168984
4235 1707047169044
4236 1707047169108
4237 1707047169168
4238 1707047169229
4239 1707047169288
4240 1707047169348
4241 1707047169408
4242 1707047169467
4243 1707047169528
4244 1707047169588
4245 1707047169650
4246 1707047169712
4247 1707047169772
4248 1707047169832
4249 1707047169891
4250 1707047169951
4251 1707047170012
4252 1707047170072
4253 1707047170133
4254 1707047170194
4255 1707047170256
4256 1707047170316
4257 1707047170375
4258 1707047170436
4259 1707047170496
4260 1707047170556
4261 1707047170616
4262 1707047170678
4263 1707047170738
4264 1707047170799
4265 1707047170860
4266 1707047170920
4267 1707047170980
4268 1707047171040
4269 1707047171099
4270 1707047171163
4271 1707047171224
4272 1707047171284
4273 1707047171342
4274 1707047171403
4275 1707047171464
4276 1707047171524
4277 1707047171584
4278 1707047171644
4279 1707047171708
4280 1707047171768
